#NUMBER OF AGES= 1
#----------------------------------------------------       
#MIX-LEN  Y      Z          Zeff        [Fe/H] [a/Fe]
# 1.9380  0.2488 2.3381E-03 1.7027E-03  -1.00   0.20 
#----------------------------------------------------       
#**PHOTOMETRIC SYSTEM**: SDSS (AB)                          
#----------------------------------------------------       
#AGE= 1.000 EEPS=278
#EEP   M/Mo    LogTeff  LogG   LogL/Lo sdss_u  sdss_g  sdss_r  sdss_i  sdss_z
   2  0.116337  3.5230  5.2900 -2.7409 17.6822 14.2798 12.6485 11.6759 11.1276
   3  0.129171  3.5257  5.2375 -2.6321 17.2862 13.9543 12.3379 11.3939 10.8571
   4  0.148070  3.5300  5.1781 -2.4964 16.7794 13.5374 11.9416 11.0385 10.5197
   5  0.180918  3.5401  5.1233 -2.3138 16.0185 12.9200 11.3639 10.5434 10.0666
   6  0.235493  3.5541  5.0679 -2.0880 15.1031 12.1573 10.6553  9.9313  9.5085
   7  0.289997  3.5637  5.0280 -1.9195 14.4709 11.6117 10.1482  9.4814  9.0932
   8  0.309707  3.5668  5.0106 -1.8611 14.2588 11.4263  9.9762  9.3268  8.9497
   9  0.318071  3.5681  5.0012 -1.8350 14.1667 11.3450  9.9007  9.2583  8.8857
  10  0.322963  3.5688  4.9944 -1.8187 14.1108 11.2954  9.8542  9.2158  8.8457
  11  0.326724  3.5693  4.9885 -1.8056 14.0666 11.2558  9.8171  9.1818  8.8135
  12  0.330479  3.5699  4.9827 -1.7925 14.0226 11.2163  9.7802  9.1479  8.7813
  13  0.335579  3.5707  4.9758 -1.7759 13.9655 11.1655  9.7328  9.1045  8.7407
  14  0.342196  3.5717  4.9674 -1.7550 13.8931 11.1010  9.6730  9.0499  8.6893
  15  0.358887  3.5746  4.9494 -1.7049 13.7127 10.9416  9.5263  8.9179  8.5669
  16  0.404899  3.5845  4.9011 -1.5645 13.1789 10.4763  9.1067  8.5455  8.2257
  17  0.421814  3.5888  4.8812 -1.5095 12.9626 10.2901  8.9425  8.3999  8.0923
  18  0.433574  3.5922  4.8669 -1.4697 12.8028 10.1531  8.8230  8.2946  7.9960
  19  0.446389  3.5961  4.8513 -1.4257 12.6237  9.9997  8.6905  8.1779  7.8897
  20  0.462929  3.6018  4.8313 -1.3673 12.3808  9.7925  8.5143  8.0233  7.7489
  21  0.480504  3.6085  4.8103 -1.3032 12.1112  9.5615  8.3219  7.8544  7.5950
  22  0.495347  3.6147  4.7937 -1.2486 11.8756  9.3596  8.1571  7.7105  7.4640
  23  0.506015  3.6195  4.7830 -1.2092 11.7025  9.2111  8.0381  7.6070  7.3702
  24  0.514039  3.6233  4.7755 -1.1796 11.5696  9.0972  7.9480  7.5291  7.2997
  25  0.520439  3.6266  4.7699 -1.1558 11.4629  9.0041  7.8748  7.4664  7.2435
  26  0.526269  3.6296  4.7650 -1.1340 11.3640  8.9179  7.8075  7.4091  7.1921
  27  0.532620  3.6330  4.7601 -1.1104 11.2544  8.8231  7.7343  7.3468  7.1366
  28  0.540837  3.6375  4.7546 -1.0803 11.1102  8.7001  7.6402  7.2674  7.0659
  29  0.552776  3.6442  4.7478 -1.0369 10.8942  8.5210  7.5047  7.1533  6.9646
  30  0.569560  3.6545  4.7405 -0.9756 10.5505  8.2583  7.3113  6.9906  6.8209
  31  0.591636  3.6685  4.7333 -0.8956 10.0615  7.9155  7.0618  6.7783  6.6323
  32  0.617603  3.6843  4.7248 -0.8057  9.4805  7.5477  6.7922  6.5426  6.4195
  33  0.649353  3.7027  4.7145 -0.6997  8.7988  7.1422  6.4880  6.2725  6.1742
  34  0.692429  3.7251  4.6976 -0.5656  8.1064  6.6822  6.1189  5.9400  5.8707
  35  0.894044  3.7992  4.5725 -0.0330  5.9567  5.0958  4.8047  4.7367  4.7475
  36  0.909019  3.8034  4.5610  0.0026  5.8453  4.9979  4.7203  4.6586  4.6732
  37  0.924157  3.8076  4.5491  0.0381  5.7368  4.9002  4.6357  4.5800  4.5985
  38  0.940893  3.8120  4.5361  0.0765  5.6219  4.7943  4.5437  4.4946  4.5172
  39  0.960602  3.8171  4.5213  0.1212  5.4910  4.6717  4.4372  4.3960  4.4234
  40  0.981819  3.8227  4.5057  0.1685  5.3547  4.5417  4.3242  4.2915  4.3240
  41  1.012996  3.8309  4.4851  0.2354  5.1653  4.3578  4.1647  4.1449  4.1846
  42  1.052703  3.8414  4.4620  0.3174  4.9376  4.1309  3.9691  3.9659  4.0147
  43  1.078968  3.8485  4.4476  0.3708  4.7950  3.9822  3.8430  3.8518  3.9063
  44  1.100707  3.8546  4.4371  0.4146  4.6814  3.8590  3.7406  3.7603  3.8197
  45  1.124041  3.8615  4.4282  0.4602  4.5608  3.7316  3.6318  3.6625  3.7264
  46  1.144362  3.8679  4.4226  0.4991  4.4565  3.6229  3.5380  3.5782  3.6461
  47  1.160792  3.8735  4.4200  0.5302  4.3758  3.5343  3.4668  3.5171  3.5890
  48  1.175288  3.8787  4.4190  0.5572  4.3064  3.4558  3.4063  3.4669  3.5427
  49  1.189204  3.8838  4.4189  0.5829  4.2389  3.3821  3.3474  3.4171  3.4960
  50  1.203291  3.8889  4.4190  0.6086  4.1698  3.3093  3.2869  3.3648  3.4461
  51  1.217641  3.8943  4.4193  0.6345  4.1004  3.2367  3.2274  3.3137  3.3978
  52  1.227254  3.8978  4.4197  0.6517  4.0550  3.1889  3.1892  3.2817  3.3680
  53  1.236769  3.9013  4.4200  0.6686  4.0108  3.1421  3.1521  3.2507  3.3392
  54  1.246065  3.9046  4.4201  0.6850  3.9686  3.0968  3.1163  3.2207  3.3111
  55  1.255176  3.9077  4.4200  0.7009  3.9280  3.0525  3.0810  3.1912  3.2833
  56  1.264309  3.9109  4.4199  0.7168  3.8875  3.0085  3.0460  3.1618  3.2554
  57  1.273457  3.9139  4.4195  0.7326  3.8469  2.9649  3.0111  3.1326  3.2273
  58  1.282610  3.9170  4.4192  0.7482  3.8058  2.9220  2.9766  3.1035  3.1993
  59  1.291726  3.9199  4.4186  0.7637  3.7649  2.8800  2.9430  3.0752  3.1717
  60  1.300648  3.9228  4.4180  0.7788  3.7256  2.8397  2.9107  3.0480  3.1451
  61  1.309223  3.9255  4.4171  0.7931  3.6887  2.8018  2.8806  3.0225  3.1204
  62  1.317518  3.9281  4.4162  0.8070  3.6542  2.7660  2.8523  2.9983  3.0973
  63  1.325712  3.9305  4.4152  0.8206  3.6215  2.7314  2.8252  2.9749  3.0755
  64  1.334045  3.9330  4.4140  0.8343  3.5890  2.6971  2.7985  2.9517  3.0538
  65  1.342710  3.9354  4.4125  0.8485  3.5554  2.6621  2.7710  2.9279  3.0314
  66  1.351867  3.9380  4.4109  0.8634  3.5201  2.6260  2.7423  2.9028  3.0078
  67  1.361584  3.9406  4.4089  0.8791  3.4828  2.5884  2.7123  2.8763  2.9828
  68  1.371625  3.9433  4.4065  0.8952  3.4443  2.5503  2.6813  2.8487  2.9567
  69  1.381817  3.9459  4.4039  0.9115  3.4054  2.5123  2.6498  2.8207  2.9301
  70  1.391978  3.9484  4.4009  0.9276  3.3665  2.4751  2.6186  2.7926  2.9033
  71  1.401688  3.9507  4.3978  0.9428  3.3295  2.4400  2.5888  2.7656  2.8775
  72  1.409915  3.9525  4.3948  0.9558  3.2980  2.4103  2.5633  2.7424  2.8552
  73  1.417056  3.9540  4.3918  0.9672  3.2700  2.3841  2.5404  2.7214  2.8350
  74  1.424481  3.9556  4.3882  0.9791  3.2412  2.3570  2.5167  2.6996  2.8138
  75  1.434894  3.9576  4.3838  0.9948  3.2026  2.3212  2.4851  2.6705  2.7856
  76  1.512417  3.9708  4.3438  1.1104  2.9164  2.0601  2.2491  2.4491  2.5696
  77  1.518114  3.9712  4.3382  1.1195  2.8937  2.0384  2.2283  2.4290  2.5494
  78  1.522005  3.9713  4.3326  1.1265  2.8762  2.0209  2.2110  2.4118  2.5320
  79  1.525923  3.9713  4.3265  1.1335  2.8584  2.0028  2.1932  2.3941  2.5140
  80  1.532243  3.9716  4.3200  1.1432  2.8341  1.9791  2.1702  2.3717  2.4916
  81  1.635025  3.9829  4.2375  1.2990  2.4431  1.6195  1.8302  2.0433  2.1652
  82  1.648290  3.9837  4.2231  1.3200  2.3899  1.5689  1.7811  1.9952  2.1168
  83  1.660756  3.9842  4.2070  1.3412  2.3365  1.5169  1.7302  1.9450  2.0661
  84  1.671634  3.9842  4.1911  1.3600  2.2887  1.4691  1.6830  1.8984  2.0188
  85  1.682705  3.9843  4.1757  1.3787  2.2416  1.4222  1.6367  1.8525  1.9723
  86  1.690828  3.9839  4.1629  1.3921  2.2076  1.3870  1.6014  1.8172  1.9363
  87  1.697863  3.9834  4.1516  1.4032  2.1796  1.3571  1.5713  1.7870  1.9053
  88  1.703951  3.9828  4.1413  1.4125  2.1560  1.3313  1.5450  1.7605  1.8782
  89  1.709295  3.9820  4.1316  1.4205  2.1357  1.3082  1.5213  1.7364  1.8533
  90  1.714074  3.9811  4.1221  1.4277  2.1173  1.2869  1.4992  1.7139  1.8301
  91  1.718447  3.9802  4.1129  1.4344  2.1005  1.2668  1.4782  1.6924  1.8078
  92  1.723424  3.9792  4.1025  1.4422  2.0808  1.2437  1.4542  1.6680  1.7825
  93  1.727820  3.9781  4.0925  1.4491  2.0633  1.2227  1.4320  1.6453  1.7588
  94  1.731830  3.9771  4.0827  1.4554  2.0473  1.2029  1.4111  1.6237  1.7365
  95  1.735707  3.9759  4.0729  1.4616  2.0319  1.1835  1.3905  1.6024  1.7143
  96  1.739521  3.9748  4.0632  1.4677  2.0166  1.1642  1.3700  1.5812  1.6921
  97  1.743342  3.9736  4.0532  1.4738  2.0013  1.1449  1.3493  1.5598  1.6698
  98  1.747200  3.9723  4.0428  1.4800  1.9858  1.1251  1.3282  1.5378  1.6468
  99  1.750901  3.9710  4.0326  1.4859  1.9712  1.1059  1.3075  1.5164  1.6244
 100  1.754783  3.9696  4.0220  1.4921  1.9557  1.0859  1.2860  1.4940  1.6010
 101  1.758606  3.9683  4.0112  1.4984  1.9402  1.0658  1.2644  1.4715  1.5776
 102  1.762369  3.9669  4.0003  1.5046  1.9248  1.0459  1.2430  1.4491  1.5540
 103  1.766092  3.9655  3.9895  1.5109  1.9093  1.0257  1.2214  1.4266  1.5306
 104  1.769818  3.9641  3.9787  1.5173  1.8936  1.0056  1.1999  1.4041  1.5070
 105  1.773519  3.9629  3.9681  1.5239  1.8775  0.9854  1.1785  1.3819  1.4838
 106  1.777163  3.9620  3.9582  1.5306  1.8609  0.9653  1.1576  1.3602  1.4612
 107  1.780720  3.9613  3.9493  1.5375  1.8438  0.9458  1.1375  1.3397  1.4400
 108  1.784029  3.9612  3.9427  1.5445  1.8261  0.9276  1.1197  1.3219  1.4219
 109  1.786934  3.9618  3.9390  1.5515  1.8085  0.9118  1.1051  1.3080  1.4081
 110  1.789295  3.9633  3.9389  1.5580  1.7917  0.8993  1.0949  1.2991  1.3998
 111  1.791122  3.9653  3.9415  1.5639  1.7760  0.8900  1.0885  1.2945  1.3963
 112  1.791340  3.9656  3.9421  1.5647  1.7739  0.8889  1.0879  1.2941  1.3960
 113  1.791558  3.9660  3.9428  1.5655  1.7716  0.8879  1.0875  1.2939  1.3961
 114  1.791777  3.9664  3.9435  1.5664  1.7694  0.8868  1.0869  1.2938  1.3960
 115  1.791994  3.9667  3.9442  1.5672  1.7672  0.8858  1.0864  1.2935  1.3959
 116  1.792210  3.9671  3.9449  1.5681  1.7648  0.8848  1.0859  1.2933  1.3959
 117  1.792427  3.9676  3.9461  1.5691  1.7621  0.8838  1.0856  1.2935  1.3964
 118  1.792643  3.9681  3.9472  1.5701  1.7594  0.8827  1.0853  1.2936  1.3968
 119  1.792859  3.9686  3.9483  1.5710  1.7568  0.8818  1.0851  1.2937  1.3972
 120  1.793074  3.9692  3.9496  1.5720  1.7540  0.8809  1.0849  1.2941  1.3979
 121  1.793289  3.9698  3.9512  1.5732  1.7509  0.8800  1.0850  1.2948  1.3988
 122  1.793503  3.9705  3.9527  1.5743  1.7479  0.8792  1.0850  1.2952  1.3996
 123  1.793716  3.9712  3.9545  1.5755  1.7446  0.8784  1.0852  1.2959  1.4007
 124  1.793929  3.9720  3.9565  1.5769  1.7410  0.8777  1.0855  1.2969  1.4022
 125  1.794140  3.9728  3.9585  1.5782  1.7375  0.8769  1.0858  1.2978  1.4035
 126  1.794351  3.9738  3.9610  1.5797  1.7334  0.8763  1.0864  1.2992  1.4053
 127  1.794558  3.9748  3.9633  1.5812  1.7295  0.8756  1.0869  1.3004  1.4070
 128  1.794765  3.9759  3.9663  1.5829  1.7249  0.8751  1.0878  1.3021  1.4094
 129  1.794970  3.9771  3.9692  1.5846  1.7204  0.8746  1.0887  1.3038  1.4117
 130  1.795171  3.9784  3.9727  1.5865  1.7151  0.8743  1.0899  1.3061  1.4146
 131  1.795369  3.9798  3.9762  1.5886  1.7099  0.8739  1.0913  1.3083  1.4176
 132  1.795562  3.9814  3.9803  1.5908  1.7039  0.8737  1.0928  1.3109  1.4211
 133  1.795751  3.9830  3.9846  1.5932  1.6976  0.8736  1.0946  1.3139  1.4249
 134  1.795929  3.9849  3.9893  1.5959  1.6905  0.8734  1.0963  1.3168  1.4288
 135  1.796096  3.9869  3.9943  1.5990  1.6824  0.8732  1.0982  1.3198  1.4330
 136  1.796255  3.9890  3.9996  1.6022  1.6740  0.8730  1.1002  1.3232  1.4374
 137  1.796401  3.9913  4.0052  1.6057  1.6651  0.8728  1.1022  1.3266  1.4421
 138  1.796533  3.9936  4.0108  1.6095  1.6555  0.8725  1.1043  1.3300  1.4467
 139  1.796649  3.9960  4.0164  1.6136  1.6453  0.8717  1.1059  1.3329  1.4509
 140  1.796754  3.9985  4.0219  1.6179  1.6347  0.8709  1.1073  1.3356  1.4548
 141  1.796847  4.0009  4.0272  1.6223  1.6238  0.8698  1.1085  1.3381  1.4583
 142  1.796928  4.0033  4.0322  1.6269  1.6125  0.8683  1.1091  1.3400  1.4613
 143  1.796997  4.0056  4.0368  1.6316  1.6008  0.8663  1.1092  1.3411  1.4634
 144  1.797062  4.0079  4.0410  1.6364  1.5891  0.8639  1.1087  1.3419  1.4649
 145  1.797122  4.0101  4.0450  1.6412  1.5772  0.8614  1.1081  1.3422  1.4662
 146  1.797187  4.0122  4.0489  1.6460  1.5657  0.8589  1.1075  1.3427  1.4674
 147  1.797293  4.0136  4.0530  1.6471  1.5634  0.8619  1.1115  1.3472  1.4725
 148  1.797333  4.0121  4.0526  1.6418  1.5763  0.8690  1.1173  1.3523  1.4772
 149  1.797357  4.0105  4.0515  1.6365  1.5893  0.8753  1.1222  1.3563  1.4806
 150  1.797379  4.0088  4.0496  1.6314  1.6021  0.8807  1.1260  1.3595  1.4831
 151  1.797402  4.0068  4.0469  1.6263  1.6146  0.8849  1.1286  1.3609  1.4839
 152  1.797428  4.0044  4.0421  1.6215  1.6261  0.8866  1.1281  1.3593  1.4814
 153  1.797468  4.0010  4.0321  1.6179  1.6353  0.8815  1.1200  1.3496  1.4700
 154  1.797524  3.9969  4.0133  1.6204  1.6282  0.8585  1.0935  1.3210  1.4391
 155  1.797561  3.9948  3.9998  1.6254  1.6151  0.8371  1.0704  1.2970  1.4136
 156  1.797594  3.9931  3.9880  1.6307  1.6016  0.8171  1.0494  1.2751  1.3906
 157  1.797629  3.9917  3.9766  1.6359  1.5882  0.7978  1.0289  1.2538  1.3682
 158  1.797671  3.9900  3.9648  1.6411  1.5750  0.7781  1.0082  1.2322  1.3453
 159  1.797722  3.9881  3.9523  1.6461  1.5623  0.7581  0.9867  1.2097  1.3215
 160  1.797789  3.9859  3.9386  1.6509  1.5504  0.7376  0.9645  1.1863  1.2965
 161  1.797871  3.9834  3.9242  1.6554  1.5395  0.7170  0.9418  1.1621  1.2707
 162  1.798002  3.9797  3.9040  1.6609  1.5261  0.6896  0.9113  1.1293  1.2354
 163  1.798185  3.9758  3.8840  1.6657  1.5150  0.6641  0.8821  1.0976  1.2012
 164  1.798420  3.9719  3.8640  1.6697  1.5061  0.6405  0.8543  1.0671  1.1683
 165  1.798703  3.9680  3.8451  1.6731  1.4992  0.6196  0.8292  1.0391  1.1378
 166  1.799018  3.9642  3.8275  1.6758  1.4938  0.6011  0.8066  1.0138  1.1102
 167  1.799355  3.9608  3.8111  1.6782  1.4895  0.5847  0.7862  0.9906  1.0848
 168  1.799702  3.9573  3.7954  1.6803  1.4859  0.5698  0.7673  0.9689  1.0608
 169  1.800055  3.9539  3.7801  1.6822  1.4824  0.5562  0.7493  0.9479  1.0374
 170  1.800410  3.9505  3.7647  1.6840  1.4791  0.5436  0.7320  0.9273  1.0145
 171  1.800763  3.9470  3.7493  1.6856  1.4763  0.5317  0.7149  0.9068  0.9914
 172  1.801115  3.9435  3.7334  1.6871  1.4738  0.5206  0.6983  0.8864  0.9685
 173  1.801460  3.9397  3.7172  1.6885  1.4721  0.5104  0.6820  0.8659  0.9453
 174  1.801799  3.9358  3.7005  1.6897  1.4711  0.5011  0.6659  0.8454  0.9220
 175  1.802129  3.9316  3.6830  1.6907  1.4705  0.4929  0.6501  0.8247  0.8983
 176  1.802451  3.9274  3.6650  1.6917  1.4717  0.4874  0.6346  0.8036  0.8749
 177  1.802761  3.9229  3.6462  1.6924  1.4750  0.4867  0.6192  0.7812  0.8516
 178  1.803061  3.9181  3.6269  1.6929  1.4795  0.4903  0.6039  0.7583  0.8283
 179  1.803347  3.9132  3.6071  1.6932  1.4842  0.4960  0.5898  0.7360  0.8049
 180  1.803621  3.9081  3.5868  1.6934  1.4895  0.5014  0.5778  0.7157  0.7824
 181  1.803882  3.9029  3.5660  1.6932  1.4967  0.5070  0.5681  0.6972  0.7615
 182  1.804157  3.8969  3.5424  1.6928  1.5063  0.5154  0.5586  0.6773  0.7396
 183  1.804429  3.8904  3.5173  1.6922  1.5170  0.5266  0.5502  0.6570  0.7177
 184  1.804697  3.8835  3.4905  1.6912  1.5287  0.5411  0.5429  0.6368  0.6960
 185  1.804960  3.8760  3.4622  1.6898  1.5435  0.5579  0.5375  0.6178  0.6741
 186  1.805216  3.8681  3.4321  1.6879  1.5609  0.5778  0.5337  0.5997  0.6522
 187  1.805466  3.8596  3.4005  1.6856  1.5814  0.6014  0.5316  0.5823  0.6306
 188  1.805709  3.8505  3.3671  1.6827  1.6064  0.6266  0.5324  0.5676  0.6104
 189  1.805941  3.8409  3.3321  1.6795  1.6355  0.6566  0.5346  0.5533  0.5898
 190  1.806165  3.8308  3.2958  1.6755  1.6694  0.6921  0.5383  0.5390  0.5687
 191  1.806388  3.8209  3.2611  1.6708  1.7089  0.7298  0.5452  0.5288  0.5510
 192  1.806610  3.8116  3.2296  1.6649  1.7538  0.7699  0.5558  0.5233  0.5380
 193  1.806835  3.8036  3.2048  1.6578  1.8018  0.8106  0.5709  0.5248  0.5328
 194  1.807054  3.7966  3.1854  1.6493  1.8520  0.8527  0.5901  0.5323  0.5340
 195  1.807260  3.7905  3.1705  1.6395  1.9023  0.8978  0.6131  0.5445  0.5407
 196  1.807451  3.7849  3.1596  1.6285  1.9537  0.9449  0.6395  0.5612  0.5523
 197  1.807628  3.7800  3.1521  1.6165  2.0077  0.9932  0.6689  0.5820  0.5684
 198  1.807791  3.7757  3.1476  1.6035  2.0657  1.0411  0.7005  0.6060  0.5882
 199  1.807942  3.7716  3.1450  1.5900  2.1255  1.0895  0.7340  0.6326  0.6108
 200  1.808083  3.7680  3.1443  1.5760  2.1862  1.1381  0.7689  0.6614  0.6357
 201  1.808215  3.7645  3.1450  1.5615  2.2481  1.1874  0.8054  0.6920  0.6628
 202  1.808342  3.7611  3.1469  1.5457  2.3134  1.2399  0.8451  0.7259  0.6930
 203  1.808484  3.7574  3.1491  1.5288  2.3854  1.2967  0.8879  0.7628  0.7259
 204  1.808661  3.7531  3.1485  1.5127  2.4624  1.3539  0.9293  0.7972  0.7556
 205  1.808911  3.7478  3.1369  1.5034  2.5354  1.3989  0.9545  0.8138  0.7664
 206  1.809168  3.7434  3.1145  1.5078  2.5711  1.4071  0.9455  0.7975  0.7449
 207  1.809376  3.7404  3.0928  1.5177  2.5784  1.3952  0.9224  0.7696  0.7135
 208  1.809565  3.7382  3.0729  1.5289  2.5751  1.3770  0.8959  0.7395  0.6808
 209  1.809747  3.7364  3.0542  1.5404  2.5668  1.3562  0.8682  0.7090  0.6482
 210  1.809929  3.7349  3.0363  1.5521  2.5558  1.3342  0.8402  0.6784  0.6157
 211  1.810113  3.7334  3.0186  1.5641  2.5431  1.3109  0.8115  0.6474  0.5828
 212  1.810299  3.7321  3.0007  1.5767  2.5278  1.2856  0.7811  0.6146  0.5486
 213  1.810481  3.7309  2.9832  1.5895  2.5106  1.2592  0.7500  0.5817  0.5141
 214  1.810661  3.7298  2.9660  1.6024  2.4922  1.2321  0.7187  0.5485  0.4795
 215  1.810841  3.7287  2.9488  1.6155  2.4728  1.2047  0.6870  0.5150  0.4447
 216  1.811021  3.7278  2.9318  1.6287  2.4520  1.1762  0.6548  0.4812  0.4097
 217  1.811051  3.7276  2.9290  1.6309  2.4486  1.1715  0.6495  0.4756  0.4039
 218  1.811081  3.7275  2.9262  1.6330  2.4451  1.1668  0.6442  0.4700  0.3982
 219  1.811111  3.7273  2.9234  1.6352  2.4416  1.1620  0.6389  0.4646  0.3924
 220  1.811142  3.7272  2.9207  1.6374  2.4382  1.1575  0.6337  0.4590  0.3868
 221  1.811172  3.7270  2.9179  1.6395  2.4348  1.1529  0.6285  0.4536  0.3812
 222  1.811201  3.7269  2.9153  1.6416  2.4315  1.1483  0.6233  0.4482  0.3756
 223  1.811231  3.7268  2.9126  1.6438  2.4280  1.1437  0.6182  0.4429  0.3700
 224  1.811262  3.7266  2.9100  1.6459  2.4247  1.1392  0.6131  0.4374  0.3644
 225  1.811292  3.7265  2.9073  1.6480  2.4211  1.1345  0.6079  0.4320  0.3588
 226  1.811322  3.7263  2.9045  1.6502  2.4178  1.1299  0.6026  0.4265  0.3532
 227  1.811518  3.7254  2.8859  1.6652  2.3925  1.0970  0.5661  0.3884  0.3139
 228  1.811819  3.7241  2.8590  1.6867  2.3567  1.0500  0.5137  0.3337  0.2574
 229  1.812008  3.7233  2.8416  1.7010  2.3319  1.0184  0.4789  0.2975  0.2202
 230  1.812287  3.7221  2.8168  1.7212  2.2975  0.9740  0.4299  0.2464  0.1676
 231  1.812566  3.7210  2.7929  1.7407  2.2642  0.9313  0.3826  0.1971  0.1168
 232  1.812822  3.7199  2.7708  1.7587  2.2329  0.8913  0.3386  0.1513  0.0696
 233  1.813166  3.7186  2.7414  1.7829  2.1910  0.8380  0.2799  0.0903  0.0069
 234  1.813398  3.7177  2.7220  1.7990  2.1633  0.8028  0.2411  0.0500 -0.0347
 235  1.813724  3.7165  2.6947  1.8214  2.1242  0.7533  0.1866 -0.0068 -0.0930
 236  1.814022  3.7154  2.6698  1.8419  2.0871  0.7081  0.1371 -0.0582 -0.1461
 237  1.814313  3.7143  2.6458  1.8616  2.0514  0.6647  0.0897 -0.1077 -0.1970
 238  1.814584  3.7133  2.6235  1.8801  2.0180  0.6243  0.0453 -0.1538 -0.2446
 239  1.814854  3.7123  2.6015  1.8981  1.9855  0.5848  0.0019 -0.1991 -0.2913
 240  1.815179  3.7111  2.5749  1.9200  1.9462  0.5369 -0.0507 -0.2537 -0.3477
 241  1.815478  3.7100  2.5507  1.9399  1.9108  0.4935 -0.0985 -0.3035 -0.3991
 242  1.815769  3.7090  2.5274  1.9591  1.8768  0.4517 -0.1444 -0.3514 -0.4485
 243  1.816041  3.7080  2.5056  1.9770  1.8452  0.4128 -0.1872 -0.3961 -0.4947
 244  1.816297  3.7070  2.4851  1.9938  1.8159  0.3764 -0.2274 -0.4380 -0.5380
 245  1.816586  3.7060  2.4616  2.0129  1.7835  0.3355 -0.2726 -0.4852 -0.5869
 246  1.816878  3.7049  2.4386  2.0315  1.7524  0.2956 -0.3169 -0.5318 -0.6350
 247  1.817136  3.7039  2.4177  2.0484  1.7242  0.2593 -0.3572 -0.5738 -0.6786
 248  1.817398  3.7029  2.3971  2.0650  1.6976  0.2242 -0.3963 -0.6149 -0.7212
 249  1.817675  3.7018  2.3750  2.0829  1.6693  0.1866 -0.4384 -0.6590 -0.7669
 250  1.817943  3.7007  2.3538  2.0999  1.6428  0.1506 -0.4787 -0.7013 -0.8109
 251  1.818190  3.6997  2.3340  2.1158  1.6187  0.1171 -0.5163 -0.7409 -0.8518
 252  1.818430  3.6988  2.3148  2.1312  1.5973  0.0849 -0.5527 -0.7791 -0.8916
 253  1.818660  3.6978  2.2965  2.1459  1.5782  0.0541 -0.5876 -0.8158 -0.9295
 254  1.818911  3.6968  2.2764  2.1620  1.5583  0.0210 -0.6255 -0.8557 -0.9707
 255  1.819148  3.6958  2.2574  2.1771  1.5398 -0.0106 -0.6615 -0.8936 -1.0099
 256  1.819406  3.6948  2.2368  2.1935  1.5211 -0.0441 -0.7002 -0.9342 -1.0522
 257  1.819617  3.6939  2.2196  2.2073  1.5046 -0.0727 -0.7329 -0.9688 -1.0878
 258  1.819847  3.6929  2.2008  2.2221  1.4880 -0.1033 -0.7682 -1.0060 -1.1264
 259  1.820063  3.6920  2.1831  2.2363  1.4724 -0.1322 -0.8017 -1.0413 -1.1629
 260  1.820296  3.6910  2.1639  2.2515  1.4561 -0.1632 -0.8375 -1.0792 -1.2022
 261  1.820515  3.6901  2.1458  2.2659  1.4409 -0.1926 -0.8716 -1.1151 -1.2394
 262  1.820730  3.6891  2.1279  2.2802  1.4263 -0.2214 -0.9051 -1.1505 -1.2761
 263  1.820934  3.6882  2.1107  2.2939  1.4120 -0.2492 -0.9375 -1.1848 -1.3116
 264  1.821145  3.6873  2.0929  2.3080  1.3976 -0.2777 -0.9707 -1.2199 -1.3480
 265  1.821347  3.6864  2.0758  2.3216  1.3842 -0.3052 -1.0028 -1.2538 -1.3832
 266  1.821557  3.6855  2.0581  2.3357  1.3707 -0.3333 -1.0357 -1.2887 -1.4194
 267  1.821746  3.6847  2.0419  2.3487  1.3575 -0.3594 -1.0662 -1.3209 -1.4527
 268  1.821951  3.6838  2.0249  2.3621  1.3450 -0.3862 -1.0977 -1.3543 -1.4874
 269  1.822141  3.6829  2.0086  2.3751  1.3323 -0.4122 -1.1281 -1.3865 -1.5209
 270  1.822332  3.6821  1.9927  2.3877  1.3206 -0.4372 -1.1576 -1.4179 -1.5535
 271  1.822513  3.6813  1.9773  2.3998  1.3090 -0.4612 -1.1858 -1.4477 -1.5844
 272  1.822704  3.6804  1.9617  2.4120  1.2969 -0.4852 -1.2141 -1.4778 -1.6158
 273  1.822884  3.6797  1.9476  2.4232  1.2863 -0.5069 -1.2395 -1.5050 -1.6442
 274  1.822272  3.6795  1.9440  2.4259  1.2834 -0.5123 -1.2460 -1.5117 -1.6512
 275  1.822468  3.6790  1.9352  2.4331  1.2745 -0.5271 -1.2630 -1.5296 -1.6697
 276  1.822661  3.6784  1.9233  2.4425  1.2659 -0.5452 -1.2843 -1.5525 -1.6935
 277  1.822844  3.6777  1.9115  2.4515  1.2586 -0.5624 -1.3050 -1.5745 -1.7167
 278  1.823023  3.6772  1.9029  2.4583  1.2529 -0.5752 -1.3203 -1.5909 -1.7339
 279  1.823213  3.6770  1.8989  2.4613  1.2508 -0.5808 -1.3272 -1.5984 -1.7418
