#NUMBER OF AGES= 1
#----------------------------------------------------       
#MIX-LEN  Y      Z          Zeff        [Fe/H] [a/Fe]
# 1.9380  0.2488 2.3381E-03 1.7027E-03  -1.00   0.20 
#----------------------------------------------------       
#**PHOTOMETRIC SYSTEM**: SDSS (AB)                          
#----------------------------------------------------       
#AGE= 1.250 EEPS=273
#EEP   M/Mo    LogTeff  LogG   LogL/Lo sdss_u  sdss_g  sdss_r  sdss_i  sdss_z
   2  0.105513  3.5206  5.3399 -2.8430 18.0590 14.5863 12.9412 11.9408 11.3816
   3  0.116664  3.5231  5.2887 -2.7380 17.6715 14.2710 12.6402 11.6684 11.1203
   4  0.129810  3.5258  5.2350 -2.6269 17.2673 13.9389 12.3231 11.3805 10.8443
   5  0.149226  3.5303  5.1752 -2.4889 16.7502 13.5136 11.9190 11.0186 10.5011
   6  0.182533  3.5407  5.1213 -2.3059 15.9843 12.8921 11.3381 10.5216 10.0468
   7  0.234471  3.5539  5.0684 -2.0911 15.1151 12.1676 10.6649  9.9396  9.5161
   8  0.284946  3.5629  5.0303 -1.9325 14.5196 11.6541 10.1875  9.5163  9.1255
   9  0.306062  3.5663  5.0120 -1.8697 14.2913 11.4547 10.0024  9.3501  8.9710
  10  0.314938  3.5676  5.0019 -1.8419 14.1928 11.3679  9.9215  9.2768  8.9025
  11  0.320089  3.5684  4.9948 -1.8247 14.1338 11.3153  9.8724  9.2320  8.8602
  12  0.323770  3.5689  4.9890 -1.8117 14.0901 11.2762  9.8358  9.1983  8.8284
  13  0.327329  3.5694  4.9834 -1.7994 14.0482 11.2387  9.8008  9.1661  8.7980
  14  0.331125  3.5700  4.9776 -1.7863 14.0044 11.1994  9.7640  9.1321  8.7660
  15  0.336097  3.5707  4.9709 -1.7702 13.9492 11.1501  9.7180  9.0901  8.7264
  16  0.343187  3.5718  4.9624 -1.7483 13.8734 11.0828  9.6556  9.0330  8.6728
  17  0.375675  3.5778  4.9300 -1.6527 13.5221 10.7735  9.3726  8.7800  8.4397
  18  0.414521  3.5869  4.8884 -1.5319 13.0532 10.3673  9.0098  8.4594  8.1466
  19  0.428513  3.5907  4.8719 -1.4857 12.8693 10.2097  8.8719  8.3373  8.0348
  20  0.440237  3.5942  4.8574 -1.4454 12.7063 10.0700  8.7507  8.2306  7.9374
  21  0.455077  3.5990  4.8392 -1.3937 12.4942  9.8886  8.5951  8.0937  7.8126
  22  0.472717  3.6055  4.8177 -1.3300 12.2280  9.6609  8.4035  7.9253  7.6594
  23  0.489000  3.6120  4.7985 -1.2699 11.9724  9.4417  8.2227  7.7671  7.5150
  24  0.501729  3.6175  4.7850 -1.2232 11.7690  9.2671  8.0817  7.6441  7.4033
  25  0.510833  3.6218  4.7763 -1.1896 11.6195  9.1389  7.9798  7.5559  7.3233
  26  0.517847  3.6253  4.7701 -1.1635 11.5021  9.0374  7.8998  7.4872  7.2615
  27  0.523838  3.6284  4.7650 -1.1410 11.4003  8.9486  7.8304  7.4279  7.2085
  28  0.529871  3.6316  4.7602 -1.1183 11.2957  8.8579  7.7601  7.3682  7.1551
  29  0.537216  3.6356  4.7551 -1.0912 11.1670  8.7475  7.6753  7.2965  7.0913
  30  0.547522  3.6414  4.7489 -1.0536 10.9832  8.5930  7.5580  7.1976  7.0035
  31  0.562466  3.6502  4.7414 -0.9991 10.6916  8.3628  7.3866  7.0535  6.8758
  32  0.582290  3.6628  4.7343 -0.9264 10.2585  8.0488  7.1580  6.8606  6.7053
  33  0.606342  3.6778  4.7265 -0.8412  9.7219  7.6932  6.8980  6.6351  6.5029
  34  0.633745  3.6942  4.7178 -0.7474  9.0876  7.3202  6.6240  6.3934  6.2837
  35  0.668307  3.7132  4.7051 -0.6358  8.4768  6.9202  6.3093  6.1118  6.0276
  36  0.869241  3.7921  4.5846 -0.0863  6.1348  5.2467  4.9319  4.8534  4.8570
  37  0.884439  3.7970  4.5734 -0.0473  6.0050  5.1366  4.8384  4.7673  4.7760
  38  0.896994  3.8007  4.5636 -0.0165  5.9069  5.0511  4.7652  4.6996  4.7117
  39  0.911390  3.8048  4.5522  0.0182  5.7992  4.9555  4.6827  4.6230  4.6391
  40  0.925585  3.8087  4.5406  0.0520  5.6971  4.8628  4.6021  4.5482  4.5678
  41  0.940820  3.8128  4.5281  0.0876  5.5914  4.7649  4.5169  4.4690  4.4923
  42  0.957715  3.8172  4.5149  0.1266  5.4775  4.6578  4.4237  4.3826  4.4101
  43  0.974706  3.8217  4.5016  0.1655  5.3658  4.5512  4.3309  4.2967  4.3282
  44  0.993698  3.8266  4.4874  0.2079  5.2452  4.4347  4.2294  4.2030  4.2390
  45  1.017432  3.8329  4.4716  0.2592  5.1014  4.2933  4.1069  4.0905  4.1321
  46  1.042091  3.8396  4.4565  0.3112  4.9572  4.1496  3.9828  3.9769  4.0241
  47  1.061230  3.8449  4.4453  0.3513  4.8485  4.0386  3.8875  3.8901  3.9416
  48  1.077012  3.8492  4.4361  0.3841  4.7618  3.9466  3.8100  3.8203  3.8752
  49  1.091562  3.8533  4.4282  0.4143  4.6836  3.8622  3.7395  3.7571  3.8152
  50  1.104428  3.8571  4.4221  0.4408  4.6149  3.7872  3.6769  3.7013  3.7622
  51  1.118726  3.8614  4.4163  0.4697  4.5381  3.7070  3.6075  3.6383  3.7021
  52  1.128225  3.8645  4.4128  0.4887  4.4873  3.6543  3.5616  3.5969  3.6624
  53  1.137319  3.8674  4.4100  0.5068  4.4391  3.6039  3.5182  3.5580  3.6253
  54  1.145949  3.8702  4.4078  0.5238  4.3942  3.5559  3.4781  3.5225  3.5917
  55  1.154143  3.8730  4.4061  0.5399  4.3530  3.5100  3.4416  3.4914  3.5628
  56  1.162015  3.8759  4.4050  0.5552  4.3136  3.4656  3.4070  3.4625  3.5360
  57  1.169707  3.8787  4.4042  0.5702  4.2754  3.4225  3.3735  3.4345  3.5102
  58  1.177316  3.8816  4.4036  0.5848  4.2373  3.3801  3.3402  3.4068  3.4842
  59  1.184940  3.8844  4.4033  0.5995  4.1983  3.3385  3.3060  3.3771  3.4561
  60  1.192637  3.8873  4.4029  0.6141  4.1590  3.2970  3.2714  3.3471  3.4275
  61  1.200455  3.8901  4.4024  0.6290  4.1192  3.2553  3.2365  3.3167  3.3984
  62  1.208417  3.8930  4.4019  0.6440  4.0790  3.2133  3.2017  3.2866  3.3696
  63  1.216463  3.8961  4.4015  0.6591  4.0392  3.1713  3.1677  3.2577  3.3426
  64  1.224543  3.8990  4.4010  0.6742  3.9996  3.1295  3.1341  3.2293  3.3161
  65  1.232627  3.9019  4.4005  0.6892  3.9606  3.0881  3.1010  3.2014  3.2897
  66  1.240661  3.9047  4.3998  0.7041  3.9224  3.0472  3.0682  3.1736  3.2637
  67  1.248653  3.9075  4.3990  0.7188  3.8851  3.0065  3.0355  3.1459  3.2373
  68  1.256743  3.9102  4.3979  0.7336  3.8475  2.9656  3.0025  3.1179  3.2106
  69  1.264995  3.9129  4.3967  0.7486  3.8091  2.9243  2.9690  3.0894  3.1833
  70  1.273330  3.9156  4.3953  0.7636  3.7699  2.8830  2.9355  3.0608  3.1555
  71  1.281649  3.9182  4.3938  0.7785  3.7308  2.8425  2.9023  3.0325  3.1279
  72  1.289836  3.9209  4.3920  0.7931  3.6925  2.8032  2.8702  3.0050  3.1009
  73  1.297766  3.9232  4.3903  0.8072  3.6559  2.7657  2.8397  2.9788  3.0752
  74  1.305306  3.9254  4.3884  0.8205  3.6221  2.7309  2.8114  2.9542  3.0512
  75  1.312507  3.9275  4.3862  0.8331  3.5905  2.6982  2.7848  2.9310  3.0289
  76  1.319528  3.9294  4.3841  0.8453  3.5604  2.6668  2.7594  2.9086  3.0075
  77  1.326516  3.9312  4.3817  0.8575  3.5314  2.6362  2.7346  2.8867  2.9866
  78  1.333615  3.9331  4.3790  0.8697  3.5023  2.6057  2.7096  2.8644  2.9653
  79  1.340994  3.9349  4.3760  0.8822  3.4722  2.5746  2.6839  2.8412  2.9432
  80  1.348857  3.9366  4.3724  0.8955  3.4404  2.5419  2.6565  2.8166  2.9195
  81  1.357215  3.9384  4.3683  0.9095  3.4068  2.5076  2.6276  2.7901  2.8939
  82  1.363134  3.9397  4.3651  0.9193  3.3831  2.4837  2.6070  2.7712  2.8756
  83  1.369122  3.9408  4.3615  0.9292  3.3591  2.4595  2.5861  2.7519  2.8569
  84  1.375132  3.9418  4.3579  0.9391  3.3352  2.4355  2.5651  2.7324  2.8379
  85  1.381118  3.9428  4.3540  0.9489  3.3114  2.4116  2.5440  2.7129  2.8187
  86  1.387051  3.9437  4.3498  0.9585  3.2879  2.3881  2.5231  2.6932  2.7994
  87  1.392899  3.9445  4.3455  0.9680  3.2648  2.3651  2.5023  2.6736  2.7801
  88  1.398635  3.9453  4.3410  0.9773  3.2421  2.3424  2.4816  2.6541  2.7609
  89  1.403896  3.9460  4.3368  0.9857  3.2213  2.3217  2.4627  2.6360  2.7431
  90  1.408633  3.9465  4.3326  0.9934  3.2023  2.3028  2.4452  2.6194  2.7267
  91  1.413005  3.9469  4.3285  1.0006  3.1846  2.2850  2.4287  2.6035  2.7108
  92  1.417210  3.9473  4.3243  1.0076  3.1674  2.2677  2.4124  2.5879  2.6953
  93  1.421492  3.9476  4.3199  1.0147  3.1498  2.2501  2.3957  2.5718  2.6792
  94  1.426215  3.9479  4.3149  1.0224  3.1308  2.2309  2.3776  2.5542  2.6617
  95  1.431953  3.9483  4.3092  1.0315  3.1083  2.2084  2.3562  2.5335  2.6410
  96  1.439980  3.9488  4.3013  1.0439  3.0777  2.1776  2.3270  2.5052  2.6128
  97  1.499379  3.9507  4.2309  1.1395  2.8404  1.9366  2.0936  2.2765  2.3825
  98  1.507078  3.9509  4.2219  1.1509  2.8121  1.9077  2.0652  2.2484  2.3542
  99  1.511948  3.9507  4.2151  1.1585  2.7931  1.8880  2.0455  2.2288  2.3342
 100  1.515431  3.9504  4.2089  1.1644  2.7782  1.8721  2.0294  2.2125  2.3176
 101  1.518127  3.9501  4.2032  1.1696  2.7653  1.8581  2.0150  2.1980  2.3026
 102  1.520398  3.9497  4.1975  1.1744  2.7533  1.8453  2.0015  2.1842  2.2883
 103  1.522461  3.9495  4.1927  1.1791  2.7414  1.8328  1.9890  2.1716  2.2755
 104  1.524500  3.9495  4.1886  1.1840  2.7293  1.8204  1.9769  2.1598  2.2636
 105  1.526693  3.9498  4.1850  1.1892  2.7165  1.8076  1.9648  2.1482  2.2520
 106  1.529032  3.9504  4.1826  1.1947  2.7029  1.7947  1.9533  2.1374  2.2414
 107  1.531450  3.9513  4.1813  1.2004  2.6887  1.7819  1.9425  2.1276  2.2321
 108  1.533913  3.9525  4.1811  1.2062  2.6743  1.7694  1.9324  2.1191  2.2242
 109  1.536396  3.9540  4.1816  1.2122  2.6596  1.7572  1.9231  2.1113  2.2172
 110  1.538687  3.9556  4.1829  1.2180  2.6452  1.7458  1.9148  2.1047  2.2116
 111  1.540989  3.9573  4.1845  1.2239  2.6305  1.7346  1.9067  2.0984  2.2062
 112  1.542871  3.9587  4.1858  1.2289  2.6181  1.7254  1.9001  2.0933  2.2018
 113  1.544704  3.9603  4.1874  1.2341  2.6051  1.7160  1.8935  2.0882  2.1974
 114  1.546472  3.9619  4.1893  1.2393  2.5918  1.7066  1.8869  2.0832  2.1934
 115  1.548673  3.9637  4.1907  1.2454  2.5765  1.6957  1.8788  2.0769  2.1879
 116  1.551796  3.9655  4.1908  1.2532  2.5570  1.6807  1.8667  2.0664  2.1783
 117  1.555481  3.9671  4.1902  1.2616  2.5358  1.6640  1.8528  2.0540  2.1667
 118  1.559389  3.9686  4.1885  1.2703  2.5139  1.6460  1.8373  2.0400  2.1533
 119  1.563087  3.9699  4.1862  1.2790  2.4921  1.6278  1.8213  2.0252  2.1390
 120  1.566649  3.9711  4.1833  1.2875  2.4704  1.6094  1.8048  2.0100  2.1241
 121  1.570420  3.9722  4.1799  1.2965  2.4479  1.5899  1.7874  1.9936  2.1082
 122  1.574139  3.9733  4.1762  1.3054  2.4255  1.5704  1.7697  1.9769  2.0917
 123  1.577684  3.9744  4.1727  1.3142  2.4033  1.5514  1.7524  1.9606  2.0758
 124  1.581009  3.9755  4.1697  1.3226  2.3819  1.5333  1.7362  1.9454  2.0609
 125  1.584177  3.9766  4.1670  1.3309  2.3612  1.5163  1.7209  1.9312  2.0472
 126  1.587155  3.9779  4.1649  1.3388  2.3412  1.5002  1.7068  1.9181  2.0346
 127  1.589818  3.9792  4.1634  1.3462  2.3224  1.4855  1.6939  1.9064  2.0234
 128  1.592334  3.9806  4.1621  1.3535  2.3041  1.4716  1.6819  1.8954  2.0130
 129  1.594637  3.9817  4.1608  1.3603  2.2869  1.4585  1.6706  1.8850  2.0031
 130  1.596364  3.9833  4.1614  1.3663  2.2716  1.4485  1.6626  1.8782  1.9969
 131  1.597631  3.9849  4.1628  1.3717  2.2580  1.4404  1.6566  1.8734  1.9928
 132  1.598136  3.9865  4.1649  1.3761  2.2469  1.4351  1.6532  1.8710  1.9913
 133  1.598578  3.9880  4.1668  1.3805  2.2360  1.4296  1.6496  1.8684  1.9895
 134  1.599095  3.9895  4.1682  1.3849  2.2248  1.4236  1.6452  1.8651  1.9867
 135  1.599838  3.9883  4.1646  1.3841  2.2270  1.4216  1.6419  1.8609  1.9820
 136  1.600165  3.9859  4.1577  1.3815  2.2333  1.4196  1.6370  1.8545  1.9742
 137  1.600573  3.9833  4.1445  1.3843  2.2261  1.4032  1.6177  1.8336  1.9516
 138  1.600790  3.9821  4.1355  1.3886  2.2154  1.3882  1.6014  1.8167  1.9338
 139  1.601024  3.9812  4.1274  1.3930  2.2043  1.3740  1.5861  1.8007  1.9171
 140  1.601372  3.9801  4.1190  1.3971  2.1938  1.3597  1.5707  1.7848  1.9003
 141  1.601903  3.9789  4.1102  1.4011  2.1838  1.3455  1.5550  1.7683  1.8830
 142  1.602705  3.9776  4.1015  1.4048  2.1744  1.3318  1.5399  1.7524  1.8661
 143  1.603773  3.9762  4.0937  1.4079  2.1666  1.3198  1.5265  1.7381  1.8509
 144  1.604983  3.9751  4.0863  1.4109  2.1592  1.3085  1.5137  1.7245  1.8366
 145  1.606197  3.9742  4.0800  1.4141  2.1513  1.2978  1.5018  1.7121  1.8236
 146  1.607373  3.9735  4.0741  1.4172  2.1435  1.2875  1.4907  1.7005  1.8113
 147  1.608506  3.9728  4.0685  1.4205  2.1353  1.2769  1.4794  1.6888  1.7991
 148  1.609600  3.9722  4.0626  1.4239  2.1268  1.2662  1.4679  1.6769  1.7868
 149  1.610665  3.9714  4.0565  1.4274  2.1180  1.2549  1.4559  1.6644  1.7737
 150  1.611712  3.9706  4.0500  1.4312  2.1087  1.2431  1.4432  1.6512  1.7598
 151  1.612749  3.9698  4.0430  1.4350  2.0992  1.2306  1.4298  1.6373  1.7452
 152  1.613786  3.9688  4.0359  1.4388  2.0898  1.2183  1.4164  1.6233  1.7306
 153  1.614821  3.9680  4.0296  1.4418  2.0823  1.2076  1.4048  1.6111  1.7178
 154  1.615851  3.9671  4.0236  1.4445  2.0756  1.1981  1.3942  1.6000  1.7059
 155  1.616871  3.9662  4.0179  1.4470  2.0693  1.1890  1.3842  1.5893  1.6946
 156  1.617877  3.9653  4.0124  1.4495  2.0635  1.1803  1.3744  1.5789  1.6837
 157  1.618867  3.9646  4.0069  1.4518  2.0578  1.1719  1.3649  1.5689  1.6731
 158  1.619841  3.9637  4.0015  1.4541  2.0522  1.1636  1.3558  1.5590  1.6626
 159  1.620797  3.9628  3.9961  1.4563  2.0468  1.1555  1.3466  1.5492  1.6523
 160  1.621734  3.9620  3.9907  1.4587  2.0414  1.1473  1.3374  1.5395  1.6418
 161  1.622653  3.9611  3.9851  1.4609  2.0360  1.1390  1.3281  1.5295  1.6312
 162  1.625282  3.9583  3.9680  1.4677  2.0196  1.1143  1.3000  1.4991  1.5989
 163  1.627745  3.9556  3.9510  1.4741  2.0040  1.0905  1.2728  1.4695  1.5672
 164  1.630050  3.9526  3.9336  1.4804  1.9890  1.0677  1.2460  1.4399  1.5354
 165  1.632201  3.9493  3.9153  1.4862  1.9749  1.0456  1.2192  1.4101  1.5030
 166  1.634207  3.9458  3.8962  1.4917  1.9618  1.0244  1.1925  1.3797  1.4700
 167  1.636072  3.9419  3.8760  1.4969  1.9498  1.0043  1.1662  1.3492  1.4364
 168  1.637804  3.9378  3.8549  1.5016  1.9393  0.9855  1.1402  1.3185  1.4025
 169  1.639405  3.9332  3.8328  1.5060  1.9300  0.9686  1.1148  1.2876  1.3683
 170  1.640879  3.9283  3.8097  1.5099  1.9227  0.9546  1.0900  1.2566  1.3341
 171  1.642233  3.9231  3.7858  1.5134  1.9195  0.9465  1.0665  1.2254  1.3014
 172  1.643471  3.9176  3.7609  1.5163  1.9188  0.9444  1.0446  1.1942  1.2694
 173  1.644598  3.9117  3.7351  1.5188  1.9188  0.9452  1.0245  1.1642  1.2375
 174  1.645620  3.9055  3.7089  1.5209  1.9204  0.9464  1.0072  1.1367  1.2070
 175  1.646544  3.8991  3.6820  1.5225  1.9246  0.9495  0.9924  1.1110  1.1786
 176  1.647381  3.8926  3.6547  1.5236  1.9303  0.9557  0.9793  1.0861  1.1516
 177  1.648136  3.8858  3.6272  1.5242  1.9370  0.9649  0.9678  1.0624  1.1257
 178  1.648825  3.8788  3.5996  1.5243  1.9458  0.9761  0.9587  1.0407  1.1014
 179  1.649458  3.8719  3.5720  1.5241  1.9569  0.9890  0.9515  1.0212  1.0784
 180  1.650038  3.8648  3.5445  1.5236  1.9692  1.0039  0.9457  1.0029  1.0564
 181  1.650573  3.8577  3.5171  1.5227  1.9833  1.0209  0.9416  0.9863  1.0357
 182  1.651328  3.8466  3.4750  1.5205  2.0100  1.0504  0.9385  0.9637  1.0064
 183  1.652044  3.8349  3.4315  1.5175  2.0434  1.0857  0.9386  0.9436  0.9780
 184  1.652737  3.8233  3.3896  1.5133  2.0841  1.1253  0.9428  0.9280  0.9536
 185  1.653422  3.8127  3.3527  1.5075  2.1326  1.1679  0.9525  0.9195  0.9363
 186  1.654098  3.8035  3.3242  1.4997  2.1861  1.2126  0.9682  0.9201  0.9289
 187  1.654739  3.7955  3.3024  1.4899  2.2435  1.2603  0.9901  0.9287  0.9304
 188  1.655329  3.7887  3.2868  1.4782  2.3015  1.3122  1.0181  0.9449  0.9402
 189  1.655862  3.7827  3.2762  1.4649  2.3623  1.3666  1.0508  0.9672  0.9566
 190  1.656340  3.7773  3.2697  1.4501  2.4283  1.4221  1.0865  0.9938  0.9780
 191  1.656774  3.7725  3.2663  1.4346  2.4989  1.4781  1.1243  1.0236  1.0030
 192  1.657176  3.7681  3.2648  1.4183  2.5715  1.5346  1.1640  1.0559  1.0308
 193  1.657560  3.7639  3.2645  1.4018  2.6456  1.5915  1.2049  1.0897  1.0603
 194  1.657952  3.7597  3.2645  1.3854  2.7196  1.6483  1.2461  1.1243  1.0905
 195  1.658378  3.7553  3.2627  1.3695  2.7973  1.7053  1.2865  1.1574  1.1187
 196  1.658953  3.7502  3.2546  1.3573  2.8750  1.7560  1.3182  1.1808  1.1364
 197  1.659661  3.7453  3.2360  1.3566  2.9263  1.7783  1.3220  1.1768  1.1268
 198  1.660310  3.7417  3.2149  1.3637  2.9463  1.7754  1.3058  1.1549  1.1008
 199  1.660909  3.7391  3.1932  1.3748  2.9488  1.7594  1.2797  1.1245  1.0672
 200  1.661462  3.7370  3.1715  1.3885  2.9383  1.7345  1.2471  1.0885  1.0287
 201  1.661984  3.7354  3.1498  1.4037  2.9195  1.7037  1.2102  1.0490  0.9873
 202  1.662486  3.7341  3.1292  1.4190  2.8971  1.6714  1.1728  1.0095  0.9460
 203  1.662977  3.7328  3.1096  1.4339  2.8744  1.6398  1.1367  0.9715  0.9065
 204  1.663461  3.7317  3.0906  1.4487  2.8513  1.6080  1.1007  0.9336  0.8673
 205  1.663944  3.7307  3.0719  1.4634  2.8273  1.5758  1.0648  0.8960  0.8283
 206  1.664423  3.7298  3.0533  1.4783  2.8022  1.5432  1.0286  0.8582  0.7895
 207  1.664899  3.7289  3.0351  1.4932  2.7763  1.5102  0.9923  0.8204  0.7506
 208  1.665370  3.7281  3.0170  1.5080  2.7500  1.4771  0.9559  0.7828  0.7118
 209  1.665839  3.7273  2.9991  1.5228  2.7233  1.4439  0.9198  0.7453  0.6733
 210  1.666305  3.7265  2.9813  1.5376  2.6969  1.4110  0.8838  0.7080  0.6350
 211  1.666770  3.7257  2.9637  1.5522  2.6709  1.3783  0.8480  0.6709  0.5968
 212  1.667232  3.7249  2.9462  1.5667  2.6447  1.3457  0.8125  0.6340  0.5589
 213  1.667691  3.7241  2.9288  1.5813  2.6185  1.3134  0.7771  0.5973  0.5213
 214  1.668148  3.7234  2.9115  1.5957  2.5925  1.2811  0.7419  0.5608  0.4839
 215  1.668604  3.7227  2.8944  1.6100  2.5665  1.2491  0.7070  0.5247  0.4467
 216  1.669057  3.7220  2.8774  1.6243  2.5407  1.2171  0.6724  0.4887  0.4099
 217  1.669173  3.7218  2.8729  1.6281  2.5337  1.2086  0.6630  0.4791  0.3999
 218  1.669289  3.7216  2.8685  1.6319  2.5268  1.2002  0.6538  0.4695  0.3901
 219  1.669405  3.7214  2.8640  1.6357  2.5199  1.1917  0.6445  0.4600  0.3803
 220  1.669520  3.7212  2.8594  1.6395  2.5129  1.1830  0.6353  0.4504  0.3705
 221  1.669636  3.7211  2.8549  1.6432  2.5061  1.1746  0.6261  0.4407  0.3607
 222  1.669751  3.7209  2.8504  1.6470  2.4991  1.1661  0.6168  0.4312  0.3508
 223  1.669867  3.7207  2.8459  1.6508  2.4922  1.1576  0.6076  0.4216  0.3411
 224  1.669982  3.7205  2.8414  1.6546  2.4853  1.1492  0.5983  0.4121  0.3313
 225  1.670098  3.7203  2.8369  1.6584  2.4784  1.1407  0.5891  0.4025  0.3215
 226  1.670213  3.7201  2.8324  1.6622  2.4714  1.1321  0.5799  0.3930  0.3117
 227  1.671384  3.7183  2.7889  1.6987  2.4056  1.0508  0.4912  0.3010  0.2171
 228  1.672550  3.7164  2.7439  1.7364  2.3374  0.9666  0.3994  0.2059  0.1196
 229  1.673672  3.7145  2.6997  1.7735  2.2681  0.8841  0.3098  0.1129  0.0239
 230  1.674754  3.7127  2.6555  1.8105  2.1990  0.8019  0.2203  0.0201 -0.0716
 231  1.675754  3.7109  2.6149  1.8445  2.1366  0.7271  0.1386 -0.0647 -0.1589
 232  1.676705  3.7092  2.5752  1.8775  2.0763  0.6543  0.0592 -0.1473 -0.2441
 233  1.677642  3.7075  2.5355  1.9107  2.0163  0.5815 -0.0204 -0.2302 -0.3294
 234  1.678525  3.7058  2.4969  1.9425  1.9606  0.5122 -0.0966 -0.3095 -0.4112
 235  1.679364  3.7040  2.4590  1.9737  1.9069  0.4449 -0.1708 -0.3869 -0.4913
 236  1.680173  3.7023  2.4215  2.0043  1.8561  0.3792 -0.2435 -0.4629 -0.5701
 237  1.680937  3.7005  2.3845  2.0343  1.8084  0.3157 -0.3144 -0.5372 -0.6470
 238  1.681684  3.6986  2.3463  2.0654  1.7621  0.2497 -0.3882 -0.6146 -0.7270
 239  1.682380  3.6968  2.3101  2.0946  1.7234  0.1884 -0.4575 -0.6874 -0.8022
 240  1.683022  3.6951  2.2751  2.1228  1.6879  0.1295 -0.5244 -0.7577 -0.8749
 241  1.683659  3.6933  2.2390  2.1519  1.6528  0.0692 -0.5933 -0.8302 -0.9499
 242  1.684243  3.6916  2.2049  2.1792  1.6210  0.0126 -0.6583 -0.8984 -1.0206
 243  1.684810  3.6899  2.1709  2.2065  1.5907 -0.0434 -0.7227 -0.9664 -1.0909
 244  1.685352  3.6882  2.1373  2.2334  1.5619 -0.0982 -0.7862 -1.0334 -1.1602
 245  1.685866  3.6865  2.1053  2.2591  1.5356 -0.1500 -0.8465 -1.0971 -1.2263
 246  1.686348  3.6850  2.0754  2.2828  1.5116 -0.1980 -0.9024 -1.1562 -1.2877
 247  1.686817  3.6836  2.0479  2.3050  1.4892 -0.2424 -0.9542 -1.2110 -1.3445
 248  1.687262  3.6826  2.0272  2.3217  1.4710 -0.2765 -0.9936 -1.2526 -1.3874
 249  1.687713  3.6821  2.0160  2.3309  1.4607 -0.2953 -1.0153 -1.2754 -1.4110
 250  1.688164  3.6821  2.0158  2.3312  1.4595 -0.2962 -1.0162 -1.2763 -1.4119
 251  1.688639  3.6831  2.0359  2.3155  1.4726 -0.2656 -0.9798 -1.2375 -1.3714
 252  1.689141  3.6867  2.0984  2.2674  1.5105 -0.1721 -0.8678 -1.1181 -1.2471
 253  1.689774  3.6899  2.1602  2.2189  1.5578 -0.0746 -0.7537 -0.9973 -1.1217
 254  1.690514  3.6876  2.1134  2.2563  1.5185 -0.1508 -0.8421 -1.0906 -1.2183
 255  1.691214  3.6842  2.0478  2.3086  1.4663 -0.2561 -0.9650 -1.2205 -1.3530
 256  1.691840  3.6816  1.9955  2.3503  1.4256 -0.3394 -1.0624 -1.3238 -1.4602
 257  1.692408  3.6789  1.9458  2.3894  1.3866 -0.4165 -1.1530 -1.4200 -1.5605
 258  1.692939  3.6763  1.8972  2.4277  1.3497 -0.4911 -1.2409 -1.5137 -1.6582
 259  1.693414  3.6738  1.8516  2.4636  1.3165 -0.5603 -1.3230 -1.6011 -1.7495
 260  1.693859  3.6714  1.8068  2.4989  1.2853 -0.6278 -1.4032 -1.6869 -1.8392
 261  1.694264  3.6691  1.7639  2.5326  1.2574 -0.6915 -1.4795 -1.7685 -1.9245
 262  1.694643  3.6668  1.7217  2.5657  1.2315 -0.7536 -1.5541 -1.8486 -2.0084
 263  1.694993  3.6646  1.6808  2.5978  1.2083 -0.8131 -1.6260 -1.9258 -2.0894
 264  1.695323  3.6623  1.6403  2.6295  1.1873 -0.8714 -1.6968 -2.0020 -2.1694
 265  1.695629  3.6602  1.6007  2.6606  1.1682 -0.9279 -1.7656 -2.0761 -2.2473
 266  1.695913  3.6580  1.5623  2.6905  1.1511 -0.9819 -1.8318 -2.1475 -2.3225
 267  1.696022  3.6559  1.5243  2.7201  1.1363 -1.0344 -1.8968 -2.2179 -2.3965
 268  1.696287  3.6539  1.4875  2.7488  1.1232 -1.0848 -1.9593 -2.2857 -2.4680
 269  1.696535  3.6518  1.4515  2.7765  1.1135 -1.1324 -2.0193 -2.3511 -2.5373
 270  1.696766  3.6497  1.4165  2.8034  1.1050 -1.1783 -2.0774 -2.4144 -2.6042
 271  1.696986  3.6477  1.3817  2.8301  1.0983 -1.2230 -2.1345 -2.4770 -2.6705
 272  1.697193  3.6457  1.3475  2.8563  1.0934 -1.2661 -2.1902 -2.5380 -2.7354
 273  1.697389  3.6437  1.3140  2.8819  1.0896 -1.3079 -2.2445 -2.5978 -2.7988
 274  1.697571  3.6418  1.2816  2.9066  1.0877 -1.3474 -2.2966 -2.6550 -2.8597
