#NUMBER OF AGES= 1
#----------------------------------------------------       
#MIX-LEN  Y      Z          Zeff        [Fe/H] [a/Fe]
# 1.9380  0.2488 2.3381E-03 1.7027E-03  -1.00   0.20 
#----------------------------------------------------       
#**PHOTOMETRIC SYSTEM**: SDSS (AB)                          
#----------------------------------------------------       
#AGE= 1.500 EEPS=276
#EEP   M/Mo    LogTeff  LogG   LogL/Lo sdss_u  sdss_g  sdss_r  sdss_i  sdss_z
   3  0.107648  3.5211  5.3299 -2.8222 17.9811 14.5233 12.8812 11.8868 11.3299
   4  0.119150  3.5236  5.2778 -2.7157 17.5906 14.2047 12.5769 11.6110 11.0653
   5  0.133301  3.5266  5.2224 -2.5998 17.1677 13.8569 12.2449 11.3099 10.7769
   6  0.155124  3.5319  5.1621 -2.4524 16.6053 13.3954 11.8076 10.9213 10.4104
   7  0.191696  3.5436  5.1110 -2.2627 15.8009 12.7424 11.1992 10.4036  9.9403
   8  0.242709  3.5556  5.0607 -2.0617 15.0012 12.0707 10.5748  9.8604  9.4432
   9  0.286086  3.5631  5.0279 -1.9277 14.5021 11.6388 10.1732  9.5033  9.1132
  10  0.304736  3.5661  5.0111 -1.8715 14.2987 11.4609 10.0080  9.3548  8.9752
  11  0.313307  3.5674  5.0010 -1.8441 14.2028 11.3763  9.9291  9.2832  8.9081
  12  0.318457  3.5681  4.9939 -1.8269 14.1435 11.3236  9.8799  9.2382  8.8656
  13  0.322302  3.5687  4.9880 -1.8136 14.0983 11.2831  9.8421  9.2034  8.8328
  14  0.325553  3.5692  4.9827 -1.8019 14.0594 11.2482  9.8093  9.1733  8.8044
  15  0.328937  3.5697  4.9773 -1.7901 14.0197 11.2126  9.7759  9.1425  8.7753
  16  0.333075  3.5703  4.9714 -1.7764 13.9733 11.1711  9.7371  9.1068  8.7416
  17  0.338317  3.5710  4.9646 -1.7599 13.9167 11.1206  9.6902  9.0638  8.7009
  18  0.349098  3.5727  4.9534 -1.7281 13.8044 11.0211  9.5982  8.9806  8.6235
  19  0.411198  3.5861  4.8914 -1.5418 13.0930 10.4014  9.0397  8.4857  8.1705
  20  0.426187  3.5901  4.8737 -1.4924 12.8972 10.2334  8.8923  8.3552  8.0510
  21  0.437749  3.5935  4.8592 -1.4528 12.7381 10.0968  8.7734  8.2501  7.9550
  22  0.451582  3.5979  4.8420 -1.4044 12.5407  9.9278  8.6282  8.1223  7.8385
  23  0.468989  3.6041  4.8205 -1.3419 12.2807  9.7054  8.4400  7.9569  7.6878
  24  0.485984  3.6107  4.8002 -1.2794 12.0164  9.4786  8.2522  7.7923  7.5377
  25  0.499626  3.6166  4.7855 -1.2292 11.7988  9.2920  8.1008  7.6602  7.4174
  26  0.509311  3.6210  4.7761 -1.1934 11.6403  9.1559  7.9924  7.5662  7.3324
  27  0.516659  3.6247  4.7694 -1.1661 11.5169  9.0497  7.9087  7.4942  7.2674
  28  0.522774  3.6279  4.7642 -1.1430 11.4124  8.9585  7.8373  7.4334  7.2130
  29  0.528774  3.6311  4.7594 -1.1203 11.3081  8.8680  7.7672  7.3737  7.1597
  30  0.535884  3.6350  4.7543 -1.0938 11.1833  8.7608  7.6847  7.3040  7.0977
  31  0.545671  3.6405  4.7483 -1.0581 11.0089  8.6136  7.5728  7.2096  7.0138
  32  0.559968  3.6488  4.7408 -1.0060 10.7342  8.3944  7.4091  7.0718  6.8917
  33  0.578839  3.6609  4.7338 -0.9364 10.3248  8.0941  7.1900  6.8873  6.7286
  34  0.601937  3.6754  4.7263 -0.8536  9.8059  7.7457  6.9359  6.6680  6.5323
  35  0.628671  3.6915  4.7174 -0.7619  9.1927  7.3787  6.6664  6.4307  6.3172
  36  0.660268  3.7093  4.7060 -0.6577  8.5887  6.9968  6.3705  6.1665  6.0770
  37  0.704612  3.7318  4.6868 -0.5205  7.8822  6.5375  6.0010  5.8322  5.7708
  38  0.862653  3.7907  4.5836 -0.0937  6.1590  5.2682  4.9493  4.8687  4.8710
  39  0.877426  3.7955  4.5724 -0.0558  6.0352  5.1614  4.8585  4.7851  4.7923
  40  0.888751  3.7990  4.5635 -0.0273  5.9436  5.0820  4.7904  4.7223  4.7328
  41  0.901728  3.8029  4.5531  0.0049  5.8426  4.9931  4.7141  4.6516  4.6657
  42  0.914912  3.8066  4.5421  0.0370  5.7440  4.9047  4.6375  4.5805  4.5980
  43  0.928159  3.8101  4.5307  0.0690  5.6486  4.8170  4.5612  4.5095  4.5304
  44  0.942074  3.8138  4.5189  0.1020  5.5513  4.7263  4.4820  4.4359  4.4602
  45  0.956741  3.8178  4.5067  0.1365  5.4511  4.6315  4.3994  4.3593  4.3872
  46  0.971064  3.8216  4.4949  0.1700  5.3552  4.5398  4.3193  4.2851  4.3164
  47  0.985760  3.8255  4.4831  0.2038  5.2593  4.4470  4.2383  4.2101  4.2450
  48  1.001736  3.8297  4.4710  0.2398  5.1584  4.3483  4.1524  4.1309  4.1694
  49  1.019531  3.8345  4.4589  0.2788  5.0497  4.2409  4.0592  4.0453  4.0880
  50  1.036785  3.8392  4.4479  0.3159  4.9471  4.1383  3.9706  3.9640  4.0108
  51  1.051622  3.8433  4.4387  0.3477  4.8606  4.0502  3.8948  3.8950  3.9451
  52  1.060156  3.8456  4.4333  0.3660  4.8114  3.9994  3.8513  3.8554  3.9074
  53  1.068236  3.8479  4.4283  0.3834  4.7659  3.9508  3.8103  3.8184  3.8723
  54  1.076061  3.8501  4.4234  0.4002  4.7222  3.9039  3.7709  3.7829  3.8385
  55  1.083779  3.8523  4.4187  0.4166  4.6793  3.8577  3.7320  3.7480  3.8053
  56  1.091501  3.8545  4.4143  0.4330  4.6368  3.8117  3.6935  3.7134  3.7724
  57  1.099255  3.8568  4.4102  0.4495  4.5944  3.7657  3.6548  3.6788  3.7395
  58  1.105680  3.8589  4.4072  0.4633  4.5582  3.7270  3.6216  3.6490  3.7110
  59  1.113396  3.8612  4.4037  0.4795  4.5152  3.6823  3.5827  3.6137  3.6772
  60  1.120944  3.8636  4.4005  0.4952  4.4734  3.6387  3.5448  3.5792  3.6443
  61  1.128286  3.8661  4.3978  0.5104  4.4328  3.5963  3.5082  3.5463  3.6126
  62  1.135425  3.8685  4.3953  0.5250  4.3937  3.5552  3.4729  3.5147  3.5825
  63  1.142376  3.8708  4.3932  0.5393  4.3565  3.5149  3.4396  3.4855  3.5550
  64  1.149192  3.8732  4.3914  0.5533  4.3207  3.4751  3.4077  3.4583  3.5296
  65  1.155857  3.8755  4.3898  0.5668  4.2859  3.4361  3.3769  3.4323  3.5052
  66  1.162393  3.8780  4.3887  0.5801  4.2519  3.3978  3.3470  3.4070  3.4819
  67  1.168873  3.8804  4.3876  0.5932  4.2183  3.3602  3.3174  3.3822  3.4588
  68  1.175306  3.8829  4.3868  0.6062  4.1841  3.3231  3.2873  3.3564  3.4344
  69  1.181751  3.8853  4.3860  0.6191  4.1497  3.2864  3.2569  3.3300  3.4092
  70  1.188221  3.8877  4.3853  0.6321  4.1151  3.2500  3.2264  3.3033  3.3836
  71  1.194732  3.8901  4.3843  0.6451  4.0804  3.2137  3.1958  3.2766  3.3580
  72  1.201304  3.8926  4.3833  0.6581  4.0457  3.1772  3.1652  3.2500  3.3325
  73  1.207952  3.8950  4.3822  0.6712  4.0111  3.1408  3.1355  3.2243  3.3083
  74  1.214639  3.8975  4.3812  0.6844  3.9767  3.1045  3.1057  3.1989  3.2842
  75  1.221346  3.8998  4.3801  0.6976  3.9424  3.0681  3.0763  3.1737  3.2606
  76  1.228080  3.9022  4.3787  0.7108  3.9083  3.0319  3.0470  3.1488  3.2369
  77  1.234848  3.9045  4.3774  0.7240  3.8745  2.9957  3.0175  3.1236  3.2130
  78  1.241639  3.9069  4.3758  0.7372  3.8410  2.9595  2.9881  3.0981  3.1888
  79  1.248493  3.9092  4.3740  0.7504  3.8076  2.9232  2.9583  3.0725  3.1642
  80  1.255578  3.9114  4.3720  0.7639  3.7731  2.8860  2.9276  3.0461  3.1387
  81  1.262947  3.9136  4.3694  0.7779  3.7373  2.8477  2.8960  3.0186  3.1120
  82  1.268262  3.9152  4.3676  0.7879  3.7113  2.8203  2.8732  2.9989  3.0927
  83  1.273543  3.9167  4.3656  0.7979  3.6856  2.7934  2.8507  2.9792  3.0734
  84  1.278769  3.9183  4.3635  0.8076  3.6603  2.7672  2.8287  2.9598  3.0545
  85  1.283921  3.9196  4.3613  0.8172  3.6355  2.7416  2.8071  2.9409  3.0358
  86  1.288971  3.9209  4.3589  0.8264  3.6113  2.7168  2.7862  2.9224  3.0174
  87  1.293896  3.9221  4.3565  0.8355  3.5880  2.6929  2.7659  2.9044  2.9996
  88  1.298688  3.9233  4.3538  0.8442  3.5657  2.6699  2.7463  2.8869  2.9823
  89  1.303367  3.9243  4.3512  0.8526  3.5441  2.6476  2.7274  2.8698  2.9655
  90  1.307989  3.9254  4.3484  0.8611  3.5231  2.6259  2.7087  2.8530  2.9488
  91  1.312603  3.9263  4.3454  0.8693  3.5023  2.6044  2.6903  2.8362  2.9322
  92  1.317237  3.9272  4.3423  0.8776  3.4816  2.5830  2.6717  2.8191  2.9155
  93  1.321912  3.9280  4.3389  0.8859  3.4610  2.5617  2.6531  2.8020  2.8986
  94  1.326643  3.9288  4.3353  0.8943  3.4404  2.5401  2.6341  2.7845  2.8814
  95  1.331442  3.9297  4.3314  0.9028  3.4195  2.5184  2.6150  2.7666  2.8638
  96  1.336269  3.9304  4.3275  0.9113  3.3986  2.4966  2.5956  2.7486  2.8460
  97  1.341126  3.9311  4.3233  0.9200  3.3775  2.4745  2.5761  2.7302  2.8281
  98  1.345979  3.9318  4.3191  0.9287  3.3564  2.4525  2.5565  2.7118  2.8099
  99  1.350754  3.9325  4.3148  0.9373  3.3353  2.4306  2.5369  2.6934  2.7918
 100  1.355384  3.9333  4.3106  0.9459  3.3146  2.4090  2.5177  2.6754  2.7741
 101  1.359808  3.9340  4.3067  0.9542  3.2943  2.3881  2.4992  2.6580  2.7570
 102  1.363944  3.9348  4.3031  0.9623  3.2747  2.3679  2.4815  2.6416  2.7410
 103  1.367762  3.9356  4.2999  0.9700  3.2559  2.3486  2.4648  2.6262  2.7260
 104  1.371234  3.9365  4.2974  0.9774  3.2380  2.3304  2.4494  2.6122  2.7124
 105  1.374343  3.9377  4.2959  0.9844  3.2211  2.3133  2.4355  2.5998  2.7007
 106  1.377079  3.9388  4.2943  0.9909  3.2053  2.2976  2.4227  2.5885  2.6899
 107  1.379440  3.9399  4.2937  0.9970  3.1907  2.2832  2.4115  2.5789  2.6810
 108  1.381455  3.9412  4.2937  1.0027  3.1770  2.2699  2.4016  2.5707  2.6735
 109  1.383193  3.9425  4.2939  1.0082  3.1642  2.2578  2.3926  2.5632  2.6667
 110  1.384678  3.9437  4.2944  1.0132  3.1521  2.2465  2.3844  2.5566  2.6610
 111  1.385965  3.9450  4.2950  1.0180  3.1406  2.2360  2.3770  2.5507  2.6557
 112  1.387768  3.9470  4.2961  1.0254  3.1231  2.2202  2.3657  2.5418  2.6481
 113  1.389412  3.9488  4.2970  1.0324  3.1061  2.2052  2.3548  2.5332  2.6405
 114  1.390898  3.9505  4.2972  1.0394  3.0893  2.1903  2.3436  2.5240  2.6322
 115  1.392563  3.9521  4.2966  1.0466  3.0717  2.1747  2.3314  2.5136  2.6226
 116  1.395457  3.9531  4.2942  1.0541  3.0530  2.1574  2.3163  2.4998  2.6093
 117  1.398636  3.9537  4.2903  1.0616  3.0348  2.1397  2.3002  2.4845  2.5942
 118  1.401607  3.9543  4.2867  1.0685  3.0175  2.1231  2.2849  2.4701  2.5800
 119  1.404387  3.9549  4.2832  1.0753  3.0010  2.1072  2.2703  2.4563  2.5664
 120  1.407048  3.9554  4.2793  1.0817  2.9851  2.0918  2.2559  2.4425  2.5527
 121  1.409616  3.9557  4.2752  1.0879  2.9696  2.0766  2.2416  2.4287  2.5389
 122  1.412135  3.9559  4.2709  1.0941  2.9544  2.0616  2.2272  2.4147  2.5249
 123  1.414650  3.9561  4.2664  1.1001  2.9394  2.0465  2.2127  2.4005  2.5106
 124  1.417200  3.9562  4.2616  1.1062  2.9243  2.0314  2.1981  2.3863  2.4963
 125  1.419816  3.9564  4.2570  1.1122  2.9091  2.0162  2.1834  2.3719  2.4818
 126  1.422501  3.9566  4.2525  1.1184  2.8937  2.0009  2.1687  2.3576  2.4674
 127  1.425262  3.9569  4.2484  1.1247  2.8782  1.9857  2.1543  2.3437  2.4536
 128  1.428103  3.9572  4.2442  1.1310  2.8624  1.9702  2.1396  2.3293  2.4392
 129  1.430950  3.9575  4.2398  1.1375  2.8464  1.9546  2.1247  2.3149  2.4248
 130  1.433807  3.9578  4.2352  1.1439  2.8302  1.9387  2.1094  2.3000  2.4099
 131  1.436698  3.9581  4.2304  1.1506  2.8137  1.9223  2.0937  2.2848  2.3946
 132  1.439625  3.9583  4.2254  1.1573  2.7970  1.9058  2.0778  2.2692  2.3789
 133  1.442574  3.9585  4.2202  1.1641  2.7800  1.8889  2.0614  2.2531  2.3628
 134  1.445530  3.9586  4.2147  1.1710  2.7628  1.8716  2.0446  2.2367  2.3462
 135  1.448482  3.9587  4.2091  1.1780  2.7454  1.8541  2.0276  2.2199  2.3292
 136  1.451466  3.9588  4.2030  1.1851  2.7276  1.8361  2.0098  2.2024  2.3116
 137  1.454445  3.9587  4.1966  1.1923  2.7095  1.8176  1.9917  2.1844  2.2934
 138  1.457355  3.9587  4.1901  1.1996  2.6914  1.7991  1.9733  2.1662  2.2749
 139  1.460156  3.9586  4.1834  1.2068  2.6735  1.7808  1.9551  2.1481  2.2564
 140  1.462826  3.9584  4.1768  1.2136  2.6563  1.7628  1.9372  2.1302  2.2382
 141  1.465360  3.9583  4.1701  1.2203  2.6397  1.7454  1.9197  2.1128  2.2205
 142  1.467753  3.9580  4.1634  1.2266  2.6239  1.7287  1.9028  2.0958  2.2031
 143  1.470008  3.9578  4.1569  1.2327  2.6087  1.7126  1.8865  2.0793  2.1863
 144  1.472130  3.9574  4.1504  1.2384  2.5943  1.6972  1.8707  2.0634  2.1700
 145  1.474130  3.9570  4.1440  1.2440  2.5805  1.6822  1.8554  2.0480  2.1541
 146  1.476017  3.9567  4.1378  1.2492  2.5673  1.6677  1.8406  2.0329  2.1386
 147  1.477796  3.9563  4.1316  1.2543  2.5548  1.6538  1.8262  2.0183  2.1236
 148  1.479480  3.9558  4.1254  1.2591  2.5428  1.6405  1.8124  2.0042  2.1090
 149  1.481077  3.9553  4.1194  1.2637  2.5313  1.6277  1.7988  1.9904  2.0947
 150  1.482593  3.9548  4.1134  1.2681  2.5203  1.6152  1.7858  1.9770  2.0808
 151  1.484041  3.9542  4.1075  1.2723  2.5097  1.6031  1.7730  1.9638  2.0672
 152  1.485423  3.9537  4.1016  1.2763  2.4996  1.5914  1.7607  1.9510  2.0539
 153  1.486747  3.9531  4.0957  1.2802  2.4900  1.5802  1.7486  1.9385  2.0408
 154  1.488020  3.9524  4.0898  1.2839  2.4806  1.5692  1.7367  1.9261  2.0278
 155  1.489247  3.9517  4.0838  1.2875  2.4716  1.5584  1.7250  1.9139  2.0150
 156  1.490433  3.9510  4.0779  1.2910  2.4627  1.5479  1.7135  1.9017  2.0021
 157  1.491582  3.9503  4.0718  1.2945  2.4541  1.5376  1.7019  1.8896  1.9894
 158  1.492697  3.9496  4.0657  1.2978  2.4458  1.5273  1.6905  1.8775  1.9767
 159  1.493784  3.9487  4.0595  1.3010  2.4374  1.5172  1.6792  1.8655  1.9640
 160  1.494844  3.9479  4.0532  1.3043  2.4294  1.5072  1.6679  1.8534  1.9512
 161  1.495882  3.9470  4.0467  1.3074  2.4214  1.4974  1.6567  1.8413  1.9384
 162  1.497744  3.9452  4.0349  1.3131  2.4073  1.4797  1.6361  1.8192  1.9148
 163  1.499573  3.9433  4.0218  1.3187  2.3931  1.4616  1.6147  1.7957  1.8897
 164  1.501367  3.9410  4.0075  1.3245  2.3791  1.4433  1.5924  1.7711  1.8632
 165  1.503123  3.9384  3.9919  1.3302  2.3651  1.4247  1.5693  1.7451  1.8351
 166  1.504843  3.9354  3.9746  1.3359  2.3514  1.4063  1.5451  1.7174  1.8050
 167  1.506526  3.9319  3.9554  1.3416  2.3379  1.3880  1.5198  1.6879  1.7726
 168  1.508167  3.9277  3.9337  1.3472  2.3257  1.3712  1.4935  1.6562  1.7383
 169  1.509760  3.9230  3.9096  1.3526  2.3169  1.3582  1.4671  1.6227  1.7033
 170  1.511295  3.9173  3.8824  1.3578  2.3111  1.3502  1.4413  1.5873  1.6669
 171  1.512755  3.9108  3.8519  1.3624  2.3064  1.3459  1.4159  1.5507  1.6279
 172  1.514125  3.9033  3.8181  1.3665  2.3038  1.3434  1.3919  1.5141  1.5875
 173  1.515389  3.8948  3.7813  1.3700  2.3052  1.3452  1.3701  1.4777  1.5476
 174  1.516537  3.8856  3.7420  1.3724  2.3097  1.3531  1.3506  1.4415  1.5079
 175  1.517566  3.8756  3.7011  1.3739  2.3195  1.3660  1.3352  1.4087  1.4703
 176  1.518483  3.8653  3.6594  1.3745  2.3332  1.3840  1.3232  1.3785  1.4344
 177  1.519300  3.8546  3.6173  1.3741  2.3515  1.4069  1.3143  1.3509  1.4004
 178  1.520048  3.8438  3.5755  1.3729  2.3754  1.4340  1.3092  1.3270  1.3693
 179  1.520751  3.8332  3.5352  1.3707  2.4045  1.4645  1.3077  1.3072  1.3417
 180  1.521451  3.8229  3.4982  1.3672  2.4399  1.4985  1.3104  1.2927  1.3191
 181  1.522137  3.8136  3.4659  1.3622  2.4820  1.5350  1.3181  1.2849  1.3035
 182  1.522951  3.8036  3.4345  1.3542  2.5392  1.5820  1.3340  1.2843  1.2941
 183  1.523736  3.7951  3.4112  1.3435  2.6018  1.6332  1.3576  1.2938  1.2958
 184  1.524463  3.7878  3.3947  1.3307  2.6651  1.6889  1.3887  1.3126  1.3074
 185  1.525124  3.7814  3.3839  1.3160  2.7325  1.7471  1.4247  1.3378  1.3261
 186  1.525728  3.7756  3.3774  1.3000  2.8069  1.8063  1.4629  1.3665  1.3492
 187  1.526296  3.7705  3.3738  1.2834  2.8854  1.8658  1.5026  1.3979  1.3755
 188  1.526854  3.7658  3.3720  1.2663  2.9653  1.9254  1.5437  1.4312  1.4040
 189  1.527439  3.7612  3.3706  1.2494  3.0450  1.9848  1.5856  1.4656  1.4336
 190  1.528111  3.7566  3.3680  1.2337  3.1235  2.0413  1.6251  1.4977  1.4607
 191  1.528919  3.7520  3.3614  1.2225  3.1933  2.0873  1.6542  1.5195  1.4776
 192  1.529877  3.7479  3.3501  1.2174  3.2472  2.1170  1.6684  1.5270  1.4802
 193  1.530977  3.7443  3.3345  1.2190  3.2808  2.1278  1.6657  1.5186  1.4678
 194  1.532074  3.7416  3.3167  1.2264  3.2916  2.1207  1.6485  1.4972  1.4431
 195  1.533090  3.7397  3.2986  1.2368  3.2879  2.1031  1.6237  1.4691  1.4127
 196  1.534049  3.7380  3.2809  1.2485  3.2769  2.0809  1.5957  1.4385  1.3802
 197  1.534986  3.7367  3.2633  1.2608  3.2620  2.0561  1.5657  1.4064  1.3465
 198  1.535907  3.7355  3.2459  1.2737  3.2439  2.0292  1.5344  1.3732  1.3117
 199  1.536820  3.7343  3.2284  1.2870  3.2237  2.0009  1.5020  1.3390  1.2762
 200  1.537725  3.7333  3.2109  1.3008  3.2014  1.9710  1.4684  1.3038  1.2398
 201  1.538622  3.7324  3.1933  1.3149  3.1774  1.9400  1.4340  1.2679  1.2028
 202  1.539512  3.7316  3.1759  1.3292  3.1523  1.9080  1.3990  1.2314  1.1652
 203  1.540393  3.7308  3.1583  1.3438  3.1261  1.8753  1.3633  1.1944  1.1272
 204  1.541270  3.7300  3.1408  1.3586  3.0990  1.8420  1.3271  1.1571  1.0889
 205  1.542140  3.7292  3.1231  1.3734  3.0712  1.8082  1.2906  1.1194  1.0501
 206  1.543003  3.7285  3.1054  1.3886  3.0428  1.7738  1.2536  1.0812  1.0111
 207  1.543859  3.7279  3.0876  1.4038  3.0138  1.7391  1.2163  1.0427  0.9717
 208  1.544709  3.7272  3.0696  1.4192  2.9840  1.7039  1.1785  1.0038  0.9318
 209  1.545552  3.7265  3.0516  1.4347  2.9542  1.6684  1.1405  0.9646  0.8918
 210  1.546385  3.7258  3.0334  1.4505  2.9233  1.6322  1.1019  0.9250  0.8514
 211  1.547210  3.7252  3.0152  1.4663  2.8924  1.5959  1.0632  0.8852  0.8106
 212  1.548025  3.7245  2.9968  1.4823  2.8613  1.5592  1.0240  0.8449  0.7695
 213  1.548832  3.7238  2.9782  1.4984  2.8304  1.5226  0.9848  0.8043  0.7280
 214  1.549627  3.7231  2.9594  1.5145  2.7994  1.4858  0.9451  0.7635  0.6863
 215  1.550406  3.7223  2.9404  1.5308  2.7682  1.4487  0.9053  0.7224  0.6442
 216  1.551174  3.7217  2.9216  1.5472  2.7367  1.4113  0.8652  0.6811  0.6019
 217  1.551373  3.7215  2.9165  1.5515  2.7283  1.4013  0.8545  0.6701  0.5908
 218  1.551573  3.7213  2.9114  1.5559  2.7200  1.3914  0.8438  0.6590  0.5795
 219  1.551772  3.7211  2.9063  1.5603  2.7116  1.3815  0.8331  0.6480  0.5681
 220  1.551971  3.7210  2.9012  1.5647  2.7033  1.3717  0.8225  0.6370  0.5569
 221  1.552169  3.7208  2.8960  1.5691  2.6948  1.3615  0.8116  0.6258  0.5455
 222  1.552367  3.7206  2.8910  1.5735  2.6863  1.3515  0.8008  0.6148  0.5341
 223  1.552563  3.7204  2.8858  1.5780  2.6779  1.3413  0.7899  0.6035  0.5225
 224  1.552761  3.7202  2.8806  1.5824  2.6694  1.3312  0.7791  0.5923  0.5112
 225  1.552957  3.7200  2.8754  1.5869  2.6608  1.3210  0.7681  0.5810  0.4996
 226  1.553153  3.7198  2.8702  1.5914  2.6523  1.3108  0.7572  0.5698  0.4880
 227  1.554948  3.7179  2.8210  1.6337  2.5722  1.2152  0.6541  0.4634  0.3792
 228  1.556723  3.7159  2.7690  1.6782  2.4880  1.1146  0.5457  0.3514  0.2645
 229  1.558412  3.7138  2.7157  1.7235  2.4007  1.0127  0.4357  0.2376  0.1477
 230  1.559912  3.7117  2.6654  1.7660  2.3208  0.9181  0.3330  0.1313  0.0383
 231  1.561330  3.7096  2.6146  1.8088  2.2412  0.8233  0.2300  0.0243 -0.0716
 232  1.562657  3.7075  2.5633  1.8519  2.1624  0.7283  0.1265 -0.0831 -0.1822
 233  1.563898  3.7052  2.5115  1.8951  2.0851  0.6336  0.0229 -0.1909 -0.2933
 234  1.565045  3.7028  2.4587  1.9386  2.0111  0.5397 -0.0807 -0.2989 -0.4050
 235  1.566084  3.7005  2.4074  1.9805  1.9429  0.4502 -0.1799 -0.4028 -0.5125
 236  1.567074  3.6979  2.3537  2.0242  1.8784  0.3572 -0.2839 -0.5117 -0.6250
 237  1.567957  3.6954  2.3029  2.0654  1.8245  0.2708 -0.3817 -0.6142 -0.7310
 238  1.568787  3.6929  2.2515  2.1069  1.7732  0.1842 -0.4802 -0.7178 -0.8380
 239  1.569537  3.6905  2.2022  2.1466  1.7276  0.1025 -0.5740 -0.8164 -0.9402
 240  1.570236  3.6879  2.1538  2.1855  1.6851  0.0229 -0.6658 -0.9132 -1.0403
 241  1.570875  3.6858  2.1095  2.2210  1.6476 -0.0492 -0.7494 -1.0014 -1.1317
 242  1.571474  3.6840  2.0766  2.2474  1.6203 -0.1026 -0.8114 -1.0670 -1.1996
 243  1.572066  3.6845  2.0818  2.2443  1.6172 -0.0984 -0.8047 -1.0594 -1.1913
 244  1.572729  3.6871  2.1300  2.2064  1.6530 -0.0227 -0.7161 -0.9654 -1.0937
 245  1.573474  3.6850  2.0863  2.2418  1.6136 -0.0953 -0.7996 -1.0535 -1.1848
 246  1.574167  3.6819  2.0275  2.2888  1.5664 -0.1899 -0.9099 -1.1701 -1.3058
 247  1.574783  3.6792  1.9735  2.3317  1.5219 -0.2752 -1.0095 -1.2758 -1.4157
 248  1.575350  3.6764  1.9203  2.3737  1.4806 -0.3572 -1.1061 -1.3785 -1.5227
 249  1.575866  3.6736  1.8685  2.4146  1.4418 -0.4364 -1.1995 -1.4781 -1.6267
 250  1.576338  3.6708  1.8186  2.4539  1.4069 -0.5116 -1.2889 -1.5736 -1.7265
 251  1.576771  3.6683  1.7710  2.4915  1.3761 -0.5825 -1.3736 -1.6643 -1.8214
 252  1.577167  3.6658  1.7241  2.5282  1.3482 -0.6511 -1.4563 -1.7530 -1.9144
 253  1.577536  3.6632  1.6765  2.5656  1.3214 -0.7203 -1.5399 -1.8428 -2.0087
 254  1.577875  3.6607  1.6300  2.6020  1.2975 -0.7871 -1.6211 -1.9301 -2.1005
 255  1.578185  3.6582  1.5848  2.6375  1.2764 -0.8513 -1.6995 -2.0147 -2.1893
 256  1.578473  3.6557  1.5403  2.6723  1.2577 -0.9135 -1.7760 -2.0973 -2.2763
 257  1.578741  3.6533  1.4964  2.7064  1.2414 -0.9737 -1.8505 -2.1781 -2.3615
 258  1.578988  3.6508  1.4534  2.7397  1.2291 -1.0310 -1.9225 -2.2566 -2.4445
 259  1.579217  3.6484  1.4112  2.7721  1.2193 -1.0858 -1.9922 -2.3326 -2.5250
 260  1.579430  3.6459  1.3695  2.8041  1.2115 -1.1393 -2.0607 -2.4078 -2.6046
 261  1.579629  3.6435  1.3287  2.8354  1.2061 -1.1906 -2.1271 -2.4806 -2.6820
 262  1.579813  3.6412  1.2890  2.8657  1.2032 -1.2392 -2.1910 -2.5509 -2.7567
 263  1.579986  3.6388  1.2500  2.8954  1.2023 -1.2861 -2.2531 -2.6197 -2.8299
 264  1.580149  3.6365  1.2116  2.9245  1.2035 -1.3311 -2.3136 -2.6868 -2.9015
 265  1.580300  3.6342  1.1739  2.9530  1.2063 -1.3743 -2.3723 -2.7522 -2.9714
 266  1.580442  3.6319  1.1372  2.9809  1.2104 -1.4158 -2.4293 -2.8159 -3.0396
 267  1.580575  3.6297  1.1009  3.0082  1.2162 -1.4557 -2.4847 -2.8782 -3.1064
 268  1.580700  3.6276  1.0654  3.0350  1.2232 -1.4940 -2.5385 -2.9389 -3.1716
 269  1.580819  3.6255  1.0306  3.0614  1.2319 -1.5307 -2.5907 -2.9981 -3.2354
 270  1.580931  3.6233  0.9963  3.0872  1.2421 -1.5657 -2.6416 -3.0558 -3.2978
 271  1.581036  3.6212  0.9627  3.1122  1.2557 -1.5981 -2.6902 -3.1115 -3.3581
 272  1.581135  3.6191  0.9298  3.1368  1.2700 -1.6292 -2.7376 -3.1659 -3.4171
 273  1.581229  3.6170  0.8976  3.1608  1.2853 -1.6587 -2.7832 -3.2186 -3.4746
 274  1.581318  3.6150  0.8659  3.1843  1.3011 -1.6871 -2.8277 -3.2703 -3.5309
 275  1.581402  3.6130  0.8350  3.2073  1.3174 -1.7141 -2.8705 -3.3203 -3.5858
 276  1.581483  3.6111  0.8047  3.2298  1.3338 -1.7401 -2.9121 -3.3692 -3.6394
 277  1.581748  3.6093  0.7761  3.2514  1.3486 -1.7648 -2.9517 -3.4157 -3.6905
 278  1.581820  3.6075  0.7481  3.2722  1.3648 -1.7878 -2.9893 -3.4605 -3.7400
