#NUMBER OF AGES= 1
#----------------------------------------------------       
#MIX-LEN  Y      Z          Zeff        [Fe/H] [a/Fe]
# 1.9380  0.2488 2.3381E-03 1.7027E-03  -1.00   0.20 
#----------------------------------------------------       
#**PHOTOMETRIC SYSTEM**: SDSS (AB)                          
#----------------------------------------------------       
#AGE= 1.750 EEPS=274
#EEP   M/Mo    LogTeff  LogG   LogL/Lo sdss_u  sdss_g  sdss_r  sdss_i  sdss_z
   4  0.111247  3.5219  5.3131 -2.7877 17.8536 14.4197 12.7822 11.7973 11.2441
   5  0.123420  3.5245  5.2598 -2.6789 17.4565 14.0947 12.4718 11.5155 10.9736
   6  0.139486  3.5280  5.2019 -2.5543 16.9988 13.7177 12.1126 11.1908 10.6635
   7  0.165653  3.5351  5.1433 -2.3921 16.3542 13.1918 11.6170 10.7578 10.2606
   8  0.206536  3.5476  5.0944 -2.1978 15.5359 12.5225 10.9948 10.2274  9.7796
   9  0.254311  3.5579  5.0501 -2.0218 14.8508 11.9415 10.4547  9.7540  9.3451
  10  0.289568  3.5637  5.0234 -1.9155 14.4590 11.6011 10.1381  9.4714  9.0834
  11  0.304841  3.5661  5.0086 -1.8687 14.2905 11.4534 10.0008  9.3479  8.9683
  12  0.312673  3.5673  4.9991 -1.8434 14.2020 11.3753  9.9280  9.2817  8.9063
  13  0.317770  3.5680  4.9921 -1.8264 14.1434 11.3231  9.8792  9.2371  8.8643
  14  0.321476  3.5686  4.9863 -1.8134 14.0996 11.2839  9.8424  9.2033  8.8323
  15  0.324630  3.5690  4.9810 -1.8021 14.0617 11.2499  9.8105  9.1739  8.8045
  16  0.327804  3.5695  4.9758 -1.7909 14.0244 11.2164  9.7791  9.1449  8.7770
  17  0.331429  3.5700  4.9705 -1.7786 13.9831 11.1794  9.7445  9.1130  8.7470
  18  0.337007  3.5708  4.9637 -1.7615 13.9241 11.1268  9.6955  9.0683  8.7049
  19  0.346642  3.5723  4.9541 -1.7336 13.8257 11.0395  9.6149  8.9951  8.6367
  20  0.410660  3.5860  4.8912 -1.5425 13.0967 10.4044  9.0422  8.4877  8.1723
  21  0.425771  3.5900  4.8730 -1.4926 12.8998 10.2352  8.8935  8.3559  8.0515
  22  0.437252  3.5933  4.8586 -1.4531 12.7408 10.0988  8.7749  8.2511  7.9557
  23  0.450938  3.5977  4.8413 -1.4052 12.5458  9.9317  8.6310  8.1244  7.8402
  24  0.468361  3.6038  4.8197 -1.3425 12.2860  9.7094  8.4428  7.9590  7.6894
  25  0.485574  3.6106  4.7991 -1.2793 12.0186  9.4800  8.2526  7.7922  7.5373
  26  0.499359  3.6165  4.7842 -1.2285 11.7984  9.2910  8.0993  7.6585  7.4157
  27  0.509130  3.6210  4.7747 -1.1924 11.6382  9.1536  7.9899  7.5636  7.3297
  28  0.516500  3.6248  4.7681 -1.1648 11.5136  9.0463  7.9054  7.4910  7.2643
  29  0.522672  3.6279  4.7628 -1.1415 11.4079  8.9541  7.8333  7.4295  7.2092
  30  0.528734  3.6312  4.7579 -1.1184 11.3020  8.8622  7.7621  7.3690  7.1552
  31  0.535914  3.6352  4.7527 -1.0916 11.1756  8.7536  7.6787  7.2985  7.0924
  32  0.545819  3.6408  4.7467 -1.0554 10.9985  8.6044  7.5652  7.2027  7.0074
  33  0.560209  3.6492  4.7391 -1.0028 10.7201  8.3829  7.3999  7.0636  6.8841
  34  0.578946  3.6612  4.7322 -0.9335 10.3109  8.0836  7.1817  6.8798  6.7218
  35  0.601646  3.6755  4.7248 -0.8519  9.7980  7.7399  6.9309  6.6634  6.5279
  36  0.627716  3.6913  4.7161 -0.7619  9.1978  7.3807  6.6671  6.4310  6.3173
  37  0.657952  3.7084  4.7049 -0.6616  8.6114  7.0117  6.3820  6.1764  6.0858
  38  0.695368  3.7278  4.6888 -0.5441  8.0072  6.6156  6.0632  5.8884  5.8224
  39  0.834234  3.7823  4.5986 -0.1569  6.3714  5.4501  5.1025  5.0085  5.0019
  40  0.857956  3.7899  4.5810 -0.0964  6.1696  5.2771  4.9557  4.8739  4.8753
  41  0.871050  3.7942  4.5710 -0.0631  6.0614  5.1828  4.8754  4.8000  4.8058
  42  0.882347  3.7977  4.5619 -0.0341  5.9678  5.1017  4.8061  4.7361  4.7454
  43  0.893901  3.8013  4.5525 -0.0046  5.8748  5.0203  4.7363  4.6716  4.6843
  44  0.906261  3.8049  4.5422  0.0261  5.7792  4.9352  4.6629  4.6034  4.6195
  45  0.918430  3.8083  4.5315  0.0562  5.6884  4.8526  4.5911  4.5366  4.5559
  46  0.930732  3.8116  4.5204  0.0864  5.5994  4.7701  4.5191  4.4697  4.4919
  47  0.943360  3.8150  4.5091  0.1169  5.5102  4.6864  4.4458  4.4015  4.4269
  48  0.956202  3.8185  4.4979  0.1477  5.4213  4.6019  4.3720  4.3330  4.3615
  49  0.968519  3.8218  4.4873  0.1772  5.3373  4.5214  4.3016  4.2677  4.2992
  50  0.980700  3.8250  4.4767  0.2059  5.2560  4.4425  4.2326  4.2038  4.2381
  51  0.993200  3.8283  4.4664  0.2350  5.1745  4.3629  4.1629  4.1393  4.1766
  52  1.001455  3.8305  4.4600  0.2539  5.1219  4.3110  4.1177  4.0976  4.1369
  53  1.010338  3.8329  4.4534  0.2739  5.0663  4.2559  4.0698  4.0536  4.0949
  54  1.019613  3.8354  4.4470  0.2946  5.0091  4.1992  4.0206  4.0082  4.0518
  55  1.028932  3.8380  4.4407  0.3150  4.9525  4.1424  3.9715  3.9632  4.0089
  56  1.038000  3.8405  4.4347  0.3349  4.8981  4.0874  3.9239  3.9198  3.9676
  57  1.046576  3.8429  4.4291  0.3538  4.8470  4.0354  3.8791  3.8789  3.9286
  58  1.054492  3.8451  4.4238  0.3712  4.8002  3.9870  3.8376  3.8410  3.8927
  59  1.061940  3.8473  4.4188  0.3876  4.7569  3.9410  3.7987  3.8058  3.8591
  60  1.069053  3.8493  4.4139  0.4034  4.7158  3.8971  3.7616  3.7723  3.8271
  61  1.075953  3.8512  4.4092  0.4186  4.6762  3.8544  3.7255  3.7398  3.7962
  62  1.082709  3.8531  4.4048  0.4336  4.6376  3.8128  3.6903  3.7081  3.7659
  63  1.089380  3.8551  4.4006  0.4483  4.5995  3.7717  3.6556  3.6769  3.7362
  64  1.095982  3.8570  4.3967  0.4628  4.5622  3.7310  3.6214  3.6462  3.7069
  65  1.102054  3.8590  4.3934  0.4761  4.5273  3.6939  3.5894  3.6173  3.6793
  66  1.108463  3.8610  4.3901  0.4901  4.4902  3.6553  3.5558  3.5866  3.6498
  67  1.114028  3.8629  4.3876  0.5024  4.4573  3.6209  3.5259  3.5596  3.6239
  68  1.120099  3.8649  4.3848  0.5155  4.4225  3.5844  3.4942  3.5309  3.5964
  69  1.126027  3.8670  4.3823  0.5283  4.3884  3.5488  3.4634  3.5032  3.5699
  70  1.131824  3.8689  4.3800  0.5407  4.3554  3.5140  3.4335  3.4765  3.5444
  71  1.137517  3.8709  4.3780  0.5531  4.3236  3.4794  3.4050  3.4515  3.5208
  72  1.143157  3.8729  4.3761  0.5651  4.2927  3.4450  3.3773  3.4277  3.4985
  73  1.148771  3.8749  4.3742  0.5771  4.2620  3.4108  3.3500  3.4043  3.4766
  74  1.154326  3.8770  4.3726  0.5889  4.2318  3.3769  3.3230  3.3814  3.4552
  75  1.159821  3.8790  4.3712  0.6005  4.2018  3.3433  3.2965  3.3590  3.4342
  76  1.165273  3.8811  4.3699  0.6122  4.1720  3.3102  3.2702  3.3366  3.4133
  77  1.170697  3.8831  4.3687  0.6237  4.1417  3.2776  3.2432  3.3132  3.3911
  78  1.176112  3.8852  4.3675  0.6352  4.1112  3.2453  3.2162  3.2895  3.3684
  79  1.181542  3.8873  4.3663  0.6466  4.0808  3.2130  3.1891  3.2659  3.3457
  80  1.186980  3.8894  4.3651  0.6581  4.0503  3.1810  3.1621  3.2421  3.3228
  81  1.192450  3.8914  4.3638  0.6695  4.0198  3.1490  3.1350  3.2184  3.3000
  82  1.197257  3.8931  4.3625  0.6796  3.9934  3.1212  3.1116  3.1979  3.2803
  83  1.201986  3.8948  4.3611  0.6894  3.9676  3.0940  3.0892  3.1783  3.2617
  84  1.206616  3.8965  4.3598  0.6990  3.9426  3.0675  3.0672  3.1593  3.2437
  85  1.211145  3.8981  4.3583  0.7084  3.9182  3.0417  3.0460  3.1409  3.2262
  86  1.215574  3.8996  4.3569  0.7175  3.8945  3.0166  3.0252  3.1230  3.2091
  87  1.219904  3.9010  4.3554  0.7265  3.8716  2.9921  3.0051  3.1055  3.1926
  88  1.224141  3.9024  4.3539  0.7352  3.8491  2.9684  2.9855  3.0884  3.1763
  89  1.228310  3.9039  4.3522  0.7437  3.8272  2.9451  2.9662  3.0717  3.1602
  90  1.232424  3.9052  4.3506  0.7522  3.8060  2.9221  2.9471  3.0550  3.1442
  91  1.236504  3.9064  4.3489  0.7604  3.7850  2.8996  2.9283  3.0385  3.1282
  92  1.240568  3.9076  4.3469  0.7686  3.7643  2.8773  2.9096  3.0221  3.1123
  93  1.244639  3.9088  4.3450  0.7768  3.7436  2.8549  2.8909  3.0055  3.0964
  94  1.248735  3.9100  4.3429  0.7849  3.7230  2.8327  2.8721  2.9889  3.0802
  95  1.252896  3.9111  4.3405  0.7933  3.7021  2.8103  2.8531  2.9721  3.0637
  96  1.257125  3.9122  4.3381  0.8017  3.6808  2.7876  2.8337  2.9547  3.0469
  97  1.261384  3.9133  4.3355  0.8101  3.6593  2.7647  2.8141  2.9373  3.0298
  98  1.265630  3.9144  4.3328  0.8185  3.6378  2.7419  2.7945  2.9198  3.0126
  99  1.269840  3.9155  4.3300  0.8270  3.6162  2.7191  2.7750  2.9022  2.9953
 100  1.273974  3.9165  4.3273  0.8353  3.5947  2.6966  2.7555  2.8848  2.9782
 101  1.277978  3.9175  4.3244  0.8436  3.5735  2.6745  2.7365  2.8678  2.9613
 102  1.281800  3.9186  4.3218  0.8517  3.5526  2.6528  2.7179  2.8513  2.9448
 103  1.285406  3.9195  4.3192  0.8594  3.5325  2.6321  2.7001  2.8353  2.9290
 104  1.288758  3.9205  4.3168  0.8670  3.5130  2.6119  2.6830  2.8201  2.9140
 105  1.291839  3.9217  4.3150  0.8742  3.4941  2.5925  2.6668  2.8060  2.9000
 106  1.294649  3.9227  4.3130  0.8811  3.4764  2.5744  2.6516  2.7927  2.8868
 107  1.297231  3.9237  4.3117  0.8876  3.4593  2.5569  2.6374  2.7803  2.8746
 108  1.299635  3.9248  4.3105  0.8940  3.4429  2.5401  2.6239  2.7686  2.8632
 109  1.302133  3.9260  4.3095  0.9005  3.4262  2.5231  2.6103  2.7571  2.8520
 110  1.304821  3.9271  4.3082  0.9071  3.4092  2.5056  2.5963  2.7449  2.8402
 111  1.307557  3.9282  4.3065  0.9139  3.3923  2.4882  2.5821  2.7325  2.8281
 112  1.310925  3.9295  4.3044  0.9226  3.3710  2.4661  2.5642  2.7167  2.8128
 113  1.314385  3.9308  4.3020  0.9312  3.3500  2.4442  2.5462  2.7007  2.7976
 114  1.317968  3.9319  4.2989  0.9398  3.3293  2.4226  2.5280  2.6842  2.7816
 115  1.321567  3.9328  4.2954  0.9483  3.3087  2.4013  2.5097  2.6673  2.7653
 116  1.325086  3.9337  4.2919  0.9566  3.2885  2.3803  2.4917  2.6507  2.7490
 117  1.328547  3.9346  4.2882  0.9649  3.2684  2.3597  2.4737  2.6342  2.7329
 118  1.331959  3.9354  4.2845  0.9731  3.2486  2.3393  2.4560  2.6176  2.7167
 119  1.335321  3.9362  4.2807  0.9811  3.2290  2.3192  2.4383  2.6012  2.7006
 120  1.338628  3.9369  4.2766  0.9891  3.2097  2.2995  2.4208  2.5848  2.6845
 121  1.341878  3.9376  4.2726  0.9969  3.1906  2.2800  2.4034  2.5685  2.6685
 122  1.345072  3.9383  4.2684  1.0046  3.1717  2.2608  2.3862  2.5522  2.6524
 123  1.348209  3.9388  4.2642  1.0123  3.1530  2.2419  2.3690  2.5360  2.6365
 124  1.351284  3.9394  4.2599  1.0198  3.1346  2.2232  2.3521  2.5200  2.6206
 125  1.354305  3.9399  4.2554  1.0273  3.1164  2.2047  2.3352  2.5039  2.6046
 126  1.357277  3.9404  4.2509  1.0346  3.0984  2.1864  2.3183  2.4878  2.5886
 127  1.360199  3.9408  4.2463  1.0418  3.0805  2.1683  2.3015  2.4717  2.5727
 128  1.363075  3.9412  4.2416  1.0491  3.0628  2.1503  2.2849  2.4558  2.5568
 129  1.365907  3.9416  4.2368  1.0562  3.0452  2.1324  2.2682  2.4397  2.5407
 130  1.368698  3.9419  4.2320  1.0634  3.0277  2.1146  2.2515  2.4236  2.5247
 131  1.371446  3.9422  4.2270  1.0704  3.0103  2.0970  2.2349  2.4075  2.5086
 132  1.374152  3.9425  4.2219  1.0774  2.9931  2.0795  2.2182  2.3914  2.4924
 133  1.376818  3.9427  4.2167  1.0844  2.9759  2.0619  2.2016  2.3752  2.4762
 134  1.379442  3.9429  4.2113  1.0913  2.9588  2.0445  2.1849  2.3590  2.4598
 135  1.382025  3.9431  4.2060  1.0981  2.9418  2.0272  2.1682  2.3427  2.4434
 136  1.384564  3.9431  4.2004  1.1050  2.9249  2.0099  2.1516  2.3263  2.4269
 137  1.387063  3.9432  4.1947  1.1118  2.9082  1.9927  2.1348  2.3099  2.4104
 138  1.389518  3.9433  4.1890  1.1185  2.8914  1.9755  2.1181  2.2934  2.3938
 139  1.391928  3.9433  4.1831  1.1252  2.8749  1.9584  2.1014  2.2768  2.3770
 140  1.394294  3.9433  4.1770  1.1319  2.8584  1.9414  2.0846  2.2602  2.3602
 141  1.396613  3.9432  4.1709  1.1385  2.8421  1.9244  2.0677  2.2435  2.3431
 142  1.398885  3.9431  4.1646  1.1450  2.8258  1.9074  2.0508  2.2267  2.3260
 143  1.401094  3.9430  4.1581  1.1515  2.8098  1.8907  2.0341  2.2099  2.3089
 144  1.403242  3.9427  4.1515  1.1578  2.7940  1.8740  2.0174  2.1932  2.2918
 145  1.405336  3.9425  4.1449  1.1642  2.7782  1.8574  2.0005  2.1762  2.2745
 146  1.407383  3.9422  4.1380  1.1705  2.7625  1.8407  1.9836  2.1591  2.2569
 147  1.409387  3.9418  4.1310  1.1767  2.7470  1.8242  1.9666  2.1420  2.2393
 148  1.411353  3.9414  4.1237  1.1829  2.7316  1.8076  1.9495  2.1246  2.2215
 149  1.413283  3.9409  4.1163  1.1890  2.7162  1.7911  1.9324  2.1071  2.2033
 150  1.415177  3.9403  4.1084  1.1951  2.7010  1.7745  1.9150  2.0894  2.1850
 151  1.417038  3.9398  4.1006  1.2012  2.6860  1.7582  1.8978  2.0715  2.1666
 152  1.418866  3.9391  4.0924  1.2071  2.6713  1.7419  1.8803  2.0536  2.1479
 153  1.420657  3.9383  4.0838  1.2131  2.6566  1.7257  1.8628  2.0353  2.1287
 154  1.422414  3.9373  4.0749  1.2189  2.6421  1.7095  1.8451  2.0166  2.1093
 155  1.424135  3.9363  4.0657  1.2247  2.6278  1.6933  1.8272  1.9978  2.0893
 156  1.425818  3.9352  4.0560  1.2305  2.6134  1.6773  1.8091  1.9785  2.0691
 157  1.427462  3.9341  4.0459  1.2362  2.5993  1.6612  1.7907  1.9588  2.0484
 158  1.429063  3.9327  4.0353  1.2418  2.5855  1.6453  1.7722  1.9388  2.0272
 159  1.430622  3.9312  4.0243  1.2474  2.5718  1.6297  1.7535  1.9184  2.0054
 160  1.432138  3.9296  4.0127  1.2528  2.5586  1.6144  1.7346  1.8976  1.9834
 161  1.433604  3.9278  4.0005  1.2583  2.5461  1.5997  1.7157  1.8765  1.9611
 162  1.434997  3.9259  3.9882  1.2634  2.5347  1.5861  1.6975  1.8557  1.9394
 163  1.436389  3.9236  3.9746  1.2687  2.5238  1.5731  1.6788  1.8337  1.9167
 164  1.437779  3.9212  3.9597  1.2740  2.5137  1.5610  1.6596  1.8105  1.8929
 165  1.439166  3.9183  3.9432  1.2793  2.5041  1.5500  1.6400  1.7860  1.8677
 166  1.440544  3.9149  3.9250  1.2846  2.4949  1.5400  1.6199  1.7602  1.8408
 167  1.441909  3.9111  3.9045  1.2899  2.4858  1.5310  1.5990  1.7326  1.8117
 168  1.443254  3.9066  3.8818  1.2950  2.4772  1.5226  1.5776  1.7038  1.7805
 169  1.444569  3.9013  3.8563  1.3000  2.4704  1.5156  1.5562  1.6736  1.7477
 170  1.445839  3.8952  3.8277  1.3047  2.4656  1.5112  1.5351  1.6421  1.7135
 171  1.447052  3.8883  3.7960  1.3089  2.4630  1.5107  1.5144  1.6092  1.6777
 172  1.448192  3.8804  3.7612  1.3124  2.4638  1.5146  1.4955  1.5762  1.6412
 173  1.449245  3.8716  3.7239  1.3152  2.4696  1.5225  1.4792  1.5449  1.6050
 174  1.450204  3.8623  3.6846  1.3172  2.4782  1.5359  1.4648  1.5139  1.5687
 175  1.451071  3.8523  3.6439  1.3182  2.4926  1.5543  1.4535  1.4851  1.5337
 176  1.451864  3.8419  3.6027  1.3183  2.5129  1.5771  1.4456  1.4594  1.5008
 177  1.452623  3.8316  3.5624  1.3174  2.5386  1.6037  1.4410  1.4373  1.4709
 178  1.453382  3.8215  3.5244  1.3152  2.5715  1.6343  1.4408  1.4200  1.4455
 179  1.454147  3.8121  3.4913  1.3111  2.6125  1.6687  1.4461  1.4098  1.4274
 180  1.454868  3.8038  3.4641  1.3052  2.6591  1.7060  1.4572  1.4072  1.4173
 181  1.455517  3.7966  3.4432  1.2975  2.7084  1.7455  1.4736  1.4119  1.4154
 182  1.456233  3.7889  3.4244  1.2860  2.7695  1.7978  1.5011  1.4267  1.4227
 183  1.456881  3.7823  3.4117  1.2723  2.8353  1.8542  1.5348  1.4493  1.4385
 184  1.457469  3.7764  3.4035  1.2569  2.9091  1.9127  1.5714  1.4761  1.4595
 185  1.458015  3.7709  3.3982  1.2405  2.9891  1.9723  1.6100  1.5057  1.4837
 186  1.458548  3.7658  3.3949  1.2238  3.0709  2.0321  1.6502  1.5376  1.5107
 187  1.459108  3.7611  3.3924  1.2072  3.1515  2.0911  1.6911  1.5707  1.5387
 188  1.459750  3.7562  3.3885  1.1919  3.2317  2.1479  1.7297  1.6016  1.5643
 189  1.460556  3.7513  3.3803  1.1809  3.3048  2.1946  1.7585  1.6225  1.5797
 190  1.461490  3.7469  3.3660  1.1780  3.3552  2.2193  1.7670  1.6241  1.5764
 191  1.462441  3.7436  3.3484  1.1822  3.3808  2.2230  1.7578  1.6095  1.5578
 192  1.463351  3.7410  3.3299  1.1909  3.3873  2.2123  1.7376  1.5852  1.5305
 193  1.464209  3.7391  3.3112  1.2021  3.3813  2.1926  1.7107  1.5553  1.4982
 194  1.465032  3.7374  3.2928  1.2143  3.3694  2.1692  1.6813  1.5233  1.4644
 195  1.465835  3.7361  3.2752  1.2266  3.3546  2.1443  1.6515  1.4912  1.4306
 196  1.466624  3.7349  3.2573  1.2400  3.3353  2.1161  1.6189  1.4567  1.3946
 197  1.467403  3.7338  3.2393  1.2539  3.3137  2.0865  1.5852  1.4212  1.3578
 198  1.468174  3.7329  3.2217  1.2681  3.2890  2.0550  1.5504  1.3850  1.3205
 199  1.468938  3.7320  3.2038  1.2826  3.2641  2.0228  1.5150  1.3482  1.2825
 200  1.469696  3.7312  3.1860  1.2973  3.2376  1.9897  1.4789  1.3108  1.2441
 201  1.470446  3.7304  3.1682  1.3123  3.2100  1.9560  1.4424  1.2730  1.2053
 202  1.471192  3.7297  3.1505  1.3274  3.1816  1.9217  1.4053  1.2348  1.1662
 203  1.471932  3.7290  3.1325  1.3426  3.1526  1.8869  1.3680  1.1962  1.1266
 204  1.472669  3.7283  3.1147  1.3580  3.1226  1.8515  1.3301  1.1573  1.0869
 205  1.473400  3.7277  3.0967  1.3736  3.0922  1.8158  1.2920  1.1181  1.0468
 206  1.474124  3.7270  3.0787  1.3892  3.0614  1.7796  1.2536  1.0786  1.0066
 207  1.474838  3.7264  3.0606  1.4051  3.0297  1.7430  1.2147  1.0387  0.9658
 208  1.475546  3.7257  3.0422  1.4211  2.9979  1.7060  1.1754  0.9983  0.9246
 209  1.476245  3.7251  3.0237  1.4373  2.9653  1.6685  1.1356  0.9575  0.8830
 210  1.476937  3.7245  3.0050  1.4537  2.9325  1.6306  1.0955  0.9163  0.8410
 211  1.477620  3.7239  2.9862  1.4703  2.8994  1.5924  1.0548  0.8746  0.7984
 212  1.478292  3.7232  2.9670  1.4870  2.8666  1.5540  1.0137  0.8324  0.7553
 213  1.478956  3.7225  2.9476  1.5039  2.8332  1.5151  0.9723  0.7898  0.7118
 214  1.479609  3.7218  2.9279  1.5209  2.7998  1.4761  0.9306  0.7468  0.6679
 215  1.480250  3.7211  2.9080  1.5382  2.7663  1.4366  0.8883  0.7033  0.6235
 216  1.480884  3.7205  2.8879  1.5556  2.7328  1.3969  0.8458  0.6595  0.5787
 217  1.481041  3.7203  2.8827  1.5600  2.7245  1.3869  0.8350  0.6483  0.5673
 218  1.481198  3.7201  2.8775  1.5645  2.7160  1.3768  0.8241  0.6371  0.5557
 219  1.481354  3.7199  2.8724  1.5690  2.7074  1.3666  0.8132  0.6259  0.5443
 220  1.481508  3.7197  2.8671  1.5734  2.6989  1.3564  0.8022  0.6146  0.5327
 221  1.481663  3.7195  2.8619  1.5779  2.6905  1.3463  0.7913  0.6033  0.5211
 222  1.481817  3.7193  2.8566  1.5824  2.6821  1.3362  0.7804  0.5919  0.5096
 223  1.481971  3.7191  2.8514  1.5869  2.6736  1.3261  0.7695  0.5807  0.4981
 224  1.482124  3.7189  2.8461  1.5914  2.6652  1.3159  0.7585  0.5694  0.4864
 225  1.482277  3.7187  2.8409  1.5958  2.6568  1.3058  0.7475  0.5581  0.4748
 226  1.482429  3.7185  2.8356  1.6004  2.6482  1.2955  0.7364  0.5466  0.4631
 227  1.483801  3.7165  2.7853  1.6433  2.5685  1.1991  0.6322  0.4389  0.3527
 228  1.485140  3.7144  2.7324  1.6883  2.4819  1.0978  0.5230  0.3260  0.2368
 229  1.486331  3.7124  2.6816  1.7312  2.4001  1.0017  0.4190  0.2183  0.1263
 230  1.487427  3.7103  2.6310  1.7740  2.3199  0.9066  0.3159  0.1114  0.0164
 231  1.488434  3.7082  2.5800  1.8169  2.2405  0.8117  0.2126  0.0042 -0.0938
 232  1.489423  3.7059  2.5254  1.8626  2.1581  0.7115  0.1032 -0.1095 -0.2110
 233  1.490294  3.7036  2.4733  1.9057  2.0827  0.6174 -0.0000 -0.2169 -0.3219
 234  1.491100  3.7012  2.4208  1.9488  2.0110  0.5248 -0.1023 -0.3238 -0.4324
 235  1.491842  3.6987  2.3683  1.9915  1.9450  0.4339 -0.2036 -0.4298 -0.5421
 236  1.492504  3.6963  2.3179  2.0325  1.8898  0.3476 -0.3009 -0.5319 -0.6475
 237  1.493114  3.6938  2.2675  2.0731  1.8384  0.2625 -0.3975 -0.6332 -0.7523
 238  1.493692  3.6913  2.2163  2.1144  1.7898  0.1771 -0.4952 -0.7359 -0.8585
 239  1.494207  3.6889  2.1686  2.1527  1.7469  0.0984 -0.5858 -0.8314 -0.9572
 240  1.494683  3.6866  2.1234  2.1889  1.7080  0.0244 -0.6714 -0.9217 -1.0506
 241  1.495135  3.6846  2.0839  2.2207  1.6745 -0.0401 -0.7461 -1.0006 -1.1324
 242  1.495562  3.6838  2.0668  2.2347  1.6581 -0.0690 -0.7792 -1.0354 -1.1683
 243  1.496000  3.6867  2.1177  2.1952  1.6909  0.0082 -0.6873 -0.9376 -1.0666
 244  1.496524  3.6860  2.1023  2.2082  1.6743 -0.0189 -0.7181 -0.9697 -1.0996
 245  1.497040  3.6830  2.0427  2.2557  1.6261 -0.1149 -0.8297 -1.0878 -1.2221
 246  1.497495  3.6801  1.9872  2.2999  1.5809 -0.2030 -0.9326 -1.1969 -1.3354
 247  1.497906  3.6772  1.9334  2.3424  1.5384 -0.2864 -1.0306 -1.3011 -1.4438
 248  1.498279  3.6744  1.8814  2.3835  1.4990 -0.3662 -1.1248 -1.4013 -1.5485
 249  1.498627  3.6717  1.8298  2.4241  1.4623 -0.4441 -1.2172 -1.5001 -1.6517
 250  1.498935  3.6691  1.7823  2.4614  1.4311 -0.5150 -1.3018 -1.5904 -1.7463
 251  1.499226  3.6665  1.7335  2.4997  1.4014 -0.5865 -1.3878 -1.6827 -1.8430
 252  1.499488  3.6640  1.6856  2.5373  1.3736 -0.6565 -1.4722 -1.7733 -1.9379
 253  1.499732  3.6614  1.6378  2.5748  1.3487 -0.7253 -1.5557 -1.8631 -2.0322
 254  1.499954  3.6588  1.5918  2.6109  1.3271 -0.7906 -1.6355 -1.9492 -2.1227
 255  1.500159  3.6563  1.5464  2.6463  1.3077 -0.8541 -1.7135 -2.0335 -2.2114
 256  1.500347  3.6539  1.5021  2.6807  1.2908 -0.9152 -1.7890 -2.1153 -2.2976
 257  1.500522  3.6514  1.4582  2.7147  1.2779 -0.9738 -1.8626 -2.1953 -2.3822
 258  1.500683  3.6489  1.4152  2.7479  1.2674 -1.0303 -1.9339 -2.2732 -2.4647
 259  1.500834  3.6464  1.3729  2.7802  1.2596 -1.0842 -2.0032 -2.3490 -2.5451
 260  1.500973  3.6440  1.3315  2.8119  1.2543 -1.1360 -2.0703 -2.4228 -2.6234
 261  1.501102  3.6415  1.2912  2.8427  1.2513 -1.1854 -2.1352 -2.4943 -2.6993
 262  1.501222  3.6391  1.2516  2.8728  1.2507 -1.2329 -2.1982 -2.5640 -2.7736
 263  1.501335  3.6368  1.2124  2.9025  1.2519 -1.2789 -2.2600 -2.6325 -2.8467
 264  1.501440  3.6344  1.1742  2.9314  1.2549 -1.3226 -2.3196 -2.6989 -2.9176
 265  1.501538  3.6321  1.1368  2.9597  1.2593 -1.3648 -2.3774 -2.7635 -2.9868
 266  1.501632  3.6299  1.1002  2.9873  1.2652 -1.4052 -2.4335 -2.8265 -3.0544
 267  1.501719  3.6277  1.0640  3.0146  1.2727 -1.4441 -2.4882 -2.8883 -3.1207
 268  1.501800  3.6255  1.0284  3.0415  1.2819 -1.4813 -2.5414 -2.9485 -3.1857
 269  1.501877  3.6233  0.9939  3.0674  1.2926 -1.5164 -2.5925 -3.0066 -3.2485
 270  1.501949  3.6211  0.9597  3.0930  1.3065 -1.5495 -2.6422 -3.0634 -3.3100
 271  1.502017  3.6190  0.9260  3.1180  1.3215 -1.5810 -2.6904 -3.1188 -3.3702
 272  1.502082  3.6169  0.8933  3.1424  1.3375 -1.6108 -2.7367 -3.1723 -3.4285
 273  1.502143  3.6148  0.8610  3.1664  1.3538 -1.6397 -2.7820 -3.2249 -3.4859
 274  1.502200  3.6128  0.8297  3.1897  1.3708 -1.6668 -2.8252 -3.2756 -3.5414
 275  1.502255  3.6108  0.7987  3.2127  1.3877 -1.6932 -2.8677 -3.3254 -3.5961
 276  1.502307  3.6088  0.7687  3.2349  1.4051 -1.7180 -2.9082 -3.3733 -3.6490
 277  1.502357  3.6070  0.7396  3.2565  1.4225 -1.7414 -2.9469 -3.4196 -3.7002
