#NUMBER OF AGES= 1
#----------------------------------------------------       
#MIX-LEN  Y      Z          Zeff        [Fe/H] [a/Fe]
# 1.9380  0.2488 2.3381E-03 1.7027E-03  -1.00   0.20 
#----------------------------------------------------       
#**PHOTOMETRIC SYSTEM**: SDSS (AB)                          
#----------------------------------------------------       
#AGE= 2.000 EEPS=276
#EEP   M/Mo    LogTeff  LogG   LogL/Lo sdss_u  sdss_g  sdss_r  sdss_i  sdss_z
   4  0.104625  3.5204  5.3442 -2.8517 18.0914 14.6125 12.9662 11.9635 11.4034
   5  0.116093  3.5230  5.2910 -2.7428 17.6892 14.2855 12.6541 11.6811 11.1325
   6  0.129539  3.5258  5.2358 -2.6288 17.2739 13.9444 12.3285 11.3854 10.8490
   7  0.148982  3.5303  5.1756 -2.4902 16.7546 13.5173 11.9226 11.0219 10.5043
   8  0.181384  3.5403  5.1223 -2.3108 16.0054 12.9094 11.3543 10.5354 10.0594
   9  0.225925  3.5521  5.0745 -2.1206 15.2298 12.2651 10.7554 10.0189  9.5886
  10  0.267056  3.5602  5.0392 -1.9808 14.6988 11.8099 10.3322  9.6449  9.2440
  11  0.293424  3.5643  5.0181 -1.9019 14.4111 11.5590 10.0987  9.4358  9.0500
  12  0.305690  3.5663  5.0052 -1.8636 14.2737 11.4385  9.9867  9.3347  8.9557
  13  0.312815  3.5673  4.9965 -1.8404 14.1930 11.3670  9.9201  9.2741  8.8989
  14  0.317593  3.5680  4.9897 -1.8242 14.1379 11.3179  9.8741  9.2319  8.8591
  15  0.321175  3.5685  4.9840 -1.8117 14.0953 11.2798  9.8383  9.1991  8.8280
  16  0.324252  3.5690  4.9789 -1.8006 14.0586 11.2468  9.8074  9.1705  8.8009
  17  0.327227  3.5694  4.9739 -1.7900 14.0233 11.2150  9.7776  9.1430  8.7749
  18  0.331074  3.5700  4.9687 -1.7775 13.9807 11.1769  9.7419  9.1102  8.7440
  19  0.336797  3.5708  4.9621 -1.7603 13.9213 11.1239  9.6926  9.0653  8.7018
  20  0.346840  3.5724  4.9527 -1.7317 13.8199 11.0343  9.6099  8.9904  8.6320
  21  0.412141  3.5863  4.8883 -1.5365 13.0747 10.3852  9.0250  8.4722  8.1578
  22  0.426798  3.5903  4.8708 -1.4880 12.8820 10.2197  8.8798  8.3436  8.0401
  23  0.438246  3.5937  4.8560 -1.4482 12.7228 10.0830  8.7609  8.2385  7.9440
  24  0.452281  3.5982  4.8383 -1.3989 12.5219  9.9109  8.6128  8.1081  7.8250
  25  0.470092  3.6045  4.8161 -1.3348 12.2558  9.6829  8.4201  7.9387  7.6704
  26  0.487127  3.6113  4.7959 -1.2720 11.9896  9.4545  8.2313  7.7732  7.5197
  27  0.500475  3.6171  4.7816 -1.2227 11.7755  9.2708  8.0827  7.6437  7.4019
  28  0.509907  3.6215  4.7727 -1.1877 11.6194  9.1370  7.9763  7.5516  7.3186
  29  0.517133  3.6252  4.7661 -1.1606 11.4969  9.0312  7.8930  7.4801  7.2543
  30  0.523291  3.6284  4.7609 -1.1372 11.3907  8.9386  7.8208  7.4185  7.1991
  31  0.529475  3.6317  4.7559 -1.1137 11.2822  8.8447  7.7480  7.3567  7.1440
  32  0.536964  3.6359  4.7506 -1.0858 11.1498  8.7311  7.6609  7.2830  7.0785
  33  0.547445  3.6418  4.7443 -1.0473 10.9612  8.5728  7.5408  7.1819  6.9885
  34  0.562430  3.6508  4.7367 -0.9923 10.6641  8.3397  7.3675  7.0360  6.8595
  35  0.581496  3.6631  4.7300 -0.9217 10.2409  8.0342  7.1453  6.8485  6.6937
  36  0.604130  3.6774  4.7225 -0.8403  9.7280  7.6945  6.8971  6.6334  6.5006
  37  0.629970  3.6929  4.7136 -0.7512  9.1302  7.3406  6.6366  6.4037  6.2922
  38  0.659209  3.7095  4.7024 -0.6540  8.5764  6.9867  6.3613  6.1576  6.0683
  39  0.693802  3.7275  4.6871 -0.5448  8.0146  6.6189  6.0653  5.8900  5.8234
  40  0.747809  3.7519  4.6567 -0.3841  7.2573  6.1131  5.6541  5.5157  5.4773
  41  0.832482  3.7823  4.5945 -0.1535  6.3614  5.4409  5.0938  4.9999  4.9933
  42  0.852285  3.7887  4.5792 -0.1025  6.1922  5.2956  4.9701  4.8863  4.8865
  43  0.865605  3.7931  4.5688 -0.0680  6.0807  5.1979  4.8869  4.8100  4.8146
  44  0.876740  3.7966  4.5598 -0.0390  5.9868  5.1168  4.8177  4.7461  4.7544
  45  0.887561  3.8001  4.5509 -0.0110  5.8974  5.0387  4.7510  4.6845  4.6959
  46  0.898798  3.8035  4.5413  0.0177  5.8075  4.9593  4.6826  4.6210  4.6358
  47  0.910207  3.8068  4.5311  0.0465  5.7194  4.8800  4.6138  4.5572  4.5749
  48  0.921465  3.8099  4.5207  0.0748  5.6354  4.8026  4.5462  4.4942  4.5149
  49  0.932794  3.8129  4.5100  0.1030  5.5529  4.7255  4.4787  4.4314  4.4548
  50  0.944222  3.8160  4.4994  0.1312  5.4712  4.6484  4.4111  4.3685  4.3948
  51  0.955535  3.8190  4.4890  0.1589  5.3917  4.5724  4.3447  4.3067  4.3358
  52  0.962444  3.8210  4.4826  0.1758  5.3437  4.5263  4.3042  4.2692  4.2999
  53  0.969279  3.8228  4.4763  0.1924  5.2967  4.4808  4.2643  4.2320  4.2644
  54  0.976124  3.8246  4.4700  0.2090  5.2500  4.4355  4.2245  4.1951  4.2291
  55  0.983068  3.8264  4.4638  0.2257  5.2033  4.3898  4.1845  4.1580  4.1936
  56  0.990199  3.8283  4.4575  0.2427  5.1560  4.3433  4.1436  4.1202  4.1575
  57  0.997609  3.8303  4.4512  0.2602  5.1075  4.2955  4.1018  4.0815  4.1205
  58  1.005412  3.8324  4.4449  0.2783  5.0574  4.2457  4.0584  4.0415  4.0823
  59  1.013615  3.8346  4.4388  0.2971  5.0054  4.1940  4.0134  4.0000  4.0429
  60  1.021987  3.8370  4.4327  0.3160  4.9531  4.1417  3.9680  3.9583  4.0031
  61  1.030294  3.8393  4.4268  0.3347  4.9018  4.0900  3.9232  3.9173  3.9641
  62  1.038350  3.8416  4.4213  0.3528  4.8526  4.0399  3.8800  3.8778  3.9265
  63  1.045974  3.8437  4.4160  0.3699  4.8062  3.9924  3.8391  3.8404  3.8909
  64  1.053063  3.8457  4.4109  0.3861  4.7634  3.9478  3.8008  3.8055  3.8576
  65  1.059752  3.8477  4.4060  0.4013  4.7235  3.9054  3.7649  3.7730  3.8265
  66  1.066144  3.8495  4.4012  0.4158  4.6855  3.8647  3.7303  3.7417  3.7967
  67  1.072313  3.8513  4.3967  0.4300  4.6489  3.8252  3.6969  3.7115  3.7678
  68  1.078316  3.8530  4.3923  0.4437  4.6134  3.7869  3.6643  3.6821  3.7397
  69  1.084195  3.8547  4.3881  0.4573  4.5786  3.7493  3.6325  3.6534  3.7123
  70  1.089958  3.8564  4.3842  0.4704  4.5446  3.7125  3.6012  3.6252  3.6854
  71  1.095119  3.8581  4.3808  0.4823  4.5140  3.6793  3.5730  3.5996  3.6610
  72  1.100764  3.8599  4.3774  0.4951  4.4801  3.6438  3.5420  3.5715  3.6339
  73  1.106223  3.8616  4.3742  0.5075  4.4473  3.6095  3.5121  3.5442  3.6077
  74  1.110923  3.8633  4.3718  0.5184  4.4183  3.5793  3.4857  3.5204  3.5848
  75  1.115972  3.8650  4.3692  0.5298  4.3880  3.5475  3.4581  3.4953  3.5608
  76  1.120902  3.8667  4.3668  0.5409  4.3585  3.5164  3.4312  3.4711  3.5376
  77  1.125734  3.8684  4.3646  0.5519  4.3296  3.4860  3.4050  3.4476  3.5151
  78  1.130489  3.8701  4.3625  0.5626  4.3015  3.4559  3.3796  3.4250  3.4936
  79  1.135186  3.8718  4.3605  0.5732  4.2743  3.4259  3.3552  3.4038  3.4736
  80  1.139843  3.8735  4.3586  0.5837  4.2475  3.3961  3.3311  3.3831  3.4541
  81  1.144508  3.8752  4.3568  0.5941  4.2207  3.3663  3.3071  3.3625  3.4349
  82  1.149028  3.8769  4.3550  0.6042  4.1950  3.3375  3.2840  3.3426  3.4162
  83  1.153505  3.8785  4.3532  0.6142  4.1694  3.3090  3.2611  3.3230  3.3978
  84  1.157915  3.8801  4.3516  0.6241  4.1441  3.2809  3.2385  3.3038  3.3795
  85  1.162264  3.8818  4.3501  0.6337  4.1190  3.2533  3.2162  3.2844  3.3613
  86  1.166554  3.8834  4.3487  0.6433  4.0938  3.2263  3.1935  3.2646  3.3422
  87  1.170774  3.8850  4.3471  0.6528  4.0689  3.1999  3.1712  3.2449  3.3234
  88  1.174930  3.8865  4.3458  0.6620  4.0446  3.1740  3.1493  3.2256  3.3048
  89  1.179028  3.8882  4.3443  0.6711  4.0205  3.1487  3.1278  3.2066  3.2864
  90  1.183068  3.8896  4.3427  0.6800  3.9969  3.1238  3.1066  3.1879  3.2683
  91  1.187049  3.8910  4.3412  0.6888  3.9737  3.0995  3.0859  3.1694  3.2505
  92  1.190979  3.8924  4.3395  0.6974  3.9510  3.0757  3.0655  3.1513  3.2331
  93  1.194855  3.8937  4.3378  0.7059  3.9290  3.0524  3.0458  3.1339  3.2163
  94  1.198686  3.8951  4.3360  0.7143  3.9073  3.0295  3.0266  3.1169  3.2001
  95  1.202428  3.8963  4.3342  0.7224  3.8863  3.0072  3.0078  3.1005  3.1842
  96  1.206062  3.8975  4.3323  0.7303  3.8658  2.9855  2.9895  3.0844  3.1688
  97  1.209592  3.8986  4.3304  0.7381  3.8461  2.9645  2.9718  3.0687  3.1538
  98  1.213018  3.8997  4.3285  0.7455  3.8268  2.9441  2.9546  3.0535  3.1392
  99  1.216345  3.9008  4.3265  0.7528  3.8080  2.9242  2.9378  3.0386  3.1249
 100  1.219573  3.9018  4.3247  0.7600  3.7898  2.9048  2.9215  3.0241  3.1110
 101  1.222709  3.9027  4.3227  0.7670  3.7719  2.8858  2.9055  3.0100  3.0973
 102  1.225762  3.9037  4.3208  0.7738  3.7544  2.8673  2.8898  2.9961  3.0838
 103  1.228756  3.9046  4.3189  0.7806  3.7374  2.8489  2.8742  2.9823  3.0705
 104  1.231709  3.9056  4.3168  0.7872  3.7204  2.8309  2.8588  2.9686  3.0572
 105  1.234633  3.9065  4.3149  0.7939  3.7037  2.8129  2.8436  2.9550  3.0440
 106  1.237534  3.9074  4.3129  0.8005  3.6871  2.7950  2.8285  2.9415  3.0309
 107  1.240406  3.9082  4.3108  0.8070  3.6706  2.7772  2.8134  2.9280  3.0178
 108  1.243252  3.9091  4.3087  0.8135  3.6542  2.7596  2.7983  2.9147  3.0048
 109  1.246050  3.9099  4.3067  0.8200  3.6379  2.7420  2.7834  2.9014  2.9918
 110  1.248811  3.9108  4.3046  0.8264  3.6216  2.7246  2.7685  2.8881  2.9789
 111  1.251557  3.9117  4.3026  0.8329  3.6052  2.7070  2.7536  2.8748  2.9659
 112  1.254927  3.9128  4.3001  0.8409  3.5848  2.6852  2.7350  2.8584  2.9498
 113  1.258334  3.9138  4.2974  0.8491  3.5639  2.6629  2.7161  2.8415  2.9332
 114  1.261767  3.9149  4.2946  0.8575  3.5426  2.6404  2.6968  2.8243  2.9163
 115  1.265211  3.9160  4.2916  0.8659  3.5209  2.6176  2.6773  2.8069  2.8991
 116  1.268657  3.9170  4.2884  0.8744  3.4990  2.5948  2.6575  2.7892  2.8815
 117  1.272094  3.9180  4.2851  0.8830  3.4770  2.5718  2.6377  2.7713  2.8638
 118  1.275515  3.9190  4.2817  0.8915  3.4550  2.5490  2.6178  2.7535  2.8460
 119  1.278910  3.9200  4.2779  0.9001  3.4330  2.5262  2.5980  2.7355  2.8281
 120  1.282273  3.9209  4.2742  0.9086  3.4111  2.5036  2.5783  2.7175  2.8102
 121  1.285596  3.9217  4.2703  0.9170  3.3895  2.4813  2.5587  2.6996  2.7923
 122  1.288877  3.9225  4.2663  0.9254  3.3681  2.4591  2.5392  2.6818  2.7744
 123  1.292109  3.9233  4.2622  0.9338  3.3470  2.4373  2.5199  2.6640  2.7567
 124  1.295289  3.9241  4.2580  0.9421  3.3261  2.4157  2.5008  2.6463  2.7390
 125  1.298421  3.9248  4.2537  0.9502  3.3056  2.3944  2.4819  2.6287  2.7215
 126  1.301512  3.9254  4.2492  0.9583  3.2853  2.3733  2.4631  2.6112  2.7040
 127  1.304569  3.9261  4.2447  0.9664  3.2650  2.3524  2.4443  2.5937  2.6865
 128  1.307589  3.9267  4.2401  0.9744  3.2449  2.3315  2.4256  2.5761  2.6689
 129  1.310570  3.9272  4.2352  0.9824  3.2249  2.3109  2.4068  2.5584  2.6512
 130  1.313507  3.9277  4.2302  0.9905  3.2051  2.2903  2.3881  2.5406  2.6335
 131  1.316395  3.9282  4.2251  0.9984  3.1855  2.2698  2.3694  2.5228  2.6157
 132  1.319237  3.9286  4.2198  1.0063  3.1661  2.2495  2.3508  2.5050  2.5979
 133  1.322032  3.9289  4.2144  1.0141  3.1468  2.2294  2.3322  2.4871  2.5800
 134  1.324777  3.9293  4.2087  1.0219  3.1277  2.2096  2.3135  2.4693  2.5621
 135  1.327468  3.9295  4.2030  1.0296  3.1087  2.1898  2.2950  2.4512  2.5440
 136  1.330108  3.9298  4.1971  1.0374  3.0899  2.1701  2.2765  2.4333  2.5259
 137  1.332696  3.9300  4.1910  1.0449  3.0712  2.1506  2.2579  2.4152  2.5078
 138  1.335234  3.9301  4.1849  1.0524  3.0528  2.1313  2.2394  2.3972  2.4895
 139  1.337722  3.9302  4.1785  1.0599  3.0345  2.1121  2.2210  2.3790  2.4711
 140  1.340156  3.9302  4.1720  1.0673  3.0163  2.0931  2.2024  2.3607  2.4527
 141  1.342541  3.9302  4.1653  1.0746  2.9983  2.0742  2.1840  2.3425  2.4341
 142  1.344880  3.9301  4.1585  1.0819  2.9805  2.0555  2.1655  2.3241  2.4155
 143  1.347166  3.9300  4.1514  1.0891  2.9626  2.0367  2.1468  2.3055  2.3965
 144  1.349406  3.9298  4.1441  1.0963  2.9450  2.0181  2.1281  2.2867  2.3775
 145  1.351604  3.9295  4.1366  1.1035  2.9273  1.9994  2.1094  2.2679  2.3581
 146  1.353759  3.9292  4.1289  1.1106  2.9098  1.9809  2.0904  2.2488  2.3386
 147  1.355869  3.9287  4.1209  1.1176  2.8925  1.9625  2.0715  2.2295  2.3189
 148  1.357942  3.9283  4.1127  1.1247  2.8754  1.9442  2.0525  2.2101  2.2990
 149  1.359970  3.9278  4.1042  1.1316  2.8586  1.9261  2.0334  2.1905  2.2790
 150  1.361958  3.9271  4.0954  1.1385  2.8420  1.9083  2.0144  2.1708  2.2587
 151  1.363903  3.9263  4.0862  1.1453  2.8258  1.8907  1.9952  2.1508  2.2381
 152  1.365804  3.9255  4.0766  1.1521  2.8098  1.8732  1.9760  2.1305  2.2173
 153  1.367663  3.9246  4.0666  1.1588  2.7941  1.8561  1.9567  2.1099  2.1962
 154  1.369475  3.9235  4.0561  1.1654  2.7788  1.8393  1.9373  2.0890  2.1748
 155  1.371244  3.9222  4.0453  1.1720  2.7641  1.8229  1.9179  2.0678  2.1533
 156  1.372966  3.9208  4.0337  1.1785  2.7497  1.8070  1.8985  2.0463  2.1312
 157  1.374639  3.9193  4.0217  1.1850  2.7358  1.7916  1.8792  2.0245  2.1089
 158  1.376262  3.9175  4.0089  1.1913  2.7223  1.7769  1.8598  2.0023  2.0862
 159  1.377833  3.9156  3.9955  1.1975  2.7093  1.7630  1.8404  1.9799  2.0630
 160  1.379351  3.9135  3.9814  1.2037  2.6966  1.7497  1.8211  1.9569  2.0391
 161  1.380812  3.9111  3.9665  1.2096  2.6843  1.7370  1.8018  1.9336  2.0147
 162  1.382049  3.9090  3.9529  1.2147  2.6737  1.7263  1.7847  1.9130  1.9929
 163  1.383278  3.9064  3.9378  1.2198  2.6634  1.7158  1.7672  1.8912  1.9697
 164  1.384501  3.9034  3.9213  1.2249  2.6536  1.7058  1.7492  1.8685  1.9454
 165  1.385711  3.9001  3.9033  1.2300  2.6444  1.6965  1.7309  1.8447  1.9199
 166  1.386905  3.8963  3.8833  1.2351  2.6360  1.6882  1.7123  1.8195  1.8930
 167  1.388079  3.8919  3.8613  1.2401  2.6285  1.6815  1.6934  1.7932  1.8646
 168  1.389225  3.8868  3.8367  1.2448  2.6223  1.6770  1.6744  1.7653  1.8345
 169  1.390334  3.8811  3.8096  1.2493  2.6181  1.6748  1.6558  1.7365  1.8029
 170  1.391396  3.8746  3.7797  1.2533  2.6173  1.6754  1.6384  1.7080  1.7706
 171  1.392398  3.8672  3.7469  1.2570  2.6189  1.6798  1.6219  1.6787  1.7370
 172  1.393336  3.8590  3.7117  1.2599  2.6235  1.6886  1.6065  1.6490  1.7027
 173  1.394200  3.8503  3.6747  1.2620  2.6338  1.7019  1.5936  1.6208  1.6687
 174  1.395010  3.8410  3.6365  1.2634  2.6491  1.7191  1.5834  1.5948  1.6362
 175  1.395789  3.8316  3.5983  1.2639  2.6694  1.7399  1.5759  1.5714  1.6055
 176  1.396563  3.8222  3.5618  1.2631  2.6965  1.7646  1.5720  1.5519  1.5782
 177  1.397344  3.8131  3.5286  1.2608  2.7314  1.7934  1.5731  1.5381  1.5568
 178  1.398083  3.8049  3.5002  1.2564  2.7732  1.8264  1.5801  1.5315  1.5429
 179  1.398747  3.7977  3.4774  1.2502  2.8193  1.8624  1.5928  1.5323  1.5370
 180  1.399325  3.7913  3.4602  1.2424  2.8656  1.9004  1.6106  1.5399  1.5384
 181  1.399826  3.7859  3.4477  1.2337  2.9110  1.9394  1.6321  1.5524  1.5455
 182  1.400450  3.7794  3.4356  1.2196  2.9799  1.9963  1.6663  1.5757  1.5621
 183  1.401019  3.7734  3.4275  1.2041  3.0599  2.0554  1.7026  1.6022  1.5828
 184  1.401563  3.7680  3.4223  1.1877  3.1430  2.1154  1.7413  1.6320  1.6072
 185  1.402113  3.7628  3.4178  1.1713  3.2272  2.1753  1.7810  1.6632  1.6330
 186  1.402724  3.7577  3.4131  1.1561  3.3079  2.2321  1.8191  1.6933  1.6577
 187  1.403454  3.7527  3.4049  1.1443  3.3837  2.2812  1.8495  1.7157  1.6744
 188  1.404306  3.7480  3.3904  1.1402  3.4403  2.3104  1.8612  1.7199  1.6732
 189  1.405173  3.7444  3.3729  1.1438  3.4684  2.3158  1.8535  1.7064  1.6557
 190  1.405999  3.7415  3.3535  1.1520  3.4799  2.3077  1.8345  1.6828  1.6288
 191  1.406776  3.7394  3.3342  1.1629  3.4769  2.2897  1.8086  1.6534  1.5968
 192  1.407519  3.7376  3.3151  1.1751  3.4662  2.2667  1.7790  1.6210  1.5623
 193  1.408239  3.7361  3.2962  1.1884  3.4500  2.2397  1.7467  1.5864  1.5260
 194  1.408942  3.7349  3.2776  1.2022  3.4309  2.2112  1.7134  1.5512  1.4891
 195  1.409632  3.7338  3.2590  1.2166  3.4083  2.1802  1.6784  1.5144  1.4509
 196  1.410310  3.7329  3.2408  1.2313  3.3825  2.1475  1.6424  1.4769  1.4123
 197  1.410977  3.7320  3.2226  1.2463  3.3555  2.1138  1.6056  1.4388  1.3732
 198  1.411640  3.7311  3.2039  1.2614  3.3301  2.0806  1.5688  1.4003  1.3335
 199  1.412294  3.7303  3.1856  1.2767  3.3015  2.0458  1.5312  1.3616  1.2938
 200  1.412944  3.7296  3.1675  1.2921  3.2724  2.0108  1.4935  1.3226  1.2539
 201  1.413591  3.7289  3.1495  1.3076  3.2425  1.9753  1.4556  1.2835  1.2140
 202  1.414222  3.7282  3.1312  1.3234  3.2117  1.9391  1.4169  1.2437  1.1733
 203  1.414847  3.7275  3.1127  1.3393  3.1806  1.9025  1.3777  1.2035  1.1322
 204  1.415463  3.7269  3.0944  1.3554  3.1478  1.8650  1.3382  1.1630  1.0908
 205  1.416068  3.7262  3.0757  1.3717  3.1155  1.8274  1.2982  1.1219  1.0489
 206  1.416669  3.7256  3.0570  1.3881  3.0825  1.7894  1.2579  1.0807  1.0068
 207  1.417257  3.7250  3.0380  1.4048  3.0487  1.7506  1.2171  1.0387  0.9641
 208  1.417833  3.7243  3.0187  1.4216  3.0149  1.7117  1.1756  0.9963  0.9207
 209  1.418402  3.7237  2.9994  1.4387  2.9805  1.6722  1.1340  0.9534  0.8771
 210  1.418962  3.7231  2.9797  1.4559  2.9461  1.6325  1.0917  0.9100  0.8328
 211  1.419513  3.7224  2.9598  1.4733  2.9116  1.5924  1.0489  0.8661  0.7880
 212  1.420052  3.7217  2.9397  1.4908  2.8771  1.5521  1.0060  0.8220  0.7430
 213  1.420580  3.7210  2.9193  1.5085  2.8428  1.5117  0.9628  0.7776  0.6976
 214  1.421100  3.7202  2.8987  1.5262  2.8085  1.4712  0.9195  0.7329  0.6519
 215  1.421608  3.7195  2.8779  1.5442  2.7740  1.4303  0.8756  0.6877  0.6056
 216  1.422106  3.7188  2.8569  1.5623  2.7393  1.3892  0.8314  0.6421  0.5591
 217  1.422234  3.7186  2.8515  1.5669  2.7302  1.3785  0.8199  0.6303  0.5470
 218  1.422361  3.7184  2.8460  1.5717  2.7212  1.3678  0.8084  0.6184  0.5349
 219  1.422486  3.7182  2.8404  1.5765  2.7120  1.3569  0.7967  0.6063  0.5224
 220  1.422611  3.7180  2.8348  1.5813  2.7029  1.3460  0.7849  0.5942  0.5100
 221  1.422735  3.7178  2.8292  1.5861  2.6936  1.3349  0.7731  0.5821  0.4976
 222  1.422860  3.7175  2.8235  1.5909  2.6845  1.3240  0.7613  0.5699  0.4852
 223  1.422984  3.7173  2.8179  1.5958  2.6752  1.3131  0.7495  0.5578  0.4728
 224  1.423108  3.7171  2.8122  1.6006  2.6660  1.3021  0.7377  0.5454  0.4602
 225  1.423233  3.7169  2.8066  1.6055  2.6568  1.2911  0.7259  0.5333  0.4478
 226  1.423354  3.7167  2.8008  1.6104  2.6474  1.2799  0.7138  0.5209  0.4351
 227  1.424397  3.7148  2.7499  1.6540  2.5629  1.1814  0.6079  0.4115  0.3230
 228  1.425414  3.7127  2.6966  1.6992  2.4768  1.0804  0.4987  0.2985  0.2069
 229  1.426303  3.7106  2.6456  1.7424  2.3954  0.9842  0.3945  0.1906  0.0960
 230  1.427190  3.7083  2.5906  1.7884  2.3099  0.8821  0.2835  0.0755 -0.0225
 231  1.427929  3.7063  2.5410  1.8301  2.2343  0.7905  0.1836 -0.0283 -0.1293
 232  1.428662  3.7039  2.4876  1.8744  2.1559  0.6935  0.0774 -0.1388 -0.2433
 233  1.429312  3.7016  2.4359  1.9169  2.0847  0.6022 -0.0234 -0.2441 -0.3521
 234  1.429921  3.6991  2.3838  1.9594  2.0167  0.5112 -0.1243 -0.3497 -0.4614
 235  1.430467  3.6967  2.3329  2.0009  1.9597  0.4235 -0.2229 -0.4529 -0.5678
 236  1.430969  3.6943  2.2827  2.0414  1.9076  0.3387 -0.3191 -0.5538 -0.6722
 237  1.431444  3.6918  2.2323  2.0820  1.8588  0.2543 -0.4153 -0.6550 -0.7768
 238  1.431874  3.6895  2.1848  2.1203  1.8149  0.1752 -0.5061 -0.7505 -0.8756
 239  1.432276  3.6871  2.1389  2.1571  1.7750  0.1001 -0.5928 -0.8420 -0.9702
 240  1.432645  3.6851  2.0987  2.1893  1.7406  0.0345 -0.6689 -0.9222 -1.0532
 241  1.433005  3.6841  2.0764  2.2077  1.7179 -0.0039 -0.7124 -0.9680 -1.1004
 242  1.433357  3.6862  2.1143  2.1782  1.7438  0.0543 -0.6436 -0.8948 -1.0245
 243  1.433791  3.6877  2.1362  2.1622  1.7515  0.0838 -0.6069 -0.8552 -0.9828
 244  1.434238  3.6843  2.0718  2.2132  1.7010 -0.0188 -0.7268 -0.9820 -1.1143
 245  1.434635  3.6814  2.0152  2.2585  1.6552 -0.1097 -0.8327 -1.0941 -1.2306
 246  1.435000  3.6785  1.9593  2.3028  1.6094 -0.1974 -0.9353 -1.2030 -1.3439
 247  1.435329  3.6756  1.9054  2.3454  1.5677 -0.2804 -1.0330 -1.3070 -1.4524
 248  1.435628  3.6729  1.8534  2.3864  1.5294 -0.3597 -1.1266 -1.4068 -1.5565
 249  1.435897  3.6702  1.8044  2.4249  1.4962 -0.4330 -1.2140 -1.5003 -1.6543
 250  1.436150  3.6676  1.7551  2.4637  1.4650 -0.5061 -1.3015 -1.5939 -1.7524
 251  1.436379  3.6649  1.7059  2.5023  1.4357 -0.5781 -1.3883 -1.6870 -1.8500
 252  1.436592  3.6623  1.6575  2.5403  1.4094 -0.6482 -1.4731 -1.7782 -1.9456
 253  1.436786  3.6597  1.6103  2.5772  1.3863 -0.7155 -1.5552 -1.8666 -2.0385
 254  1.436963  3.6572  1.5641  2.6133  1.3656 -0.7805 -1.6347 -1.9525 -2.1288
 255  1.437128  3.6547  1.5188  2.6487  1.3473 -0.8435 -1.7123 -2.0364 -2.2172
 256  1.437280  3.6522  1.4740  2.6833  1.3331 -0.9038 -1.7877 -2.1183 -2.3038
 257  1.437420  3.6496  1.4302  2.7172  1.3215 -0.9616 -1.8607 -2.1979 -2.3880
 258  1.437551  3.6471  1.3869  2.7503  1.3128 -1.0173 -1.9318 -2.2757 -2.4704
 259  1.437671  3.6446  1.3452  2.7822  1.3069 -1.0698 -1.9997 -2.3502 -2.5496
 260  1.437784  3.6421  1.3036  2.8140  1.3034 -1.1211 -2.0667 -2.4239 -2.6279
 261  1.437889  3.6397  1.2631  2.8448  1.3021 -1.1698 -2.1313 -2.4953 -2.7038
 262  1.437986  3.6373  1.2237  2.8747  1.3027 -1.2164 -2.1937 -2.5644 -2.7775
 263  1.438077  3.6349  1.1846  2.9043  1.3053 -1.2614 -2.2548 -2.6325 -2.8500
 264  1.438162  3.6326  1.1463  2.9333  1.3095 -1.3048 -2.3141 -2.6988 -2.9210
 265  1.438242  3.6303  1.1090  2.9614  1.3152 -1.3459 -2.3712 -2.7628 -2.9897
 266  1.438318  3.6280  1.0722  2.9893  1.3228 -1.3856 -2.4270 -2.8257 -3.0574
 267  1.438388  3.6258  1.0362  3.0163  1.3315 -1.4235 -2.4808 -2.8867 -3.1231
 268  1.438454  3.6236  1.0008  3.0430  1.3418 -1.4600 -2.5335 -2.9466 -3.1877
 269  1.438516  3.6214  0.9658  3.0690  1.3561 -1.4936 -2.5842 -3.0045 -3.2505
 270  1.438575  3.6192  0.9316  3.0945  1.3714 -1.5257 -2.6333 -3.0609 -3.3117
 271  1.438631  3.6170  0.8980  3.1195  1.3876 -1.5565 -2.6810 -3.1158 -3.3716
 272  1.438683  3.6149  0.8653  3.1439  1.4041 -1.5858 -2.7268 -3.1691 -3.4297
 273  1.438733  3.6128  0.8330  3.1679  1.4215 -1.6137 -2.7715 -3.2213 -3.4869
 274  1.438781  3.6108  0.8016  3.1911  1.4391 -1.6402 -2.8142 -3.2717 -3.5422
 275  1.438825  3.6088  0.7710  3.2139  1.4568 -1.6657 -2.8558 -3.3208 -3.5964
 276  1.438868  3.6069  0.7408  3.2362  1.4748 -1.6898 -2.8959 -3.3687 -3.6494
 277  1.438908  3.6050  0.7118  3.2577  1.4925 -1.7127 -2.9342 -3.4147 -3.7004
 278  1.438946  3.6032  0.6841  3.2783  1.5098 -1.7339 -2.9703 -3.4584 -3.7490
 279  1.440162  3.6017  0.6613  3.2954  1.5259 -1.7507 -3.0002 -3.4945 -3.7893
