#NUMBER OF AGES= 1
#----------------------------------------------------       
#MIX-LEN  Y      Z          Zeff        [Fe/H] [a/Fe]
# 1.9380  0.2488 2.3381E-03 1.7027E-03  -1.00   0.20 
#----------------------------------------------------       
#**PHOTOMETRIC SYSTEM**: SDSS (AB)                          
#----------------------------------------------------       
#AGE= 2.250 EEPS=274
#EEP   M/Mo    LogTeff  LogG   LogL/Lo sdss_u  sdss_g  sdss_r  sdss_i  sdss_z
   5  0.110055  3.5217  5.3185 -2.7988 17.8945 14.4530 12.8140 11.8261 11.2718
   6  0.122265  3.5243  5.2644 -2.6885 17.4914 14.1234 12.4992 11.5404 10.9975
   7  0.138036  3.5277  5.2064 -2.5645 17.0365 13.7488 12.1422 11.2175 10.6889
   8  0.163097  3.5343  5.1473 -2.4060 16.4124 13.2391 11.6612 10.7955 10.2950
   9  0.201395  3.5463  5.0995 -2.2189 15.6205 12.5932 11.0606 10.2844  9.8317
  10  0.243982  3.5559  5.0570 -2.0544 14.9750 12.0482 10.5538  9.8415  9.4255
  11  0.277330  3.5618  5.0299 -1.9483 14.5806 11.7070 10.2362  9.5588  9.1641
  12  0.296963  3.5649  5.0127 -1.8890 14.3656 11.5189 10.0614  9.4018  9.0181
  13  0.307024  3.5665  5.0015 -1.8570 14.2517 11.4189  9.9682  9.3177  8.9395
  14  0.313382  3.5674  4.9933 -1.8361 14.1796 11.3549  9.9084  9.2631  8.8881
  15  0.317826  3.5681  4.9869 -1.8209 14.1281 11.3088  9.8654  9.2236  8.8509
  16  0.321274  3.5686  4.9814 -1.8088 14.0872 11.2723  9.8310  9.1919  8.8211
  17  0.324201  3.5690  4.9764 -1.7982 14.0521 11.2406  9.8014  9.1646  8.7950
  18  0.327385  3.5694  4.9715 -1.7873 14.0155 11.2078  9.7706  9.1363  8.7683
  19  0.331454  3.5700  4.9664 -1.7744 13.9716 11.1684  9.7338  9.1025  8.7365
  20  0.337680  3.5709  4.9598 -1.7562 13.9081 11.1120  9.6814  9.0549  8.6919
  21  0.349901  3.5729  4.9489 -1.7220 13.7857 11.0039  9.5817  8.9649  8.6084
  22  0.415165  3.5872  4.8838 -1.5255 13.0320 10.3482  8.9922  8.4430  8.1311
  23  0.428931  3.5910  4.8669 -1.4794 12.8493 10.1915  8.8549  8.3213  8.0194
  24  0.440637  3.5945  4.8518 -1.4386 12.6853 10.0506  8.7326  8.2132  7.9205
  25  0.455469  3.5993  4.8330 -1.3862 12.4718  9.8674  8.5753  8.0747  7.7943
  26  0.473541  3.6058  4.8106 -1.3207 12.1984  9.6333  8.3783  7.9016  7.6364
  27  0.490068  3.6126  4.7913 -1.2596 11.9381  9.4099  8.1944  7.7408  7.4900
  28  0.502468  3.6181  4.7784 -1.2138 11.7374  9.2377  8.0558  7.6200  7.3804
  29  0.511382  3.6223  4.7699 -1.1805 11.5887  9.1103  7.9548  7.5327  7.3013
  30  0.518353  3.6259  4.7637 -1.1542 11.4700  9.0072  7.8738  7.4634  7.2391
  31  0.524475  3.6292  4.7585 -1.1309 11.3636  8.9147  7.8016  7.4019  7.1841
  32  0.530875  3.6327  4.7535 -1.1066 11.2507  8.8171  7.7262  7.3380  7.1270
  33  0.538920  3.6372  4.7480 -1.0765 11.1076  8.6948  7.6328  7.2590  7.0568
  34  0.550390  3.6436  4.7412 -1.0345 10.8985  8.5209  7.5012  7.1481  6.9583
  35  0.566213  3.6534  4.7338 -0.9759 10.5728  8.2708  7.3165  6.9929  6.8211
  36  0.585887  3.6663  4.7271 -0.9030 10.1284  7.9564  7.0880  6.7991  6.6494
  37  0.608624  3.6804  4.7194 -0.8218  9.6115  7.6206  6.8422  6.5849  6.4565
  38  0.634432  3.6959  4.7103 -0.7330  9.0146  7.2724  6.5851  6.3575  6.2500
  39  0.662768  3.7118  4.6990 -0.6390  8.5044  6.9362  6.3199  6.1201  6.0339
  40  0.695587  3.7287  4.6838 -0.5352  7.9685  6.5885  6.0401  5.8669  5.8019
  41  0.737225  3.7478  4.6602 -0.4097  7.3716  6.1922  5.7183  5.5740  5.5311
  42  0.806521  3.7744  4.6094 -0.2138  6.5789  5.6145  5.2390  5.1333  5.1185
  43  0.831650  3.7827  4.5896 -0.1476  6.3445  5.4255  5.0794  4.9862  4.9799
  44  0.848196  3.7880  4.5765 -0.1047  6.2021  5.3031  4.9752  4.8903  4.8897
  45  0.860846  3.7922  4.5663 -0.0715  6.0948  5.2090  4.8950  4.8167  4.8204
  46  0.871639  3.7957  4.5573 -0.0430  6.0025  5.1290  4.8269  4.7539  4.7611
  47  0.881949  3.7990  4.5487 -0.0159  5.9154  5.0531  4.7621  4.6940  4.7045
  48  0.892312  3.8023  4.5397  0.0113  5.8301  4.9780  4.6974  4.6343  4.6478
  49  0.902891  3.8055  4.5301  0.0386  5.7458  4.9027  4.6323  4.5737  4.5902
  50  0.913375  3.8085  4.5202  0.0655  5.6650  4.8288  4.5679  4.5139  4.5331
  51  0.923782  3.8113  4.5101  0.0921  5.5868  4.7562  4.5044  4.4545  4.4765
  52  0.930593  3.8131  4.5033  0.1094  5.5365  4.7089  4.4629  4.4159  4.4395
  53  0.937415  3.8149  4.4966  0.1266  5.4868  4.6619  4.4216  4.3774  4.4027
  54  0.944233  3.8168  4.4899  0.1438  5.4376  4.6151  4.3804  4.3390  4.3660
  55  0.951038  3.8186  4.4833  0.1608  5.3890  4.5685  4.3396  4.3011  4.3297
  56  0.957682  3.8205  4.4769  0.1773  5.3418  4.5231  4.2998  4.2640  4.2942
  57  0.964178  3.8222  4.4705  0.1936  5.2960  4.4788  4.2608  4.2278  4.2596
  58  0.970590  3.8239  4.4642  0.2096  5.2512  4.4352  4.2225  4.1921  4.2254
  59  0.976993  3.8256  4.4581  0.2254  5.2069  4.3919  4.1844  4.1566  4.1916
  60  0.983462  3.8273  4.4519  0.2413  5.1626  4.3484  4.1461  4.1211  4.1574
  61  0.990051  3.8290  4.4457  0.2575  5.1180  4.3045  4.1075  4.0853  4.1231
  62  0.996838  3.8309  4.4396  0.2739  5.0727  4.2596  4.0681  4.0489  4.0883
  63  1.003956  3.8328  4.4337  0.2908  5.0260  4.2132  4.0276  4.0114  4.0527
  64  1.011394  3.8349  4.4277  0.3082  4.9780  4.1652  3.9857  3.9729  4.0158
  65  1.018935  3.8370  4.4218  0.3257  4.9298  4.1169  3.9437  3.9343  3.9790
  66  1.026435  3.8391  4.4162  0.3430  4.8824  4.0690  3.9021  3.8961  3.9427
  67  1.033732  3.8412  4.4107  0.3599  4.8365  4.0224  3.8618  3.8591  3.9074
  68  1.040734  3.8432  4.4055  0.3761  4.7929  3.9775  3.8231  3.8237  3.8736
  69  1.047343  3.8451  4.4004  0.3915  4.7517  3.9350  3.7863  3.7901  3.8416
  70  1.053547  3.8470  4.3956  0.4061  4.7134  3.8945  3.7519  3.7588  3.8116
  71  1.059453  3.8486  4.3910  0.4200  4.6772  3.8557  3.7189  3.7289  3.7831
  72  1.065126  3.8503  4.3864  0.4334  4.6423  3.8183  3.6870  3.7000  3.7555
  73  1.070601  3.8518  4.3819  0.4465  4.6087  3.7821  3.6561  3.6721  3.7288
  74  1.075915  3.8534  4.3776  0.4591  4.5761  3.7468  3.6261  3.6448  3.7027
  75  1.081105  3.8549  4.3734  0.4714  4.5442  3.7123  3.5967  3.6183  3.6772
  76  1.086170  3.8564  4.3696  0.4836  4.5131  3.6788  3.5680  3.5922  3.6523
  77  1.091119  3.8579  4.3658  0.4953  4.4827  3.6459  3.5398  3.5667  3.6278
  78  1.095510  3.8595  4.3627  0.5059  4.4548  3.6165  3.5141  3.5433  3.6052
  79  1.100322  3.8610  4.3594  0.5174  4.4247  3.5850  3.4866  3.5180  3.5809
  80  1.104979  3.8625  4.3563  0.5284  4.3957  3.5545  3.4598  3.4937  3.5575
  81  1.108966  3.8640  4.3541  0.5381  4.3698  3.5274  3.4363  3.4724  3.5371
  82  1.113137  3.8654  4.3517  0.5480  4.3437  3.4999  3.4124  3.4507  3.5163
  83  1.117244  3.8669  4.3493  0.5578  4.3179  3.4728  3.3889  3.4296  3.4959
  84  1.121303  3.8684  4.3470  0.5674  4.2925  3.4460  3.3658  3.4087  3.4759
  85  1.125325  3.8698  4.3449  0.5769  4.2676  3.4195  3.3431  3.3884  3.4564
  86  1.129322  3.8712  4.3428  0.5864  4.2432  3.3927  3.3210  3.3691  3.4383
  87  1.133300  3.8727  4.3408  0.5957  4.2192  3.3661  3.2992  3.3502  3.4204
  88  1.137262  3.8742  4.3388  0.6051  4.1953  3.3396  3.2777  3.3314  3.4027
  89  1.141204  3.8756  4.3368  0.6144  4.1715  3.3133  3.2563  3.3129  3.3853
  90  1.145131  3.8770  4.3348  0.6236  4.1480  3.2871  3.2350  3.2945  3.3679
  91  1.149035  3.8785  4.3329  0.6327  4.1245  3.2611  3.2139  3.2763  3.3506
  92  1.152893  3.8799  4.3309  0.6418  4.1014  3.2356  3.1930  3.2582  3.3334
  93  1.156684  3.8812  4.3289  0.6506  4.0786  3.2104  3.1725  3.2402  3.3165
  94  1.160417  3.8826  4.3271  0.6594  4.0559  3.1860  3.1519  3.2221  3.2990
  95  1.164093  3.8840  4.3251  0.6680  4.0334  3.1619  3.1314  3.2040  3.2816
  96  1.167713  3.8853  4.3233  0.6765  4.0112  3.1384  3.1113  3.1860  3.2643
  97  1.171276  3.8865  4.3213  0.6847  3.9895  3.1154  3.0916  3.1684  3.2472
  98  1.174784  3.8877  4.3194  0.6928  3.9681  3.0928  3.0721  3.1510  3.2304
  99  1.178240  3.8890  4.3173  0.7009  3.9472  3.0707  3.0531  3.1339  3.2137
 100  1.181632  3.8901  4.3153  0.7087  3.9266  3.0491  3.0343  3.1171  3.1974
 101  1.184966  3.8911  4.3131  0.7165  3.9065  3.0279  3.0160  3.1006  3.1813
 102  1.188235  3.8922  4.3111  0.7241  3.8868  3.0071  2.9979  3.0843  3.1655
 103  1.191429  3.8932  4.3088  0.7315  3.8675  2.9867  2.9802  3.0684  3.1500
 104  1.194546  3.8942  4.3065  0.7389  3.8487  2.9668  2.9631  3.0530  3.1352
 105  1.197587  3.8952  4.3044  0.7460  3.8302  2.9472  2.9463  3.0380  3.1206
 106  1.200535  3.8961  4.3021  0.7530  3.8122  2.9281  2.9300  3.0233  3.1064
 107  1.203370  3.8970  4.2998  0.7598  3.7947  2.9096  2.9140  3.0090  3.0926
 108  1.206110  3.8979  4.2976  0.7666  3.7777  2.8915  2.8985  2.9952  3.0791
 109  1.208759  3.8987  4.2954  0.7730  3.7612  2.8739  2.8834  2.9815  3.0660
 110  1.211327  3.8995  4.2932  0.7794  3.7450  2.8568  2.8687  2.9683  3.0532
 111  1.213822  3.9003  4.2910  0.7855  3.7292  2.8399  2.8541  2.9554  3.0405
 112  1.216457  3.9011  4.2887  0.7922  3.7124  2.8221  2.8388  2.9415  3.0272
 113  1.219113  3.9019  4.2863  0.7989  3.6953  2.8041  2.8233  2.9275  3.0136
 114  1.221796  3.9028  4.2838  0.8057  3.6781  2.7858  2.8076  2.9134  2.9999
 115  1.224507  3.9036  4.2813  0.8126  3.6607  2.7671  2.7915  2.8991  2.9858
 116  1.227247  3.9045  4.2787  0.8196  3.6430  2.7482  2.7752  2.8843  2.9715
 117  1.230018  3.9053  4.2759  0.8268  3.6249  2.7289  2.7586  2.8693  2.9568
 118  1.232823  3.9062  4.2731  0.8340  3.6067  2.7094  2.7417  2.8540  2.9419
 119  1.235659  3.9070  4.2701  0.8414  3.5882  2.6895  2.7244  2.8384  2.9266
 120  1.238527  3.9079  4.2670  0.8488  3.5693  2.6693  2.7068  2.8225  2.9109
 121  1.241425  3.9087  4.2637  0.8565  3.5501  2.6488  2.6888  2.8061  2.8949
 122  1.244351  3.9095  4.2603  0.8642  3.5306  2.6279  2.6706  2.7895  2.8786
 123  1.247301  3.9104  4.2567  0.8722  3.5108  2.6067  2.6520  2.7726  2.8619
 124  1.250274  3.9112  4.2528  0.8802  3.4907  2.5852  2.6331  2.7552  2.8448
 125  1.253255  3.9119  4.2488  0.8883  3.4703  2.5634  2.6138  2.7376  2.8272
 126  1.256238  3.9127  4.2447  0.8965  3.4498  2.5416  2.5944  2.7196  2.8094
 127  1.259214  3.9134  4.2402  0.9047  3.4290  2.5195  2.5747  2.7014  2.7914
 128  1.262171  3.9141  4.2357  0.9130  3.4081  2.4974  2.5549  2.6830  2.7731
 129  1.265106  3.9147  4.2310  0.9213  3.3872  2.4754  2.5350  2.6645  2.7546
 130  1.268011  3.9154  4.2260  0.9297  3.3663  2.4533  2.5150  2.6458  2.7359
 131  1.270876  3.9159  4.2209  0.9380  3.3454  2.4314  2.4950  2.6270  2.7170
 132  1.273702  3.9163  4.2156  0.9463  3.3246  2.4095  2.4750  2.6080  2.6981
 133  1.276486  3.9168  4.2101  0.9545  3.3040  2.3879  2.4549  2.5891  2.6791
 134  1.279224  3.9172  4.2044  0.9627  3.2835  2.3663  2.4349  2.5700  2.6600
 135  1.281917  3.9176  4.1986  0.9709  3.2631  2.3450  2.4150  2.5509  2.6407
 136  1.284560  3.9179  4.1926  0.9790  3.2429  2.3238  2.3951  2.5319  2.6215
 137  1.287157  3.9181  4.1864  0.9870  3.2229  2.3028  2.3753  2.5127  2.6023
 138  1.289705  3.9183  4.1801  0.9950  3.2032  2.2820  2.3555  2.4935  2.5829
 139  1.292207  3.9185  4.1736  1.0029  3.1837  2.2614  2.3357  2.4743  2.5634
 140  1.294662  3.9186  4.1668  1.0109  3.1643  2.2410  2.3160  2.4549  2.5439
 141  1.297068  3.9185  4.1599  1.0187  3.1450  2.2208  2.2963  2.4355  2.5243
 142  1.299430  3.9186  4.1526  1.0266  3.1258  2.2006  2.2765  2.4158  2.5044
 143  1.301751  3.9185  4.1452  1.0343  3.1067  2.1804  2.2566  2.3960  2.4843
 144  1.304029  3.9183  4.1375  1.0421  3.0879  2.1605  2.2366  2.3760  2.4640
 145  1.306258  3.9180  4.1296  1.0499  3.0692  2.1407  2.2166  2.3560  2.4437
 146  1.308445  3.9177  4.1213  1.0576  3.0508  2.1211  2.1966  2.3357  2.4231
 147  1.310585  3.9173  4.1129  1.0652  3.0327  2.1020  2.1769  2.3154  2.4025
 148  1.312674  3.9168  4.1039  1.0727  3.0150  2.0831  2.1569  2.2948  2.3816
 149  1.314713  3.9161  4.0947  1.0801  2.9974  2.0645  2.1371  2.2741  2.3604
 150  1.316709  3.9154  4.0850  1.0874  2.9801  2.0462  2.1172  2.2533  2.3391
 151  1.318658  3.9146  4.0751  1.0948  2.9631  2.0283  2.0974  2.2321  2.3175
 152  1.320557  3.9137  4.0646  1.1021  2.9463  2.0106  2.0774  2.2107  2.2956
 153  1.322407  3.9126  4.0538  1.1092  2.9297  1.9932  2.0573  2.1890  2.2733
 154  1.324207  3.9114  4.0424  1.1163  2.9134  1.9763  2.0372  2.1671  2.2506
 155  1.325956  3.9100  4.0305  1.1233  2.8975  1.9596  2.0170  2.1447  2.2274
 156  1.327653  3.9084  4.0179  1.1303  2.8819  1.9435  1.9968  2.1222  2.2039
 157  1.329296  3.9067  4.0047  1.1371  2.8668  1.9278  1.9766  2.0992  2.1799
 158  1.330883  3.9048  3.9908  1.1437  2.8522  1.9126  1.9564  2.0759  2.1555
 159  1.332414  3.9026  3.9762  1.1503  2.8381  1.8981  1.9363  2.0523  2.1307
 160  1.333884  3.9002  3.9607  1.1567  2.8248  1.8844  1.9164  2.0285  2.1056
 161  1.335293  3.8976  3.9444  1.1629  2.8122  1.8716  1.8966  2.0045  2.0801
 162  1.336400  3.8953  3.9307  1.1678  2.8025  1.8619  1.8807  1.9847  2.0591
 163  1.337498  3.8926  3.9154  1.1727  2.7932  1.8528  1.8644  1.9639  2.0370
 164  1.338589  3.8896  3.8988  1.1777  2.7841  1.8444  1.8477  1.9421  2.0137
 165  1.339668  3.8863  3.8807  1.1825  2.7758  1.8370  1.8307  1.9192  1.9892
 166  1.340731  3.8824  3.8609  1.1874  2.7684  1.8308  1.8135  1.8953  1.9634
 167  1.341775  3.8780  3.8390  1.1922  2.7626  1.8258  1.7967  1.8710  1.9365
 168  1.342793  3.8730  3.8148  1.1967  2.7587  1.8228  1.7800  1.8459  1.9083
 169  1.343778  3.8673  3.7882  1.2010  2.7559  1.8222  1.7634  1.8195  1.8787
 170  1.344721  3.8611  3.7592  1.2049  2.7552  1.8248  1.7471  1.7923  1.8477
 171  1.345613  3.8540  3.7278  1.2083  2.7584  1.8309  1.7322  1.7650  1.8159
 172  1.346460  3.8463  3.6946  1.2111  2.7658  1.8404  1.7190  1.7385  1.7842
 173  1.347271  3.8382  3.6602  1.2133  2.7772  1.8529  1.7077  1.7137  1.7534
 174  1.348054  3.8298  3.6255  1.2145  2.7939  1.8692  1.6990  1.6910  1.7239
 175  1.348844  3.8213  3.5916  1.2151  2.8158  1.8884  1.6926  1.6706  1.6967
 176  1.349624  3.8131  3.5600  1.2140  2.8453  1.9120  1.6905  1.6548  1.6738
 177  1.350373  3.8053  3.5319  1.2109  2.8823  1.9406  1.6944  1.6459  1.6578
 178  1.351049  3.7981  3.5082  1.2060  2.9244  1.9727  1.7035  1.6433  1.6487
 179  1.351640  3.7917  3.4898  1.1995  2.9680  2.0075  1.7182  1.6477  1.6470
 180  1.352147  3.7867  3.4782  1.1913  3.0100  2.0436  1.7384  1.6597  1.6538
 181  1.352595  3.7816  3.4657  1.1831  3.0561  2.0808  1.7583  1.6711  1.6598
 182  1.353220  3.7751  3.4549  1.1681  3.1352  2.1402  1.7937  1.6957  1.6780
 183  1.353819  3.7691  3.4475  1.1518  3.2217  2.2016  1.8315  1.7239  1.7002
 184  1.354401  3.7636  3.4421  1.1354  3.3084  2.2623  1.8707  1.7542  1.7250
 185  1.355053  3.7581  3.4364  1.1195  3.3946  2.3222  1.9103  1.7851  1.7500
 186  1.355809  3.7529  3.4270  1.1081  3.4714  2.3711  1.9398  1.8062  1.7653
 187  1.356692  3.7480  3.4111  1.1046  3.5285  2.3993  1.9499  1.8084  1.7619
 188  1.357576  3.7443  3.3927  1.1083  3.5592  2.4057  1.9422  1.7948  1.7440
 189  1.358418  3.7413  3.3724  1.1173  3.5686  2.3954  1.9211  1.7691  1.7149
 190  1.359210  3.7391  3.3518  1.1289  3.5656  2.3760  1.8932  1.7376  1.6806
 191  1.359967  3.7373  3.3318  1.1422  3.5526  2.3505  1.8613  1.7028  1.6437
 192  1.360700  3.7358  3.3120  1.1562  3.5355  2.3222  1.8274  1.6665  1.6056
 193  1.361418  3.7346  3.2928  1.1708  3.5133  2.2910  1.7918  1.6290  1.5667
 194  1.362122  3.7336  3.2738  1.1859  3.4879  2.2580  1.7550  1.5906  1.5269
 195  1.362821  3.7325  3.2544  1.2012  3.4634  2.2249  1.7178  1.5517  1.4866
 196  1.363511  3.7315  3.2353  1.2165  3.4369  2.1907  1.6802  1.5124  1.4461
 197  1.364192  3.7307  3.2168  1.2322  3.4080  2.1553  1.6418  1.4728  1.4056
 198  1.364872  3.7299  3.1980  1.2479  3.3793  2.1200  1.6036  1.4331  1.3649
 199  1.365542  3.7291  3.1795  1.2637  3.3491  2.0838  1.5648  1.3932  1.3240
 200  1.366201  3.7285  3.1608  1.2798  3.3177  2.0468  1.5253  1.3525  1.2825
 201  1.366841  3.7278  3.1418  1.2963  3.2849  2.0088  1.4848  1.3110  1.2400
 202  1.367469  3.7271  3.1226  1.3131  3.2513  1.9700  1.4436  1.2688  1.1969
 203  1.368077  3.7265  3.1029  1.3302  3.2169  1.9302  1.4015  1.2254  1.1528
 204  1.368674  3.7258  3.0832  1.3476  3.1818  1.8899  1.3588  1.1818  1.1081
 205  1.369262  3.7251  3.0632  1.3652  3.1462  1.8491  1.3156  1.1375  1.0631
 206  1.369833  3.7245  3.0428  1.3831  3.1103  1.8078  1.2719  1.0926  1.0173
 207  1.370396  3.7238  3.0225  1.4011  3.0736  1.7659  1.2277  1.0474  0.9712
 208  1.370942  3.7231  3.0016  1.4193  3.0371  1.7237  1.1830  1.0015  0.9243
 209  1.371480  3.7224  2.9807  1.4377  3.0002  1.6813  1.1380  0.9553  0.8773
 210  1.372003  3.7217  2.9594  1.4561  2.9637  1.6388  1.0926  0.9087  0.8297
 211  1.372517  3.7210  2.9380  1.4748  2.9272  1.5960  1.0469  0.8617  0.7818
 212  1.373018  3.7202  2.9162  1.4938  2.8898  1.5524  1.0005  0.8139  0.7329
 213  1.373504  3.7194  2.8938  1.5131  2.8526  1.5085  0.9534  0.7655  0.6833
 214  1.373982  3.7186  2.8713  1.5325  2.8148  1.4641  0.9058  0.7164  0.6333
 215  1.374445  3.7178  2.8485  1.5522  2.7773  1.4195  0.8579  0.6670  0.5827
 216  1.374899  3.7169  2.8255  1.5719  2.7396  1.3748  0.8098  0.6174  0.5320
 217  1.374998  3.7167  2.8203  1.5763  2.7313  1.3648  0.7990  0.6063  0.5206
 218  1.375098  3.7165  2.8153  1.5807  2.7230  1.3548  0.7883  0.5952  0.5092
 219  1.375195  3.7163  2.8100  1.5852  2.7146  1.3446  0.7774  0.5840  0.4977
 220  1.375294  3.7161  2.8047  1.5897  2.7058  1.3345  0.7665  0.5727  0.4862
 221  1.375392  3.7159  2.7994  1.5942  2.6971  1.3244  0.7556  0.5615  0.4747
 222  1.375491  3.7157  2.7942  1.5986  2.6883  1.3142  0.7447  0.5502  0.4631
 223  1.375588  3.7155  2.7888  1.6032  2.6795  1.3040  0.7336  0.5388  0.4514
 224  1.375687  3.7153  2.7836  1.6077  2.6706  1.2938  0.7227  0.5276  0.4399
 225  1.375783  3.7151  2.7782  1.6123  2.6616  1.2833  0.7115  0.5160  0.4281
 226  1.375880  3.7149  2.7729  1.6169  2.6528  1.2730  0.7004  0.5045  0.4163
 227  1.376764  3.7130  2.7217  1.6605  2.5686  1.1750  0.5947  0.3952  0.3042
 228  1.377570  3.7110  2.6702  1.7041  2.4857  1.0775  0.4893  0.2861  0.1922
 229  1.378346  3.7088  2.6167  1.7492  2.4011  0.9772  0.3806  0.1735  0.0763
 230  1.379044  3.7067  2.5649  1.7927  2.3215  0.8813  0.2762  0.0651 -0.0353
 231  1.379662  3.7046  2.5150  1.8343  2.2469  0.7899  0.1763 -0.0387 -0.1422
 232  1.380263  3.7022  2.4622  1.8780  2.1717  0.6951  0.0722 -0.1472 -0.2542
 233  1.380807  3.6998  2.4102  1.9206  2.1019  0.6038 -0.0288 -0.2528 -0.3633
 234  1.381306  3.6974  2.3589  1.9625  2.0415  0.5148 -0.1284 -0.3570 -0.4710
 235  1.381766  3.6950  2.3079  2.0038  1.9871  0.4279 -0.2265 -0.4598 -0.5772
 236  1.382183  3.6925  2.2579  2.0441  1.9371  0.3438 -0.3222 -0.5604 -0.6811
 237  1.382565  3.6902  2.2101  2.0827  1.8919  0.2639 -0.4136 -0.6564 -0.7805
 238  1.382925  3.6878  2.1635  2.1201  1.8503  0.1870 -0.5020 -0.7496 -0.8769
 239  1.383266  3.6857  2.1202  2.1549  1.8125  0.1160 -0.5841 -0.8363 -0.9665
 240  1.383577  3.6843  2.0916  2.1782  1.7857  0.0678 -0.6393 -0.8942 -1.0264
 241  1.383889  3.6853  2.1072  2.1664  1.7935  0.0905 -0.6120 -0.8649 -0.9958
 242  1.384242  3.6883  2.1604  2.1253  1.8272  0.1708 -0.5163 -0.7630 -0.8897
 243  1.384646  3.6854  2.1035  2.1707  1.7802  0.0786 -0.6232 -0.8760 -1.0067
 244  1.385011  3.6824  2.0445  2.2179  1.7322 -0.0164 -0.7339 -0.9930 -1.1280
 245  1.385336  3.6795  1.9888  2.2624  1.6852 -0.1052 -0.8373 -1.1026 -1.2418
 246  1.385635  3.6766  1.9334  2.3061  1.6411 -0.1912 -0.9382 -1.2098 -1.3535
 247  1.385905  3.6738  1.8803  2.3480  1.6010 -0.2724 -1.0341 -1.3119 -1.4601
 248  1.386150  3.6711  1.8297  2.3880  1.5650 -0.3491 -1.1249 -1.4090 -1.5615
 249  1.386377  3.6685  1.7799  2.4271  1.5325 -0.4232 -1.2134 -1.5037 -1.6606
 250  1.386582  3.6658  1.7300  2.4662  1.5018 -0.4965 -1.3015 -1.5980 -1.7594
 251  1.386773  3.6631  1.6807  2.5050  1.4736 -0.5685 -1.3883 -1.6912 -1.8573
 252  1.386946  3.6605  1.6327  2.5427  1.4491 -0.6374 -1.4721 -1.7814 -1.9519
 253  1.387105  3.6579  1.5857  2.5795  1.4270 -0.7041 -1.5535 -1.8693 -2.0442
 254  1.387252  3.6554  1.5394  2.6156  1.4077 -0.7687 -1.6329 -1.9550 -2.1347
 255  1.387386  3.6529  1.4944  2.6507  1.3907 -0.8306 -1.7097 -2.0382 -2.2223
 256  1.387512  3.6503  1.4492  2.6855  1.3781 -0.8905 -1.7849 -2.1203 -2.3090
 257  1.387627  3.6478  1.4052  2.7193  1.3686 -0.9474 -1.8574 -2.1995 -2.3928
 258  1.387733  3.6452  1.3625  2.7520  1.3616 -1.0016 -1.9271 -2.2758 -2.4739
 259  1.387833  3.6428  1.3206  2.7840  1.3571 -1.0536 -1.9949 -2.3502 -2.5530
 260  1.387925  3.6403  1.2793  2.8155  1.3550 -1.1039 -2.0612 -2.4235 -2.6308
 261  1.388011  3.6378  1.2389  2.8462  1.3549 -1.1518 -2.1253 -2.4944 -2.7063
 262  1.388091  3.6354  1.1992  2.8763  1.3570 -1.1979 -2.1875 -2.5636 -2.7802
 263  1.388167  3.6330  1.1601  2.9059  1.3609 -1.2422 -2.2481 -2.6312 -2.8526
 264  1.388237  3.6307  1.1220  2.9347  1.3661 -1.2848 -2.3068 -2.6971 -2.9231
 265  1.388302  3.6284  1.0847  2.9628  1.3732 -1.3253 -2.3635 -2.7608 -2.9916
 266  1.388364  3.6261  1.0479  2.9905  1.3815 -1.3642 -2.4187 -2.8234 -3.0589
 267  1.388422  3.6239  1.0118  3.0177  1.3916 -1.4016 -2.4724 -2.8843 -3.1248
 268  1.388476  3.6216  0.9762  3.0444  1.4053 -1.4364 -2.5244 -2.9436 -3.1889
 269  1.388528  3.6194  0.9413  3.0704  1.4205 -1.4694 -2.5746 -3.0011 -3.2514
 270  1.388576  3.6172  0.9072  3.0958  1.4365 -1.5008 -2.6231 -3.0571 -3.3123
 271  1.388622  3.6151  0.8736  3.1206  1.4533 -1.5307 -2.6700 -3.1115 -3.3717
 272  1.388665  3.6129  0.8408  3.1451  1.4707 -1.5593 -2.7156 -3.1648 -3.4300
 273  1.388705  3.6109  0.8087  3.1689  1.4886 -1.5866 -2.7595 -3.2164 -3.4866
 274  1.388744  3.6089  0.7774  3.1922  1.5062 -1.6127 -2.8021 -3.2666 -3.5419
 275  1.388781  3.6069  0.7466  3.2150  1.5247 -1.6375 -2.8432 -3.3157 -3.5962
 276  1.388815  3.6049  0.7166  3.2372  1.5429 -1.6610 -2.8826 -3.3630 -3.6488
 277  1.388848  3.6030  0.6876  3.2588  1.5613 -1.6832 -2.9205 -3.4089 -3.6999
 278  1.388880  3.6012  0.6597  3.2794  1.5797 -1.7039 -2.9570 -3.4526 -3.7485
