#NUMBER OF AGES= 1
#----------------------------------------------------       
#MIX-LEN  Y      Z          Zeff        [Fe/H] [a/Fe]
# 1.9380  0.2488 2.3381E-03 1.7027E-03  -1.00   0.20 
#----------------------------------------------------       
#**PHOTOMETRIC SYSTEM**: SDSS (AB)                          
#----------------------------------------------------       
#AGE= 2.500 EEPS=274
#EEP   M/Mo    LogTeff  LogG   LogL/Lo sdss_u  sdss_g  sdss_r  sdss_i  sdss_z
   5  0.104754  3.5204  5.3433 -2.8502 18.0859 14.6081 12.9620 11.9598 11.3998
   6  0.116423  3.5231  5.2894 -2.7396 17.6776 14.2761 12.6451 11.6729 11.1247
   7  0.130194  3.5259  5.2333 -2.6235 17.2541 13.9281 12.3130 11.3715 10.8357
   8  0.150120  3.5306  5.1728 -2.4828 16.7254 13.4934 11.9002 11.0022 10.4859
   9  0.182757  3.5408  5.1204 -2.3038 15.9746 12.8846 11.3312 10.5159 10.0418
  10  0.223705  3.5517  5.0755 -2.1276 15.2578 12.2888 10.7775 10.0380  9.6060
  11  0.258760  3.5588  5.0431 -2.0038 14.7855 11.8849 10.4019  9.7065  9.3007
  12  0.285213  3.5631  5.0218 -1.9229 14.4889 11.6269 10.1616  9.4917  9.1015
  13  0.300126  3.5654  5.0074 -1.8769 14.3234 11.4819 10.0267  9.3703  8.9884
  14  0.308589  3.5667  4.9974 -1.8497 14.2276 11.3974  9.9479  9.2988  8.9214
  15  0.314243  3.5676  4.9899 -1.8310 14.1631 11.3400  9.8943  9.2498  8.8754
  16  0.318386  3.5682  4.9837 -1.8167 14.1152 11.2970  9.8540  9.2128  8.8404
  17  0.321615  3.5686  4.9785 -1.8052 14.0767 11.2625  9.8217  9.1830  8.8122
  18  0.324658  3.5691  4.9737 -1.7946 14.0411 11.2305  9.7917  9.1554  8.7861
  19  0.328008  3.5695  4.9689 -1.7835 14.0036 11.1969  9.7603  9.1265  8.7588
  20  0.332482  3.5702  4.9638 -1.7698 13.9566 11.1549  9.7210  9.0907  8.7253
  21  0.339266  3.5712  4.9573 -1.7506 13.8892 11.0952  9.6658  9.0404  8.6782
  22  0.397295  3.5828  4.9033 -1.5819 13.2542 10.5396  9.1618  8.5927  8.2678
  23  0.418721  3.5882  4.8784 -1.5125 12.9815 10.3045  8.9535  8.4087  8.0995
  24  0.431675  3.5918  4.8622 -1.4687 12.8075 10.1551  8.8230  8.2929  7.9932
  25  0.444086  3.5955  4.8461 -1.4252 12.6331 10.0052  8.6930  8.1780  7.8882
  26  0.460182  3.6009  4.8259 -1.3680 12.3980  9.8038  8.5210  8.0267  7.7503
  27  0.478278  3.6078  4.8037 -1.3018 12.1203  9.5659  8.3220  7.8521  7.5910
  28  0.493761  3.6143  4.7862 -1.2444 11.8735  9.3541  8.1490  7.7009  7.4535
  29  0.505024  3.6194  4.7747 -1.2026 11.6898  9.1965  8.0225  7.5909  7.3538
  30  0.513328  3.6234  4.7669 -1.1715 11.5497  9.0764  7.9278  7.5092  7.2798
  31  0.520001  3.6269  4.7611 -1.1462 11.4354  8.9767  7.8495  7.4423  7.2201
  32  0.526129  3.6302  4.7559 -1.1227 11.3280  8.8833  7.7770  7.3806  7.1649
  33  0.532907  3.6339  4.7507 -1.0970 11.2078  8.7797  7.6971  7.3130  7.1046
  34  0.541787  3.6390  4.7450 -1.0640 11.0486  8.6446  7.5940  7.2261  7.0274
  35  0.554574  3.6463  4.7377 -1.0170 10.8074  8.4483  7.4466  7.1019  6.9173
  36  0.571381  3.6570  4.7305 -0.9544 10.4478  8.1790  7.2491  6.9358  6.7705
  37  0.591713  3.6704  4.7239 -0.8792  9.9815  7.8575  7.0155  6.7362  6.5927
  38  0.614628  3.6845  4.7158 -0.7980  9.4543  7.5263  6.7726  6.5234  6.4006
  39  0.640439  3.6997  4.7064 -0.7096  8.8726  7.1863  6.5189  6.2983  6.1957
  40  0.667722  3.7149  4.6948 -0.6194  8.4104  6.8704  6.2661  6.0714  5.9892
  41  0.698995  3.7308  4.6796 -0.5205  7.8969  6.5418  6.0017  5.8317  5.7692
  42  0.734654  3.7472  4.6586 -0.4122  7.3863  6.2010  5.7248  5.5795  5.5360
  43  0.783826  3.7669  4.6224 -0.2694  6.7964  5.7752  5.3718  5.2554  5.2330
  44  0.812551  3.7769  4.5994 -0.1904  6.4964  5.5489  5.1827  5.0807  5.0685
  45  0.830865  3.7830  4.5847 -0.1419  6.3280  5.4102  5.0653  4.9725  4.9665
  46  0.845036  3.7876  4.5731 -0.1045  6.2046  5.3039  4.9747  4.8893  4.8882
  47  0.856679  3.7914  4.5634 -0.0737  6.1044  5.2162  4.8998  4.8204  4.8233
  48  0.866945  3.7948  4.5547 -0.0462  6.0155  5.1388  4.8339  4.7597  4.7660
  49  0.876757  3.7980  4.5462 -0.0199  5.9310  5.0654  4.7712  4.7017  4.7112
  50  0.886501  3.8012  4.5376  0.0061  5.8488  4.9932  4.7092  4.6444  4.6569
  51  0.896288  3.8042  4.5286  0.0321  5.7684  4.9216  4.6474  4.5871  4.6024
  52  0.902971  3.8062  4.5222  0.0496  5.7149  4.8734  4.6056  4.5482  4.5653
  53  0.909599  3.8081  4.5157  0.0670  5.6631  4.8257  4.5641  4.5095  4.5285
  54  0.916186  3.8100  4.5091  0.0842  5.6123  4.7788  4.5229  4.4711  4.4918
  55  0.922744  3.8118  4.5023  0.1012  5.5625  4.7322  4.4820  4.4329  4.4553
  56  0.929287  3.8135  4.4955  0.1181  5.5134  4.6859  4.4413  4.3950  4.4189
  57  0.935818  3.8153  4.4887  0.1350  5.4650  4.6399  4.4009  4.3572  4.3828
  58  0.942323  3.8170  4.4820  0.1517  5.4173  4.5943  4.3608  4.3197  4.3469
  59  0.948795  3.8188  4.4754  0.1682  5.3701  4.5491  4.3210  4.2828  4.3115
  60  0.955135  3.8204  4.4689  0.1845  5.3243  4.5049  4.2820  4.2465  4.2768
  61  0.961296  3.8222  4.4625  0.2002  5.2799  4.4619  4.2442  4.2112  4.2429
  62  0.967338  3.8238  4.4563  0.2157  5.2368  4.4199  4.2071  4.1766  4.2099
  63  0.973342  3.8254  4.4502  0.2309  5.1942  4.3783  4.1704  4.1425  4.1771
  64  0.979368  3.8270  4.4441  0.2461  5.1521  4.3368  4.1338  4.1085  4.1446
  65  0.985447  3.8286  4.4381  0.2613  5.1099  4.2951  4.0972  4.0745  4.1120
  66  0.991641  3.8303  4.4321  0.2768  5.0676  4.2532  4.0602  4.0402  4.0792
  67  0.997964  3.8320  4.4263  0.2923  5.0248  4.2106  4.0229  4.0056  4.0461
  68  1.004484  3.8338  4.4205  0.3082  4.9812  4.1670  3.9847  3.9703  4.0123
  69  1.011181  3.8357  4.4147  0.3243  4.9369  4.1227  3.9459  3.9346  3.9781
  70  1.017926  3.8376  4.4090  0.3404  4.8928  4.0782  3.9071  3.8989  3.9441
  71  1.024601  3.8395  4.4036  0.3564  4.8494  4.0343  3.8690  3.8637  3.9105
  72  1.031128  3.8413  4.3982  0.3719  4.8073  3.9913  3.8316  3.8295  3.8777
  73  1.037427  3.8432  4.3931  0.3870  4.7669  3.9497  3.7956  3.7964  3.8461
  74  1.043436  3.8450  4.3881  0.4014  4.7283  3.9097  3.7609  3.7648  3.8159
  75  1.049125  3.8466  4.3834  0.4152  4.6921  3.8715  3.7282  3.7349  3.7874
  76  1.054523  3.8482  4.3788  0.4284  4.6577  3.8349  3.6970  3.7065  3.7603
  77  1.059700  3.8497  4.3742  0.4411  4.6249  3.7997  3.6669  3.6791  3.7340
  78  1.064691  3.8512  4.3698  0.4534  4.5930  3.7654  3.6376  3.6525  3.7086
  79  1.069518  3.8526  4.3654  0.4654  4.5623  3.7322  3.6091  3.6266  3.6838
  80  1.074220  3.8540  4.3613  0.4771  4.5322  3.6998  3.5814  3.6014  3.6596
  81  1.078781  3.8553  4.3572  0.4884  4.5030  3.6682  3.5543  3.5768  3.6360
  82  1.083158  3.8566  4.3534  0.4993  4.4749  3.6378  3.5283  3.5532  3.6132
  83  1.087432  3.8580  4.3497  0.5100  4.4474  3.6082  3.5028  3.5300  3.5909
  84  1.091614  3.8593  4.3463  0.5204  4.4201  3.5795  3.4774  3.5067  3.5685
  85  1.095266  3.8605  4.3434  0.5298  4.3957  3.5537  3.4548  3.4861  3.5486
  86  1.099362  3.8620  4.3402  0.5399  4.3690  3.5256  3.4301  3.4634  3.5268
  87  1.103381  3.8633  4.3372  0.5499  4.3428  3.4981  3.4060  3.4414  3.5054
  88  1.107305  3.8646  4.3343  0.5597  4.3172  3.4712  3.3823  3.4199  3.4847
  89  1.111153  3.8659  4.3316  0.5692  4.2921  3.4448  3.3593  3.3989  3.4645
  90  1.114929  3.8673  4.3290  0.5786  4.2674  3.4188  3.3366  3.3783  3.4447
  91  1.118638  3.8686  4.3264  0.5878  4.2433  3.3931  3.3145  3.3583  3.4254
  92  1.121989  3.8699  4.3245  0.5963  4.2209  3.3692  3.2941  3.3402  3.4081
  93  1.125584  3.8711  4.3223  0.6053  4.1979  3.3440  3.2731  3.3217  3.3905
  94  1.129179  3.8725  4.3200  0.6142  4.1751  3.3189  3.2524  3.3035  3.3732
  95  1.132754  3.8738  4.3177  0.6230  4.1524  3.2940  3.2318  3.2854  3.3561
  96  1.136305  3.8750  4.3154  0.6318  4.1301  3.2693  3.2114  3.2676  3.3391
  97  1.139827  3.8763  4.3130  0.6404  4.1080  3.2449  3.1912  3.2499  3.3224
  98  1.143315  3.8776  4.3106  0.6490  4.0861  3.2207  3.1713  3.2323  3.3056
  99  1.146771  3.8787  4.3083  0.6575  4.0644  3.1969  3.1515  3.2150  3.2891
 100  1.150180  3.8799  4.3059  0.6658  4.0431  3.1735  3.1320  3.1977  3.2726
 101  1.153534  3.8810  4.3035  0.6740  4.0221  3.1505  3.1127  3.1808  3.2564
 102  1.156821  3.8822  4.3011  0.6821  4.0014  3.1280  3.0937  3.1638  3.2400
 103  1.160039  3.8832  4.2987  0.6900  3.9809  3.1062  3.0748  3.1467  3.2234
 104  1.163188  3.8842  4.2962  0.6978  3.9607  3.0847  3.0561  3.1299  3.2072
 105  1.166264  3.8852  4.2938  0.7054  3.9409  3.0636  3.0378  3.1133  3.1911
 106  1.169261  3.8862  4.2913  0.7129  3.9215  3.0431  3.0198  3.0971  3.1752
 107  1.172176  3.8872  4.2888  0.7202  3.9025  3.0230  3.0023  3.0811  3.1596
 108  1.175019  3.8881  4.2864  0.7275  3.8839  3.0032  2.9850  3.0654  3.1443
 109  1.177780  3.8890  4.2839  0.7345  3.8656  2.9839  2.9680  3.0500  3.1293
 110  1.180471  3.8899  4.2815  0.7414  3.8477  2.9650  2.9514  3.0348  3.1145
 111  1.183091  3.8907  4.2789  0.7483  3.8302  2.9464  2.9351  3.0200  3.1000
 112  1.185539  3.8915  4.2766  0.7547  3.8136  2.9289  2.9197  3.0060  3.0863
 113  1.188004  3.8923  4.2742  0.7612  3.7968  2.9112  2.9041  2.9918  3.0724
 114  1.190487  3.8931  4.2718  0.7678  3.7799  2.8932  2.8884  2.9775  3.0585
 115  1.192988  3.8939  4.2693  0.7744  3.7628  2.8751  2.8726  2.9632  3.0446
 116  1.195505  3.8948  4.2667  0.7812  3.7454  2.8567  2.8566  2.9487  3.0305
 117  1.198039  3.8956  4.2639  0.7882  3.7279  2.8381  2.8403  2.9340  3.0161
 118  1.200581  3.8964  4.2611  0.7951  3.7102  2.8192  2.8239  2.9191  3.0016
 119  1.203115  3.8971  4.2582  0.8021  3.6925  2.8004  2.8074  2.9041  2.9869
 120  1.205650  3.8979  4.2551  0.8091  3.6747  2.7815  2.7908  2.8889  2.9721
 121  1.208183  3.8987  4.2519  0.8162  3.6567  2.7624  2.7741  2.8736  2.9572
 122  1.210720  3.8994  4.2486  0.8233  3.6386  2.7432  2.7571  2.8581  2.9420
 123  1.213263  3.9001  4.2452  0.8306  3.6204  2.7239  2.7401  2.8424  2.9266
 124  1.215811  3.9008  4.2417  0.8379  3.6021  2.7043  2.7228  2.8266  2.9110
 125  1.218367  3.9015  4.2380  0.8453  3.5835  2.6847  2.7052  2.8104  2.8951
 126  1.220933  3.9022  4.2341  0.8527  3.5648  2.6648  2.6875  2.7940  2.8790
 127  1.223506  3.9029  4.2301  0.8602  3.5460  2.6447  2.6695  2.7774  2.8626
 128  1.226088  3.9035  4.2259  0.8678  3.5269  2.6245  2.6513  2.7605  2.8458
 129  1.228674  3.9041  4.2216  0.8755  3.5078  2.6041  2.6329  2.7433  2.8289
 130  1.231266  3.9047  4.2170  0.8833  3.4884  2.5834  2.6142  2.7258  2.8115
 131  1.233859  3.9051  4.2122  0.8912  3.4688  2.5627  2.5952  2.7079  2.7938
 132  1.236449  3.9056  4.2071  0.8991  3.4492  2.5416  2.5760  2.6898  2.7757
 133  1.239036  3.9061  4.2019  0.9071  3.4293  2.5205  2.5565  2.6712  2.7572
 134  1.241615  3.9065  4.1964  0.9152  3.4093  2.4993  2.5368  2.6524  2.7385
 135  1.244184  3.9069  4.1906  0.9233  3.3891  2.4779  2.5168  2.6334  2.7194
 136  1.246737  3.9073  4.1846  0.9315  3.3690  2.4564  2.4967  2.6140  2.7001
 137  1.249272  3.9075  4.1783  0.9398  3.3487  2.4349  2.4763  2.5943  2.6803
 138  1.251779  3.9078  4.1718  0.9480  3.3284  2.4134  2.4557  2.5744  2.6603
 139  1.254253  3.9079  4.1650  0.9563  3.3081  2.3919  2.4351  2.5544  2.6401
 140  1.256691  3.9079  4.1579  0.9646  3.2879  2.3705  2.4144  2.5341  2.6197
 141  1.259089  3.9081  4.1506  0.9729  3.2677  2.3491  2.3936  2.5135  2.5989
 142  1.261443  3.9080  4.1430  0.9812  3.2475  2.3278  2.3726  2.4928  2.5779
 143  1.263753  3.9079  4.1351  0.9894  3.2274  2.3066  2.3515  2.4718  2.5566
 144  1.266015  3.9077  4.1270  0.9976  3.2076  2.2857  2.3305  2.4507  2.5353
 145  1.268231  3.9074  4.1185  1.0058  3.1879  2.2649  2.3094  2.4294  2.5137
 146  1.270394  3.9070  4.1099  1.0138  3.1684  2.2445  2.2885  2.4081  2.4920
 147  1.272509  3.9067  4.1007  1.0217  3.1494  2.2245  2.2675  2.3867  2.4702
 148  1.274569  3.9061  4.0913  1.0296  3.1306  2.2047  2.2467  2.3651  2.4480
 149  1.276577  3.9054  4.0813  1.0375  3.1121  2.1853  2.2258  2.3433  2.4257
 150  1.278536  3.9045  4.0711  1.0452  3.0939  2.1662  2.2048  2.3212  2.4031
 151  1.280444  3.9036  4.0603  1.0529  3.0760  2.1474  2.1839  2.2990  2.3801
 152  1.282301  3.9025  4.0490  1.0604  3.0584  2.1290  2.1630  2.2764  2.3569
 153  1.284104  3.9014  4.0372  1.0680  3.0412  2.1111  2.1419  2.2537  2.3333
 154  1.285857  3.9000  4.0249  1.0753  3.0244  2.0935  2.1211  2.2305  2.3094
 155  1.287559  3.8984  4.0119  1.0827  3.0081  2.0765  2.1002  2.2073  2.2851
 156  1.289206  3.8966  3.9981  1.0899  2.9922  2.0601  2.0793  2.1836  2.2606
 157  1.290800  3.8947  3.9837  1.0970  2.9768  2.0445  2.0586  2.1596  2.2354
 158  1.292339  3.8925  3.9684  1.1040  2.9620  2.0296  2.0379  2.1353  2.2099
 159  1.293818  3.8900  3.9523  1.1107  2.9480  2.0156  2.0173  2.1107  2.1838
 160  1.295238  3.8872  3.9352  1.1173  2.9348  2.0027  1.9970  2.0857  2.1574
 161  1.296594  3.8841  3.9171  1.1237  2.9226  1.9910  1.9768  2.0605  2.1305
 162  1.297580  3.8818  3.9030  1.1284  2.9140  1.9829  1.9619  2.0414  2.1101
 163  1.298559  3.8789  3.8873  1.1331  2.9063  1.9754  1.9468  2.0216  2.0885
 164  1.299532  3.8757  3.8702  1.1378  2.8992  1.9686  1.9316  2.0010  2.0659
 165  1.300494  3.8721  3.8516  1.1425  2.8930  1.9629  1.9162  1.9796  2.0422
 166  1.301443  3.8681  3.8311  1.1471  2.8872  1.9586  1.9004  1.9569  2.0171
 167  1.302373  3.8635  3.8085  1.1514  2.8824  1.9562  1.8844  1.9329  1.9905
 168  1.303277  3.8583  3.7838  1.1557  2.8795  1.9558  1.8687  1.9082  1.9625
 169  1.304155  3.8525  3.7572  1.1597  2.8796  1.9577  1.8537  1.8833  1.9338
 170  1.305006  3.8462  3.7287  1.1634  2.8826  1.9621  1.8395  1.8584  1.9046
 171  1.305832  3.8395  3.6987  1.1665  2.8885  1.9689  1.8266  1.8341  1.8752
 172  1.306639  3.8323  3.6677  1.1691  2.8983  1.9785  1.8152  1.8108  1.8462
 173  1.307447  3.8250  3.6367  1.1711  2.9126  1.9912  1.8057  1.7893  1.8187
 174  1.308243  3.8174  3.6060  1.1719  2.9330  2.0076  1.7990  1.7700  1.7931
 175  1.309019  3.8099  3.5767  1.1713  2.9607  2.0285  1.7962  1.7548  1.7712
 176  1.309758  3.8028  3.5514  1.1683  2.9960  2.0550  1.8001  1.7471  1.7571
 177  1.310416  3.7959  3.5281  1.1643  3.0356  2.0844  1.8074  1.7433  1.7468
 178  1.310996  3.7902  3.5117  1.1578  3.0767  2.1177  1.8226  1.7492  1.7468
 179  1.311496  3.7847  3.4971  1.1508  3.1188  2.1522  1.8396  1.7572  1.7493
 180  1.311926  3.7805  3.4890  1.1422  3.1615  2.1871  1.8606  1.7714  1.7591
 181  1.312326  3.7759  3.4791  1.1340  3.2116  2.2229  1.8796  1.7828  1.7660
 182  1.312932  3.7697  3.4703  1.1184  3.2973  2.2829  1.9155  1.8089  1.7860
 183  1.313545  3.7640  3.4633  1.1026  3.3854  2.3429  1.9527  1.8368  1.8081
 184  1.314192  3.7585  3.4558  1.0884  3.4677  2.3987  1.9880  1.8633  1.8287
 185  1.314942  3.7531  3.4458  1.0770  3.5459  2.4480  2.0172  1.8840  1.8434
 186  1.315774  3.7483  3.4306  1.0730  3.6036  2.4771  2.0285  1.8875  1.8414
 187  1.316637  3.7442  3.4110  1.0767  3.6372  2.4845  2.0207  1.8734  1.8225
 188  1.317451  3.7415  3.3913  1.0860  3.6442  2.4728  1.9991  1.8473  1.7934
 189  1.318226  3.7392  3.3706  1.0972  3.6436  2.4550  1.9722  1.8167  1.7599
 190  1.318970  3.7372  3.3499  1.1105  3.6331  2.4304  1.9405  1.7818  1.7226
 191  1.319689  3.7357  3.3299  1.1249  3.6144  2.4008  1.9055  1.7445  1.6836
 192  1.320395  3.7344  3.3099  1.1397  3.5937  2.3700  1.8697  1.7066  1.6440
 193  1.321088  3.7333  3.2906  1.1550  3.5684  2.3366  1.8324  1.6675  1.6037
 194  1.321773  3.7324  3.2717  1.1706  3.5400  2.3014  1.7942  1.6280  1.5629
 195  1.322458  3.7314  3.2523  1.1862  3.5137  2.2671  1.7561  1.5883  1.5221
 196  1.323140  3.7305  3.2330  1.2018  3.4872  2.2325  1.7180  1.5485  1.4811
 197  1.323814  3.7297  3.2143  1.2177  3.4572  2.1964  1.6790  1.5083  1.4399
 198  1.324489  3.7290  3.1956  1.2337  3.4266  2.1599  1.6400  1.4681  1.3988
 199  1.325156  3.7283  3.1770  1.2497  3.3953  2.1230  1.6005  1.4275  1.3572
 200  1.325804  3.7276  3.1578  1.2664  3.3621  2.0845  1.5596  1.3855  1.3144
 201  1.326433  3.7270  3.1383  1.2835  3.3277  2.0448  1.5175  1.3423  1.2703
 202  1.327045  3.7263  3.1183  1.3011  3.2920  2.0039  1.4743  1.2981  1.2252
 203  1.327639  3.7256  3.0977  1.3192  3.2556  1.9620  1.4301  1.2527  1.1791
 204  1.328219  3.7250  3.0769  1.3374  3.2185  1.9196  1.3852  1.2067  1.1321
 205  1.328788  3.7243  3.0560  1.3560  3.1806  1.8764  1.3397  1.1602  1.0846
 206  1.329341  3.7236  3.0345  1.3749  3.1422  1.8326  1.2933  1.1126  1.0362
 207  1.329883  3.7229  3.0129  1.3940  3.1032  1.7882  1.2465  1.0646  0.9874
 208  1.330410  3.7222  2.9908  1.4133  3.0644  1.7435  1.1991  1.0159  0.9376
 209  1.330925  3.7215  2.9685  1.4329  3.0252  1.6982  1.1510  0.9667  0.8873
 210  1.331426  3.7207  2.9456  1.4528  2.9860  1.6526  1.1024  0.9166  0.8364
 211  1.331918  3.7199  2.9226  1.4728  2.9467  1.6068  1.0535  0.8663  0.7850
 212  1.332394  3.7191  2.8993  1.4929  2.9074  1.5605  1.0040  0.8155  0.7330
 213  1.332856  3.7182  2.8758  1.5133  2.8681  1.5142  0.9545  0.7643  0.6807
 214  1.333307  3.7174  2.8521  1.5337  2.8291  1.4679  0.9046  0.7131  0.6283
 215  1.333748  3.7165  2.8281  1.5543  2.7897  1.4211  0.8544  0.6612  0.5752
 216  1.334172  3.7156  2.8037  1.5753  2.7490  1.3738  0.8035  0.6087  0.5215
 217  1.334259  3.7154  2.7985  1.5797  2.7404  1.3638  0.7928  0.5976  0.5101
 218  1.334345  3.7152  2.7934  1.5841  2.7319  1.3539  0.7821  0.5866  0.4988
 219  1.334431  3.7150  2.7881  1.5885  2.7232  1.3439  0.7713  0.5755  0.4874
 220  1.334517  3.7148  2.7829  1.5929  2.7145  1.3338  0.7605  0.5643  0.4759
 221  1.334603  3.7146  2.7777  1.5974  2.7059  1.3238  0.7497  0.5532  0.4645
 222  1.334688  3.7144  2.7724  1.6019  2.6972  1.3137  0.7388  0.5420  0.4529
 223  1.334773  3.7142  2.7671  1.6064  2.6884  1.3034  0.7278  0.5306  0.4413
 224  1.334859  3.7140  2.7619  1.6109  2.6794  1.2933  0.7169  0.5194  0.4298
 225  1.334941  3.7138  2.7565  1.6155  2.6705  1.2829  0.7058  0.5078  0.4179
 226  1.335026  3.7136  2.7512  1.6200  2.6618  1.2727  0.6949  0.4966  0.4064
 227  1.335792  3.7117  2.7001  1.6634  2.5785  1.1753  0.5899  0.3879  0.2949
 228  1.336516  3.7096  2.6480  1.7075  2.4952  1.0771  0.4835  0.2777  0.1817
 229  1.337208  3.7074  2.5939  1.7531  2.4107  0.9762  0.3739  0.1641  0.0648
 230  1.337821  3.7052  2.5419  1.7967  2.3317  0.8801  0.2692  0.0554 -0.0471
 231  1.338374  3.7030  2.4906  1.8393  2.2566  0.7869  0.1671 -0.0509 -0.1566
 232  1.338888  3.7007  2.4390  1.8818  2.1854  0.6954  0.0662 -0.1562 -0.2654
 233  1.339350  3.6983  2.3884  1.9231  2.1222  0.6071 -0.0321 -0.2589 -0.3715
 234  1.339783  3.6959  2.3374  1.9646  2.0655  0.5194 -0.1306 -0.3620 -0.4780
 235  1.340185  3.6934  2.2865  2.0058  2.0128  0.4330 -0.2285 -0.4648 -0.5842
 236  1.340556  3.6910  2.2364  2.0463  1.9640  0.3489 -0.3243 -0.5654 -0.6883
 237  1.340899  3.6886  2.1882  2.0851  1.9196  0.2688 -0.4163 -0.6623 -0.7884
 238  1.341208  3.6864  2.1446  2.1201  1.8812  0.1971 -0.4989 -0.7493 -0.8784
 239  1.341505  3.6847  2.1085  2.1493  1.8493  0.1375 -0.5677 -0.8218 -0.9535
 240  1.341790  3.6844  2.1009  2.1558  1.8394  0.1232 -0.5835 -0.8383 -0.9703
 241  1.342090  3.6878  2.1625  2.1078  1.8814  0.2179 -0.4714 -0.7191 -0.8465
 242  1.342462  3.6867  2.1372  2.1286  1.8554  0.1743 -0.5209 -0.7709 -0.8999
 243  1.342814  3.6836  2.0756  2.1780  1.8041  0.0743 -0.6370 -0.8935 -1.0268
 244  1.343128  3.6806  2.0179  2.2242  1.7557 -0.0185 -0.7448 -1.0077 -1.1453
 245  1.343407  3.6777  1.9627  2.2680  1.7100 -0.1052 -0.8462 -1.1153 -1.2572
 246  1.343668  3.6749  1.9075  2.3116  1.6670 -0.1903 -0.9462 -1.2218 -1.3682
 247  1.343901  3.6720  1.8552  2.3529  1.6285 -0.2700 -1.0405 -1.3223 -1.4731
 248  1.344113  3.6695  1.8055  2.3920  1.5948 -0.3445 -1.1292 -1.4170 -1.5723
 249  1.344310  3.6667  1.7542  2.4323  1.5621 -0.4205 -1.2202 -1.5145 -1.6743
 250  1.344489  3.6640  1.7043  2.4716  1.5324 -0.4936 -1.3081 -1.6088 -1.7732
 251  1.344653  3.6614  1.6551  2.5102  1.5060 -0.5647 -1.3943 -1.7014 -1.8704
 252  1.344800  3.6588  1.6076  2.5475  1.4827 -0.6326 -1.4769 -1.7904 -1.9639
 253  1.344939  3.6562  1.5601  2.5846  1.4619 -0.6993 -1.5587 -1.8788 -2.0569
 254  1.345066  3.6536  1.5141  2.6205  1.4435 -0.7630 -1.6373 -1.9639 -2.1465
 255  1.345183  3.6511  1.4683  2.6559  1.4290 -0.8246 -1.7142 -2.0474 -2.2348
 256  1.345290  3.6485  1.4239  2.6901  1.4183 -0.8827 -1.7879 -2.1278 -2.3199
 257  1.345390  3.6459  1.3800  2.7237  1.4103 -0.9388 -1.8598 -2.2066 -2.4034
 258  1.345483  3.6434  1.3373  2.7564  1.4046 -0.9924 -1.9292 -2.2828 -2.4844
 259  1.345568  3.6409  1.2951  2.7885  1.4016 -1.0440 -1.9970 -2.3575 -2.5637
 260  1.345648  3.6384  1.2537  2.8201  1.4009 -1.0935 -2.0629 -2.4304 -2.6413
 261  1.345722  3.6359  1.2133  2.8508  1.4026 -1.1406 -2.1264 -2.5009 -2.7166
 262  1.345793  3.6335  1.1733  2.8810  1.4059 -1.1863 -2.1886 -2.5703 -2.7907
 263  1.345857  3.6311  1.1347  2.9102  1.4106 -1.2296 -2.2482 -2.6369 -2.8621
 264  1.345917  3.6288  1.0965  2.9390  1.4175 -1.2712 -2.3063 -2.7024 -2.9324
 265  1.345974  3.6264  1.0587  2.9674  1.4257 -1.3114 -2.3632 -2.7666 -3.0014
 266  1.346027  3.6242  1.0224  2.9949  1.4351 -1.3493 -2.4175 -2.8282 -3.0679
 267  1.346077  3.6219  0.9862  3.0220  1.4479 -1.3853 -2.4706 -2.8886 -3.1333
 268  1.346125  3.6196  0.9505  3.0486  1.4633 -1.4190 -2.5220 -2.9475 -3.1971
 269  1.346169  3.6174  0.9155  3.0747  1.4794 -1.4515 -2.5719 -3.0051 -3.2596
 270  1.346211  3.6153  0.8815  3.1000  1.4959 -1.4823 -2.6199 -3.0605 -3.3203
 271  1.346250  3.6132  0.8480  3.1249  1.5135 -1.5116 -2.6664 -3.1149 -3.3797
 272  1.346287  3.6110  0.8151  3.1493  1.5318 -1.5394 -2.7112 -3.1677 -3.4377
 273  1.346322  3.6090  0.7832  3.1731  1.5496 -1.5662 -2.7547 -3.2189 -3.4941
 274  1.346356  3.6069  0.7516  3.1964  1.5685 -1.5916 -2.7968 -3.2691 -3.5496
 275  1.346387  3.6049  0.7209  3.2192  1.5868 -1.6158 -2.8374 -3.3178 -3.6036
 276  1.346417  3.6030  0.6909  3.2414  1.6059 -1.6386 -2.8763 -3.3649 -3.6561
 277  1.346446  3.6011  0.6620  3.2629  1.6255 -1.6599 -2.9141 -3.4103 -3.7066
 278  1.346473  3.5993  0.6342  3.2835  1.6441 -1.6801 -2.9502 -3.4539 -3.7552
