#NUMBER OF AGES= 1
#----------------------------------------------------       
#MIX-LEN  Y      Z          Zeff        [Fe/H] [a/Fe]
# 1.9380  0.2488 2.3381E-03 1.7027E-03  -1.00   0.20 
#----------------------------------------------------       
#**PHOTOMETRIC SYSTEM**: SDSS (AB)                          
#----------------------------------------------------       
#AGE= 2.750 EEPS=273
#EEP   M/Mo    LogTeff  LogG   LogL/Lo sdss_u  sdss_g  sdss_r  sdss_i  sdss_z
   6  0.111425  3.5220  5.3119 -2.7857 17.8460 14.4136 12.7764 11.7920 11.2390
   7  0.124083  3.5247  5.2569 -2.6730 17.4347 14.0768 12.4548 11.5001 10.9589
   8  0.140838  3.5283  5.1977 -2.5443 16.9610 13.6869 12.0833 11.1647 10.6389
   9  0.167682  3.5358  5.1399 -2.3805 16.3040 13.1516 11.5795 10.7261 10.2319
  10  0.205555  3.5474  5.0941 -2.2002 15.5455 12.5307 11.0025 10.2340  9.7855
  11  0.242443  3.5558  5.0566 -2.0577 14.9885 12.0597 10.5644  9.8505  9.4335
  12  0.271269  3.5609  5.0316 -1.9634 14.6372 11.7562 10.2819  9.5992  9.2011
  13  0.291403  3.5641  5.0143 -1.9022 14.4150 11.5621 10.1011  9.4371  9.0504
  14  0.303044  3.5659  5.0020 -1.8655 14.2842 11.4472  9.9942  9.3406  8.9604
  15  0.310256  3.5670  4.9933 -1.8420 14.2025 11.3748  9.9268  9.2792  8.9028
  16  0.315348  3.5677  4.9863 -1.8251 14.1446 11.3231  9.8783  9.2348  8.8611
  17  0.319125  3.5683  4.9805 -1.8120 14.1005 11.2836  9.8414  9.2008  8.8288
  18  0.322340  3.5687  4.9755 -1.8008 14.0628 11.2499  9.8097  9.1717  8.8013
  19  0.325449  3.5692  4.9709 -1.7902 14.0273 11.2180  9.7798  9.1442  8.7754
  20  0.329079  3.5697  4.9662 -1.7786 13.9877 11.1826  9.7468  9.1140  8.7470
  21  0.334247  3.5705  4.9608 -1.7634 13.9351 11.1358  9.7032  9.0743  8.7097
  22  0.342711  3.5717  4.9534 -1.7402 13.8527 11.0628  9.6358  9.0131  8.6527
  23  0.406948  3.5852  4.8917 -1.5502 13.1309 10.4332  9.0670  8.5089  8.1910
  24  0.422520  3.5893  4.8727 -1.4984 12.9271 10.2574  8.9119  8.3716  8.0654
  25  0.435240  3.5929  4.8564 -1.4549 12.7544 10.1091  8.7826  8.2568  7.9600
  26  0.448815  3.5970  4.8389 -1.4073 12.5617  9.9438  8.6399  8.1309  7.8450
  27  0.466210  3.6032  4.8172 -1.3448 12.3027  9.7221  8.4518  7.9657  7.6944
  28  0.483700  3.6101  4.7962 -1.2802 12.0299  9.4880  8.2576  7.7955  7.5393
  29  0.497793  3.6161  4.7808 -1.2279 11.8029  9.2932  8.0995  7.6575  7.4140
  30  0.507898  3.6208  4.7708 -1.1902 11.6361  9.1500  7.9854  7.5586  7.3244
  31  0.515565  3.6247  4.7637 -1.1613 11.5057  9.0377  7.8970  7.4825  7.2558
  32  0.521974  3.6281  4.7581 -1.1368 11.3948  8.9410  7.8213  7.4180  7.1981
  33  0.528238  3.6315  4.7530 -1.1129 11.2841  8.8450  7.7469  7.3549  7.1416
  34  0.535611  3.6356  4.7476 -1.0850 11.1524  8.7320  7.6602  7.2816  7.0764
  35  0.545667  3.6414  4.7414 -1.0478 10.9696  8.5784  7.5436  7.1833  6.9892
  36  0.559934  3.6499  4.7338 -0.9949 10.6874  8.3556  7.3776  7.0436  6.8654
  37  0.577766  3.6615  4.7271 -0.9281 10.2907  8.0670  7.1674  6.8664  6.7088
  38  0.598638  3.6750  4.7201 -0.8517  9.8093  7.7445  6.9323  6.6635  6.5271
  39  0.621771  3.6892  4.7117 -0.7702  9.2689  7.4180  6.6924  6.4523  6.3358
  40  0.647396  3.7041  4.7017 -0.6829  8.7315  7.0916  6.4439  6.2308  6.1343
  41  0.673514  3.7184  4.6901 -0.5970  8.2979  6.7956  6.2055  6.0163  5.9386
  42  0.702996  3.7332  4.6749 -0.5037  7.8168  6.4891  5.9585  5.7919  5.7323
  43  0.734186  3.7475  4.6559 -0.4086  7.3732  6.1909  5.7157  5.5709  5.5277
  44  0.769787  3.7621  4.6296 -0.3035  6.9355  5.8757  5.4545  5.3313  5.3040
  45  0.797688  3.7723  4.6065 -0.2238  6.6243  5.6453  5.2625  5.1538  5.1370
  46  0.815790  3.7786  4.5915 -0.1743  6.4420  5.5040  5.1437  5.0441  5.0335
  47  0.830282  3.7833  4.5795 -0.1355  6.3095  5.3931  5.0495  4.9574  4.9519
  48  0.842442  3.7874  4.5692 -0.1031  6.2023  5.3007  4.9708  4.8849  4.8836
  49  0.853022  3.7908  4.5601 -0.0745  6.1102  5.2199  4.9018  4.8215  4.8238
  50  0.862658  3.7940  4.5517 -0.0484  6.0259  5.1462  4.8389  4.7636  4.7691
  51  0.871912  3.7971  4.5435 -0.0232  5.9448  5.0758  4.7787  4.7079  4.7165
  52  0.878490  3.7993  4.5375 -0.0053  5.8878  5.0260  4.7360  4.6685  4.6791
  53  0.885000  3.8014  4.5315  0.0124  5.8323  4.9770  4.6939  4.6295  4.6422
  54  0.891464  3.8035  4.5254  0.0299  5.7780  4.9288  4.6523  4.5909  4.6055
  55  0.897893  3.8054  4.5192  0.0471  5.7251  4.8813  4.6111  4.5525  4.5691
  56  0.904288  3.8073  4.5127  0.0642  5.6736  4.8343  4.5702  4.5145  4.5328
  57  0.910641  3.8092  4.5061  0.0811  5.6235  4.7880  4.5297  4.4767  4.4966
  58  0.916956  3.8109  4.4994  0.0980  5.5743  4.7420  4.4894  4.4391  4.4607
  59  0.923246  3.8126  4.4926  0.1146  5.5260  4.6966  4.4494  4.4017  4.4249
  60  0.929504  3.8143  4.4858  0.1311  5.4784  4.6515  4.4096  4.3646  4.3892
  61  0.935731  3.8160  4.4790  0.1475  5.4316  4.6068  4.3701  4.3277  4.3539
  62  0.941915  3.8176  4.4722  0.1638  5.3855  4.5626  4.3312  4.2912  4.3189
  63  0.948032  3.8193  4.4656  0.1798  5.3401  4.5189  4.2926  4.2553  4.2844
  64  0.954033  3.8209  4.4592  0.1955  5.2960  4.4761  4.2549  4.2201  4.2508
  65  0.959869  3.8226  4.4529  0.2108  5.2532  4.4346  4.2182  4.1859  4.2180
  66  0.965594  3.8241  4.4467  0.2256  5.2115  4.3939  4.1823  4.1524  4.1858
  67  0.971241  3.8256  4.4406  0.2404  5.1708  4.3539  4.1469  4.1194  4.1543
  68  0.976864  3.8271  4.4346  0.2549  5.1306  4.3143  4.1119  4.0869  4.1229
  69  0.982496  3.8286  4.4286  0.2694  5.0907  4.2748  4.0770  4.0545  4.0918
  70  0.988167  3.8301  4.4228  0.2838  5.0509  4.2352  4.0421  4.0220  4.0608
  71  0.993893  3.8317  4.4171  0.2984  5.0110  4.1954  4.0071  3.9895  4.0296
  72  0.999705  3.8333  4.4114  0.3131  4.9709  4.1554  3.9719  3.9568  3.9983
  73  1.005653  3.8350  4.4057  0.3279  4.9303  4.1146  3.9361  3.9237  3.9666
  74  1.011668  3.8366  4.4001  0.3428  4.8896  4.0736  3.9001  3.8905  3.9348
  75  1.017677  3.8383  4.3948  0.3577  4.8491  4.0327  3.8643  3.8575  3.9033
  76  1.023621  3.8401  4.3894  0.3724  4.8095  3.9923  3.8292  3.8250  3.8722
  77  1.029413  3.8417  4.3842  0.3867  4.7709  3.9528  3.7947  3.7934  3.8419
  78  1.035031  3.8435  4.3792  0.4007  4.7337  3.9143  3.7613  3.7627  3.8126
  79  1.040431  3.8450  4.3744  0.4141  4.6979  3.8772  3.7291  3.7332  3.7843
  80  1.045595  3.8465  4.3697  0.4271  4.6639  3.8413  3.6982  3.7050  3.7573
  81  1.050495  3.8480  4.3651  0.4394  4.6317  3.8069  3.6687  3.6781  3.7316
  82  1.055262  3.8494  4.3605  0.4516  4.6002  3.7733  3.6398  3.6518  3.7064
  83  1.059854  3.8507  4.3561  0.4634  4.5698  3.7406  3.6118  3.6262  3.6819
  84  1.064289  3.8520  4.3518  0.4748  4.5404  3.7089  3.5845  3.6014  3.6580
  85  1.068587  3.8533  4.3475  0.4860  4.5119  3.6781  3.5581  3.5772  3.6348
  86  1.072759  3.8546  4.3434  0.4967  4.4840  3.6480  3.5322  3.5537  3.6121
  87  1.076825  3.8558  4.3395  0.5074  4.4568  3.6187  3.5069  3.5305  3.5899
  88  1.080794  3.8570  4.3356  0.5177  4.4302  3.5900  3.4821  3.5079  3.5681
  89  1.084682  3.8582  4.3318  0.5279  4.4040  3.5619  3.4576  3.4856  3.5466
  90  1.088495  3.8595  4.3281  0.5378  4.3780  3.5346  3.4335  3.4633  3.5250
  91  1.092239  3.8607  4.3246  0.5476  4.3525  3.5076  3.4097  3.4414  3.5038
  92  1.095926  3.8619  4.3212  0.5572  4.3274  3.4811  3.3862  3.4199  3.4830
  93  1.099135  3.8630  4.3184  0.5659  4.3048  3.4573  3.3652  3.4007  3.4644
  94  1.102763  3.8642  4.3153  0.5754  4.2802  3.4314  3.3424  3.3798  3.4442
  95  1.106329  3.8654  4.3122  0.5845  4.2561  3.4059  3.3199  3.3593  3.4243
  96  1.109845  3.8665  4.3092  0.5937  4.2323  3.3808  3.2979  3.3391  3.4049
  97  1.113313  3.8678  4.3063  0.6027  4.2089  3.3559  3.2762  3.3194  3.3857
  98  1.116742  3.8689  4.3034  0.6115  4.1858  3.3315  3.2548  3.2999  3.3669
  99  1.120131  3.8701  4.3006  0.6203  4.1631  3.3072  3.2338  3.2808  3.3486
 100  1.123481  3.8712  4.2977  0.6289  4.1410  3.2830  3.2133  3.2626  3.3311
 101  1.126794  3.8723  4.2950  0.6375  4.1192  3.2591  3.1931  3.2446  3.3139
 102  1.130057  3.8734  4.2922  0.6459  4.0978  3.2356  3.1733  3.2269  3.2969
 103  1.133166  3.8745  4.2896  0.6541  4.0770  3.2128  3.1541  3.2099  3.2807
 104  1.136215  3.8755  4.2871  0.6620  4.0565  3.1905  3.1354  3.1933  3.2648
 105  1.139330  3.8765  4.2843  0.6701  4.0359  3.1679  3.1163  3.1762  3.2485
 106  1.142393  3.8775  4.2813  0.6781  4.0156  3.1456  3.0974  3.1594  3.2323
 107  1.145389  3.8786  4.2785  0.6860  3.9956  3.1238  3.0788  3.1427  3.2161
 108  1.148319  3.8795  4.2755  0.6937  3.9759  3.1023  3.0604  3.1261  3.2002
 109  1.151165  3.8804  4.2726  0.7014  3.9566  3.0812  3.0424  3.1099  3.1846
 110  1.153932  3.8813  4.2697  0.7088  3.9376  3.0605  3.0246  3.0939  3.1691
 111  1.156617  3.8821  4.2668  0.7161  3.9189  3.0403  3.0070  3.0780  3.1537
 112  1.158876  3.8828  4.2644  0.7224  3.9029  3.0233  2.9922  3.0644  3.1404
 113  1.161144  3.8836  4.2619  0.7287  3.8867  3.0060  2.9770  3.0506  3.1270
 114  1.163420  3.8843  4.2594  0.7351  3.8704  2.9886  2.9617  3.0366  3.1133
 115  1.165706  3.8851  4.2569  0.7415  3.8539  2.9710  2.9462  3.0224  3.0995
 116  1.168003  3.8859  4.2543  0.7480  3.8372  2.9532  2.9305  3.0080  3.0854
 117  1.170312  3.8866  4.2515  0.7546  3.8202  2.9353  2.9146  2.9936  3.0712
 118  1.172630  3.8874  4.2487  0.7613  3.8032  2.9172  2.8985  2.9788  3.0567
 119  1.174960  3.8881  4.2457  0.7680  3.7859  2.8988  2.8823  2.9638  3.0420
 120  1.177302  3.8888  4.2427  0.7748  3.7684  2.8804  2.8658  2.9486  3.0271
 121  1.179653  3.8896  4.2396  0.7817  3.7509  2.8617  2.8491  2.9332  3.0120
 122  1.182016  3.8903  4.2363  0.7887  3.7330  2.8428  2.8322  2.9176  2.9966
 123  1.184389  3.8910  4.2329  0.7958  3.7151  2.8238  2.8150  2.9018  2.9810
 124  1.186769  3.8916  4.2293  0.8029  3.6969  2.8046  2.7978  2.8857  2.9653
 125  1.189156  3.8922  4.2256  0.8102  3.6786  2.7851  2.7803  2.8694  2.9492
 126  1.191550  3.8929  4.2218  0.8174  3.6601  2.7656  2.7626  2.8529  2.9330
 127  1.193947  3.8935  4.2177  0.8248  3.6416  2.7458  2.7447  2.8363  2.9166
 128  1.196349  3.8941  4.2135  0.8322  3.6228  2.7260  2.7267  2.8194  2.8999
 129  1.198750  3.8947  4.2091  0.8398  3.6039  2.7058  2.7085  2.8024  2.8830
 130  1.201146  3.8952  4.2046  0.8474  3.5849  2.6856  2.6900  2.7851  2.8659
 131  1.203529  3.8957  4.1998  0.8550  3.5658  2.6653  2.6714  2.7676  2.8485
 132  1.205897  3.8962  4.1948  0.8627  3.5466  2.6450  2.6526  2.7497  2.8308
 133  1.208253  3.8966  4.1896  0.8705  3.5273  2.6246  2.6336  2.7317  2.8129
 134  1.210602  3.8970  4.1841  0.8784  3.5078  2.6038  2.6144  2.7133  2.7946
 135  1.212941  3.8974  4.1785  0.8862  3.4882  2.5831  2.5949  2.6946  2.7761
 136  1.215269  3.8977  4.1727  0.8942  3.4687  2.5623  2.5753  2.6759  2.7572
 137  1.217589  3.8980  4.1665  0.9022  3.4490  2.5415  2.5555  2.6568  2.7381
 138  1.219894  3.8982  4.1601  0.9103  3.4291  2.5204  2.5354  2.6372  2.7185
 139  1.222184  3.8983  4.1534  0.9184  3.4092  2.4993  2.5151  2.6174  2.6986
 140  1.224459  3.8984  4.1464  0.9266  3.3893  2.4782  2.4947  2.5973  2.6784
 141  1.226714  3.8984  4.1390  0.9347  3.3693  2.4570  2.4739  2.5769  2.6579
 142  1.228945  3.8983  4.1314  0.9429  3.3492  2.4359  2.4531  2.5561  2.6370
 143  1.231154  3.8982  4.1234  0.9513  3.3292  2.4148  2.4320  2.5351  2.6157
 144  1.233334  3.8981  4.1150  0.9595  3.3092  2.3937  2.4107  2.5137  2.5940
 145  1.235486  3.8977  4.1062  0.9678  3.2893  2.3727  2.3892  2.4919  2.5719
 146  1.237604  3.8973  4.0969  0.9761  3.2695  2.3518  2.3676  2.4699  2.5494
 147  1.239684  3.8967  4.0870  0.9845  3.2498  2.3311  2.3458  2.4474  2.5264
 148  1.241729  3.8961  4.0768  0.9927  3.2303  2.3104  2.3238  2.4246  2.5031
 149  1.243731  3.8953  4.0660  1.0011  3.2109  2.2902  2.3018  2.4014  2.4794
 150  1.245687  3.8943  4.0547  1.0093  3.1917  2.2702  2.2797  2.3779  2.4552
 151  1.247598  3.8932  4.0428  1.0174  3.1729  2.2506  2.2575  2.3541  2.4307
 152  1.249458  3.8919  4.0301  1.0256  3.1545  2.2315  2.2353  2.3299  2.4057
 153  1.251262  3.8904  4.0169  1.0336  3.1364  2.2128  2.2129  2.3053  2.3802
 154  1.253009  3.8888  4.0028  1.0415  3.1189  2.1949  2.1907  2.2804  2.3544
 155  1.254694  3.8868  3.9879  1.0493  3.1020  2.1778  2.1685  2.2552  2.3278
 156  1.256314  3.8847  3.9722  1.0569  3.0857  2.1614  2.1464  2.2294  2.3009
 157  1.257876  3.8822  3.9555  1.0644  3.0704  2.1461  2.1245  2.2034  2.2735
 158  1.259373  3.8795  3.9378  1.0716  3.0562  2.1318  2.1030  2.1775  2.2456
 159  1.260800  3.8765  3.9191  1.0787  3.0432  2.1189  2.0819  2.1514  2.2174
 160  1.262155  3.8731  3.8991  1.0854  3.0315  2.1073  2.0612  2.1251  2.1890
 161  1.263435  3.8693  3.8779  1.0919  3.0210  2.0975  2.0411  2.0986  2.1601
 162  1.264254  3.8665  3.8632  1.0961  3.0143  2.0920  2.0276  2.0805  2.1404
 163  1.265068  3.8635  3.8471  1.1002  3.0082  2.0871  2.0140  2.0616  2.1197
 164  1.265876  3.8601  3.8298  1.1043  3.0027  2.0833  2.0002  2.0420  2.0981
 165  1.266679  3.8564  3.8112  1.1085  2.9984  2.0803  1.9865  2.0219  2.0756
 166  1.267472  3.8524  3.7914  1.1125  2.9955  2.0785  1.9729  2.0016  2.0524
 167  1.268255  3.8479  3.7700  1.1163  2.9943  2.0781  1.9595  1.9806  2.0284
 168  1.269027  3.8430  3.7471  1.1200  2.9949  2.0793  1.9465  1.9594  2.0035
 169  1.269792  3.8379  3.7232  1.1235  2.9971  2.0817  1.9339  1.9382  1.9785
 170  1.270549  3.8324  3.6982  1.1267  3.0019  2.0862  1.9222  1.9175  1.9532
 171  1.271299  3.8265  3.6722  1.1294  3.0102  2.0931  1.9116  1.8971  1.9281
 172  1.272045  3.8203  3.6456  1.1313  3.0234  2.1036  1.9029  1.8782  1.9038
 173  1.272790  3.8138  3.6188  1.1325  3.0414  2.1166  1.8957  1.8603  1.8804
 174  1.273522  3.8072  3.5930  1.1324  3.0659  2.1341  1.8924  1.8463  1.8605
 175  1.274214  3.8008  3.5698  1.1302  3.0974  2.1567  1.8948  1.8384  1.8467
 176  1.274850  3.7947  3.5490  1.1265  3.1337  2.1833  1.9016  1.8353  1.8377
 177  1.275400  3.7892  3.5324  1.1213  3.1705  2.2129  1.9140  1.8386  1.8355
 178  1.275886  3.7841  3.5191  1.1147  3.2104  2.2450  1.9302  1.8467  1.8383
 179  1.276306  3.7797  3.5081  1.1076  3.2521  2.2772  1.9471  1.8563  1.8432
 180  1.276672  3.7760  3.5019  1.0995  3.2965  2.3096  1.9661  1.8695  1.8527
 181  1.277020  3.7720  3.4942  1.0914  3.3462  2.3431  1.9843  1.8811  1.8605
 182  1.277632  3.7660  3.4862  1.0754  3.4359  2.4042  2.0212  1.9083  1.8817
 183  1.278280  3.7602  3.4782  1.0605  3.5226  2.4624  2.0574  1.9354  1.9027
 184  1.278997  3.7547  3.4683  1.0487  3.6018  2.5128  2.0874  1.9566  1.9178
 185  1.279810  3.7497  3.4537  1.0434  3.6645  2.5463  2.1023  1.9634  1.9189
 186  1.280652  3.7452  3.4350  1.0448  3.7063  2.5602  2.1000  1.9541  1.9046
 187  1.281464  3.7420  3.4138  1.0531  3.7221  2.5534  2.0809  1.9298  1.8764
 188  1.282223  3.7398  3.3929  1.0654  3.7165  2.5321  2.0514  1.8967  1.8407
 189  1.282952  3.7376  3.3716  1.0786  3.7080  2.5083  2.0197  1.8618  1.8033
 190  1.283658  3.7359  3.3506  1.0929  3.6929  2.4803  1.9852  1.8245  1.7639
 191  1.284345  3.7346  3.3302  1.1082  3.6705  2.4480  1.9480  1.7852  1.7230
 192  1.285022  3.7333  3.3101  1.1237  3.6465  2.4146  1.9104  1.7456  1.6818
 193  1.285690  3.7323  3.2903  1.1395  3.6196  2.3798  1.8718  1.7053  1.6403
 194  1.286351  3.7316  3.2712  1.1557  3.5895  2.3432  1.8323  1.6645  1.5985
 195  1.287011  3.7306  3.2516  1.1717  3.5614  2.3074  1.7931  1.6238  1.5566
 196  1.287669  3.7297  3.2319  1.1878  3.5333  2.2716  1.7538  1.5829  1.5144
 197  1.288321  3.7289  3.2129  1.2041  3.5017  2.2341  1.7136  1.5415  1.4721
 198  1.288970  3.7282  3.1937  1.2205  3.4700  2.1966  1.6734  1.5003  1.4299
 199  1.289607  3.7275  3.1745  1.2373  3.4368  2.1580  1.6325  1.4581  1.3869
 200  1.290223  3.7269  3.1548  1.2546  3.4016  2.1177  1.5898  1.4145  1.3424
 201  1.290824  3.7262  3.1346  1.2724  3.3658  2.0766  1.5464  1.3698  1.2969
 202  1.291399  3.7255  3.1137  1.2907  3.3285  2.0339  1.5012  1.3236  1.2498
 203  1.291966  3.7249  3.0926  1.3093  3.2907  1.9907  1.4556  1.2769  1.2022
 204  1.292512  3.7242  3.0711  1.3283  3.2519  1.9464  1.4089  1.2291  1.1535
 205  1.293045  3.7235  3.0492  1.3477  3.2126  1.9016  1.3616  1.1805  1.1041
 206  1.293569  3.7228  3.0273  1.3671  3.1723  1.8561  1.3138  1.1316  1.0543
 207  1.294074  3.7221  3.0048  1.3869  3.1320  1.8100  1.2651  1.0818  1.0035
 208  1.294569  3.7214  2.9820  1.4069  3.0917  1.7638  1.2160  1.0314  0.9521
 209  1.295049  3.7206  2.9588  1.4272  3.0514  1.7171  1.1663  0.9804  0.9000
 210  1.295517  3.7198  2.9353  1.4477  3.0108  1.6700  1.1162  0.9289  0.8474
 211  1.295972  3.7190  2.9114  1.4684  2.9704  1.6227  1.0657  0.8769  0.7943
 212  1.296414  3.7181  2.8873  1.4893  2.9298  1.5750  1.0147  0.8243  0.7406
 213  1.296841  3.7172  2.8628  1.5104  2.8893  1.5270  0.9631  0.7712  0.6863
 214  1.297257  3.7163  2.8381  1.5316  2.8484  1.4786  0.9112  0.7178  0.6316
 215  1.297663  3.7154  2.8131  1.5530  2.8065  1.4302  0.8593  0.6642  0.5767
 216  1.298052  3.7144  2.7878  1.5747  2.7643  1.3814  0.8068  0.6101  0.5212
 217  1.298134  3.7142  2.7827  1.5791  2.7554  1.3712  0.7960  0.5989  0.5098
 218  1.298213  3.7140  2.7773  1.5837  2.7465  1.3609  0.7848  0.5874  0.4979
 219  1.298293  3.7138  2.7719  1.5883  2.7376  1.3505  0.7737  0.5758  0.4861
 220  1.298372  3.7136  2.7665  1.5929  2.7287  1.3402  0.7625  0.5643  0.4743
 221  1.298451  3.7135  2.7611  1.5975  2.7196  1.3297  0.7513  0.5528  0.4624
 222  1.298530  3.7133  2.7556  1.6022  2.7107  1.3192  0.7400  0.5411  0.4504
 223  1.298609  3.7131  2.7501  1.6069  2.7016  1.3087  0.7288  0.5294  0.4385
 224  1.298687  3.7129  2.7446  1.6116  2.6925  1.2982  0.7174  0.5177  0.4265
 225  1.298763  3.7127  2.7391  1.6162  2.6834  1.2875  0.7059  0.5058  0.4143
 226  1.298842  3.7125  2.7336  1.6209  2.6744  1.2770  0.6945  0.4941  0.4022
 227  1.299544  3.7104  2.6808  1.6658  2.5888  1.1768  0.5863  0.3821  0.2873
 228  1.300174  3.7083  2.6295  1.7091  2.5073  1.0802  0.4817  0.2738  0.1759
 229  1.300774  3.7062  2.5764  1.7538  2.4252  0.9815  0.3745  0.1624  0.0613
 230  1.301309  3.7040  2.5250  1.7968  2.3482  0.8871  0.2715  0.0554 -0.0488
 231  1.301814  3.7017  2.4720  1.8406  2.2725  0.7917  0.1668 -0.0536 -0.1613
 232  1.302246  3.6994  2.4229  1.8809  2.2064  0.7052  0.0712 -0.1535 -0.2645
 233  1.302669  3.6970  2.3710  1.9234  2.1460  0.6149 -0.0299 -0.2591 -0.3736
 234  1.303062  3.6945  2.3186  1.9658  2.0898  0.5254 -0.1309 -0.3649 -0.4828
 235  1.303411  3.6921  2.2687  2.0063  2.0393  0.4409 -0.2268 -0.4657 -0.5869
 236  1.303737  3.6897  2.2200  2.0455  1.9931  0.3595 -0.3198 -0.5634 -0.6880
 237  1.304038  3.6874  2.1734  2.0830  1.9510  0.2825 -0.4084 -0.6567 -0.7844
 238  1.304318  3.6854  2.1321  2.1163  1.9145  0.2145 -0.4869 -0.7395 -0.8701
 239  1.304583  3.6841  2.1055  2.1378  1.8902  0.1703 -0.5377 -0.7929 -0.9254
 240  1.304850  3.6855  2.1286  2.1203  1.9022  0.2037 -0.4972 -0.7497 -0.8802
 241  1.305158  3.6881  2.1751  2.0841  1.9340  0.2751 -0.4128 -0.6599 -0.7869
 242  1.305498  3.6851  2.1146  2.1329  1.8801  0.1752 -0.5279 -0.7812 -0.9122
 243  1.305808  3.6821  2.0545  2.1811  1.8303  0.0779 -0.6409 -0.9006 -1.0360
 244  1.306082  3.6792  1.9978  2.2264  1.7812 -0.0129 -0.7463 -1.0122 -1.1520
 245  1.306333  3.6763  1.9418  2.2707  1.7360 -0.1001 -0.8485 -1.1208 -1.2651
 246  1.306558  3.6734  1.8882  2.3130  1.6950 -0.1824 -0.9453 -1.2239 -1.3727
 247  1.306765  3.6707  1.8367  2.3537  1.6584 -0.2603 -1.0378 -1.3226 -1.4757
 248  1.306952  3.6680  1.7861  2.3935  1.6245 -0.3358 -1.1279 -1.4190 -1.5766
 249  1.307126  3.6653  1.7348  2.4339  1.5924 -0.4118 -1.2189 -1.5165 -1.6787
 250  1.307282  3.6626  1.6847  2.4732  1.5641 -0.4846 -1.3069 -1.6109 -1.7777
 251  1.307426  3.6599  1.6358  2.5116  1.5387 -0.5550 -1.3923 -1.7028 -1.8743
 252  1.307558  3.6573  1.5880  2.5490  1.5164 -0.6227 -1.4750 -1.7920 -1.9680
 253  1.307681  3.6547  1.5408  2.5860  1.4962 -0.6889 -1.5563 -1.8798 -2.0604
 254  1.307792  3.6522  1.4944  2.6221  1.4793 -0.7524 -1.6350 -1.9652 -2.1506
 255  1.307895  3.6496  1.4489  2.6573  1.4668 -0.8126 -1.7108 -2.0478 -2.2379
 256  1.307990  3.6470  1.4045  2.6913  1.4573 -0.8699 -1.7839 -2.1277 -2.3225
 257  1.308078  3.6444  1.3605  2.7251  1.4502 -0.9258 -1.8558 -2.2066 -2.4062
 258  1.308160  3.6418  1.3174  2.7579  1.4460 -0.9790 -1.9253 -2.2830 -2.4874
 259  1.308236  3.6393  1.2754  2.7899  1.4441 -1.0297 -1.9925 -2.3572 -2.5662
 260  1.308306  3.6368  1.2341  2.8214  1.4446 -1.0786 -2.0579 -2.4296 -2.6434
 261  1.308371  3.6344  1.1935  2.8521  1.4470 -1.1255 -2.1213 -2.5003 -2.7188
 262  1.308432  3.6319  1.1539  2.8820  1.4513 -1.1701 -2.1825 -2.5686 -2.7920
 263  1.308490  3.6296  1.1151  2.9113  1.4571 -1.2130 -2.2420 -2.6354 -2.8636
 264  1.308543  3.6272  1.0770  2.9400  1.4647 -1.2540 -2.2996 -2.7004 -2.9335
 265  1.308593  3.6249  1.0396  2.9682  1.4738 -1.2933 -2.3557 -2.7639 -3.0019
 266  1.308640  3.6226  1.0031  2.9958  1.4849 -1.3305 -2.4099 -2.8254 -3.0684
 267  1.308684  3.6203  0.9668  3.0229  1.4996 -1.3654 -2.4625 -2.8855 -3.1334
 268  1.308726  3.6180  0.9311  3.0495  1.5155 -1.3988 -2.5136 -2.9443 -3.1973
 269  1.308765  3.6158  0.8961  3.0755  1.5321 -1.4307 -2.5631 -3.0014 -3.2597
 270  1.308801  3.6137  0.8621  3.1008  1.5496 -1.4608 -2.6105 -3.0567 -3.3200
 271  1.308837  3.6116  0.8286  3.1256  1.5680 -1.4894 -2.6565 -3.1107 -3.3793
 272  1.308870  3.6095  0.7959  3.1500  1.5860 -1.5170 -2.7011 -3.1632 -3.4371
 273  1.308901  3.6074  0.7637  3.1738  1.6047 -1.5431 -2.7442 -3.2144 -3.4937
 274  1.308930  3.6053  0.7323  3.1972  1.6234 -1.5682 -2.7858 -3.2644 -3.5490
 275  1.308958  3.6034  0.7016  3.2199  1.6425 -1.5917 -2.8259 -3.3128 -3.6028
 276  1.308985  3.6014  0.6717  3.2420  1.6622 -1.6141 -2.8650 -3.3597 -3.6551
 277  1.309010  3.5995  0.6427  3.2636  1.6820 -1.6350 -2.9027 -3.4051 -3.7058
 278  1.309034  3.5977  0.6149  3.2842  1.7011 -1.6545 -2.9382 -3.4483 -3.7542
