#NUMBER OF AGES= 1
#----------------------------------------------------       
#MIX-LEN  Y      Z          Zeff        [Fe/H] [a/Fe]
# 1.9380  0.2488 2.3381E-03 1.7027E-03  -1.00   0.20 
#----------------------------------------------------       
#**PHOTOMETRIC SYSTEM**: SDSS (AB)                          
#----------------------------------------------------       
#AGE= 3.000 EEPS=273
#EEP   M/Mo    LogTeff  LogG   LogL/Lo sdss_u  sdss_g  sdss_r  sdss_i  sdss_z
   6  0.106967  3.5210  5.3327 -2.8283 18.0039 14.5418 12.8987 11.9027 11.3451
   7  0.119021  3.5236  5.2779 -2.7164 17.5925 14.2064 12.5786 11.6124 11.0667
   8  0.133820  3.5268  5.2202 -2.5954 17.1506 13.8430 12.2318 11.2982 10.7658
   9  0.156008  3.5323  5.1599 -2.4465 16.5799 13.3749 11.7886 10.9051 10.3957
  10  0.190659  3.5434  5.1110 -2.2659 15.8133 12.7528 11.2090 10.4121  9.9480
  11  0.227700  3.5526  5.0701 -2.1108 15.1928 12.2338 10.7263  9.9930  9.5645
  12  0.256774  3.5585  5.0422 -2.0075 14.8007 11.8980 10.4138  9.7167  9.3097
  13  0.280767  3.5625  5.0222 -1.9327 14.5266 11.6596 10.1918  9.5183  9.1258
  14  0.296515  3.5649  5.0075 -1.8843 14.3524 11.5070 10.0498  9.3905  9.0068
  15  0.305752  3.5664  4.9970 -1.8549 14.2477 11.4148  9.9639  9.3127  8.9340
  16  0.312033  3.5673  4.9890 -1.8343 14.1768 11.3518  9.9050  9.2590  8.8835
  17  0.316553  3.5679  4.9827 -1.8190 14.1250 11.3055  9.8616  9.2192  8.8461
  18  0.320157  3.5684  4.9772 -1.8066 14.0834 11.2682  9.8267  9.1871  8.8157
  19  0.323314  3.5689  4.9725 -1.7958 14.0471 11.2356  9.7962  9.1590  8.7892
  20  0.326570  3.5694  4.9680 -1.7851 14.0107 11.2030  9.7658  9.1311  8.7628
  21  0.330679  3.5700  4.9633 -1.7726 13.9675 11.1645  9.7298  9.0983  8.7321
  22  0.336940  3.5709  4.9574 -1.7550 13.9059 11.1096  9.6788  9.0520  8.6888
  23  0.348325  3.5726  4.9480 -1.7240 13.7947 11.0115  9.5885  8.9705  8.6133
  24  0.413529  3.5868  4.8829 -1.5276 13.0429 10.3570  8.9995  8.4489  8.1360
  25  0.427621  3.5906  4.8653 -1.4802 12.8564 10.1966  8.8587  8.3239  8.0213
  26  0.439806  3.5943  4.8493 -1.4378 12.6867 10.0507  8.7316  8.2115  7.9184
  27  0.455119  3.5992  4.8300 -1.3838 12.4662  9.8618  8.5695  8.0688  7.7883
  28  0.473019  3.6058  4.8078 -1.3184 12.1936  9.6280  8.3730  7.8963  7.6310
  29  0.489372  3.6125  4.7886 -1.2577 11.9341  9.4055  8.1899  7.7361  7.4852
  30  0.501854  3.6181  4.7754 -1.2112 11.7312  9.2313  8.0496  7.6140  7.3742
  31  0.510890  3.6224  4.7668 -1.1774 11.5797  9.1014  7.9466  7.5249  7.2938
  32  0.517981  3.6261  4.7604 -1.1504 11.4582  8.9959  7.8637  7.4539  7.2300
  33  0.524251  3.6295  4.7551 -1.1263 11.3484  8.9002  7.7893  7.3906  7.1733
  34  0.530837  3.6331  4.7498 -1.1011 11.2311  8.7989  7.7109  7.3242  7.1141
  35  0.539090  3.6378  4.7442 -1.0702 11.0822  8.6721  7.6141  7.2425  7.0415
  36  0.550747  3.6444  4.7372 -1.0270 10.8657  8.4932  7.4791  7.1286  6.9405
  37  0.566393  3.6543  4.7299 -0.9685 10.5375  8.2432  7.2948  6.9737  6.8034
  38  0.585178  3.6667  4.7234 -0.8982 10.1068  7.9400  7.0746  6.7868  6.6376
  39  0.606406  3.6802  4.7159 -0.8213  9.6175  7.6222  6.8419  6.5840  6.4551
  40  0.629661  3.6943  4.7072 -0.7399  9.0704  7.3023  6.6059  6.3753  6.2654
  41  0.654733  3.7085  4.6967 -0.6551  8.5914  6.9949  6.3659  6.1607  6.0701
  42  0.679666  3.7220  4.6851 -0.5733  8.1767  6.7174  6.1421  5.9587  5.8855
  43  0.707051  3.7356  4.6699 -0.4867  7.7374  6.4358  5.9146  5.7518  5.6949
  44  0.734510  3.7482  4.6525 -0.4025  7.3497  6.1733  5.7006  5.5568  5.5142
  45  0.762482  3.7597  4.6316 -0.3190  7.0005  5.9223  5.4926  5.3660  5.3361
  46  0.786644  3.7688  4.6110 -0.2484  6.7220  5.7168  5.3211  5.2075  5.1872
  47  0.803793  3.7750  4.5964 -0.1998  6.5381  5.5776  5.2046  5.0998  5.0855
  48  0.817680  3.7797  4.5845 -0.1616  6.4010  5.4688  5.1128  5.0149  5.0055
  49  0.829688  3.7838  4.5742 -0.1290  6.2908  5.3758  5.0337  4.9421  4.9369
  50  0.840258  3.7872  4.5650 -0.1004  6.1965  5.2944  4.9643  4.8782  4.8768
  51  0.849780  3.7904  4.5565 -0.0745  6.1126  5.2208  4.9013  4.8203  4.8222
  52  0.856458  3.7926  4.5505 -0.0561  6.0538  5.1690  4.8570  4.7795  4.7837
  53  0.863000  3.7948  4.5446 -0.0380  5.9955  5.1183  4.8137  4.7396  4.7460
  54  0.869426  3.7970  4.5386 -0.0202  5.9384  5.0688  4.7713  4.7003  4.7088
  55  0.875764  3.7991  4.5327 -0.0027  5.8826  5.0199  4.7295  4.6617  4.6721
  56  0.882023  3.8012  4.5267  0.0146  5.8283  4.9720  4.6882  4.6233  4.6358
  57  0.888227  3.8032  4.5207  0.0317  5.7752  4.9248  4.6473  4.5855  4.5999
  58  0.894391  3.8051  4.5145  0.0487  5.7232  4.8781  4.6070  4.5480  4.5642
  59  0.900526  3.8070  4.5082  0.0654  5.6727  4.8321  4.5670  4.5108  4.5286
  60  0.906625  3.8087  4.5017  0.0820  5.6234  4.7867  4.5272  4.4736  4.4932
  61  0.912687  3.8105  4.4950  0.0984  5.5752  4.7416  4.4877  4.4367  4.4579
  62  0.918720  3.8121  4.4882  0.1148  5.5278  4.6971  4.4484  4.4000  4.4226
  63  0.924709  3.8138  4.4814  0.1310  5.4812  4.6529  4.4094  4.3636  4.3877
  64  0.930657  3.8153  4.4745  0.1471  5.4355  4.6093  4.3708  4.3273  4.3530
  65  0.936559  3.8169  4.4676  0.1629  5.3904  4.5660  4.3325  4.2916  4.3185
  66  0.942406  3.8185  4.4610  0.1786  5.3461  4.5233  4.2947  4.2562  4.2847
  67  0.948172  3.8200  4.4544  0.1941  5.3026  4.4813  4.2575  4.2215  4.2513
  68  0.953819  3.8217  4.4480  0.2092  5.2604  4.4402  4.2212  4.1876  4.2188
  69  0.959308  3.8231  4.4418  0.2239  5.2194  4.4002  4.1858  4.1545  4.1871
  70  0.964685  3.8246  4.4356  0.2382  5.1796  4.3611  4.1513  4.1224  4.1561
  71  0.969975  3.8260  4.4296  0.2524  5.1407  4.3228  4.1173  4.0906  4.1257
  72  0.975215  3.8274  4.4237  0.2662  5.1023  4.2849  4.0837  4.0593  4.0957
  73  0.980435  3.8288  4.4179  0.2800  5.0645  4.2474  4.0505  4.0284  4.0659
  74  0.985647  3.8302  4.4122  0.2937  5.0270  4.2100  4.0175  3.9976  4.0363
  75  0.990871  3.8316  4.4065  0.3074  4.9896  4.1727  3.9845  3.9670  4.0069
  76  0.996137  3.8331  4.4009  0.3211  4.9523  4.1352  3.9514  3.9363  3.9775
  77  1.001423  3.8345  4.3954  0.3348  4.9149  4.0977  3.9183  3.9055  3.9480
  78  1.006796  3.8361  4.3899  0.3486  4.8772  4.0597  3.8849  3.8746  3.9184
  79  1.012179  3.8376  4.3846  0.3625  4.8398  4.0218  3.8516  3.8437  3.8888
  80  1.017520  3.8391  4.3794  0.3762  4.8028  3.9842  3.8187  3.8133  3.8596
  81  1.022779  3.8407  4.3741  0.3897  4.7665  3.9471  3.7862  3.7834  3.8309
  82  1.028130  3.8423  4.3689  0.4035  4.7297  3.9091  3.7531  3.7529  3.8016
  83  1.033332  3.8438  4.3638  0.4169  4.6940  3.8722  3.7209  3.7231  3.7732
  84  1.038352  3.8453  4.3588  0.4299  4.6595  3.8363  3.6896  3.6944  3.7456
  85  1.043180  3.8467  4.3540  0.4425  4.6266  3.8014  3.6595  3.6669  3.7193
  86  1.047803  3.8481  4.3493  0.4547  4.5951  3.7677  3.6306  3.6404  3.6939
  87  1.052225  3.8494  4.3448  0.4664  4.5647  3.7353  3.6026  3.6150  3.6694
  88  1.056483  3.8507  4.3403  0.4777  4.5355  3.7038  3.5754  3.5901  3.6456
  89  1.060599  3.8520  4.3358  0.4888  4.5070  3.6733  3.5491  3.5660  3.6223
  90  1.064586  3.8531  4.3315  0.4996  4.4794  3.6436  3.5233  3.5424  3.5997
  91  1.068451  3.8543  4.3272  0.5101  4.4525  3.6145  3.4982  3.5194  3.5776
  92  1.072220  3.8554  4.3230  0.5202  4.4263  3.5863  3.4736  3.4969  3.5558
  93  1.075894  3.8565  4.3189  0.5303  4.4007  3.5587  3.4497  3.4749  3.5346
  94  1.079492  3.8577  4.3150  0.5401  4.3756  3.5315  3.4260  3.4533  3.5137
  95  1.083017  3.8587  4.3111  0.5498  4.3507  3.5051  3.4026  3.4318  3.4929
  96  1.086486  3.8598  4.3073  0.5592  4.3261  3.4792  3.3796  3.4105  3.4721
  97  1.089903  3.8608  4.3036  0.5685  4.3019  3.4537  3.3569  3.3894  3.4517
  98  1.093277  3.8618  4.2999  0.5778  4.2781  3.4286  3.3345  3.3687  3.4317
  99  1.096607  3.8630  4.2964  0.5868  4.2547  3.4038  3.3124  3.3483  3.4118
 100  1.099483  3.8640  4.2934  0.5949  4.2336  3.3814  3.2926  3.3302  3.3942
 101  1.102771  3.8650  4.2899  0.6037  4.2105  3.3571  3.2710  3.3102  3.3749
 102  1.106019  3.8660  4.2865  0.6126  4.1879  3.3330  3.2497  3.2906  3.3558
 103  1.109228  3.8670  4.2831  0.6211  4.1655  3.3093  3.2287  3.2712  3.3370
 104  1.112397  3.8679  4.2797  0.6297  4.1435  3.2858  3.2079  3.2521  3.3184
 105  1.115519  3.8689  4.2763  0.6382  4.1217  3.2627  3.1874  3.2333  3.3001
 106  1.118592  3.8698  4.2730  0.6465  4.1002  3.2398  3.1671  3.2147  3.2821
 107  1.121605  3.8709  4.2697  0.6548  4.0792  3.2170  3.1474  3.1968  3.2646
 108  1.124561  3.8718  4.2663  0.6629  4.0585  3.1944  3.1279  3.1791  3.2476
 109  1.127448  3.8727  4.2630  0.6710  4.0380  3.1722  3.1087  3.1617  3.2308
 110  1.130268  3.8736  4.2597  0.6790  4.0180  3.1502  3.0898  3.1445  3.2143
 111  1.133018  3.8744  4.2563  0.6868  3.9982  3.1287  3.0711  3.1276  3.1978
 112  1.135177  3.8751  4.2537  0.6930  3.9825  3.1116  3.0563  3.1143  3.1849
 113  1.137342  3.8758  4.2511  0.6992  3.9666  3.0942  3.0414  3.1008  3.1719
 114  1.139512  3.8765  4.2485  0.7056  3.9506  3.0768  3.0264  3.0872  3.1588
 115  1.141687  3.8772  4.2458  0.7119  3.9344  3.0591  3.0111  3.0734  3.1455
 116  1.143865  3.8779  4.2430  0.7184  3.9180  3.0413  2.9957  3.0594  3.1320
 117  1.146046  3.8786  4.2401  0.7249  3.9015  3.0234  2.9802  3.0453  3.1182
 118  1.148231  3.8793  4.2371  0.7315  3.8849  3.0053  2.9644  3.0309  3.1043
 119  1.150417  3.8800  4.2340  0.7381  3.8681  2.9871  2.9486  3.0164  3.0902
 120  1.152601  3.8807  4.2309  0.7448  3.8511  2.9688  2.9325  3.0016  3.0758
 121  1.154784  3.8814  4.2277  0.7516  3.8340  2.9503  2.9162  2.9868  3.0614
 122  1.156967  3.8820  4.2243  0.7584  3.8167  2.9317  2.8997  2.9715  3.0465
 123  1.159153  3.8827  4.2208  0.7653  3.7992  2.9130  2.8829  2.9559  3.0312
 124  1.161340  3.8833  4.2173  0.7723  3.7815  2.8942  2.8660  2.9402  3.0157
 125  1.163532  3.8839  4.2135  0.7793  3.7637  2.8753  2.8488  2.9242  2.9999
 126  1.165724  3.8845  4.2097  0.7865  3.7457  2.8561  2.8315  2.9081  2.9840
 127  1.167919  3.8851  4.2056  0.7936  3.7275  2.8368  2.8140  2.8917  2.9678
 128  1.170117  3.8857  4.2016  0.8008  3.7093  2.8174  2.7963  2.8750  2.9513
 129  1.172318  3.8862  4.1972  0.8081  3.6908  2.7978  2.7783  2.8581  2.9347
 130  1.174522  3.8867  4.1927  0.8155  3.6722  2.7781  2.7602  2.8409  2.9176
 131  1.176723  3.8872  4.1879  0.8230  3.6535  2.7582  2.7417  2.8235  2.9003
 132  1.178922  3.8876  4.1830  0.8306  3.6345  2.7382  2.7231  2.8058  2.8827
 133  1.181116  3.8880  4.1778  0.8382  3.6155  2.7180  2.7042  2.7877  2.8648
 134  1.183307  3.8885  4.1723  0.8459  3.5963  2.6978  2.6852  2.7695  2.8466
 135  1.185490  3.8888  4.1667  0.8537  3.5772  2.6774  2.6659  2.7509  2.8280
 136  1.187667  3.8891  4.1607  0.8615  3.5578  2.6569  2.6464  2.7321  2.8092
 137  1.189835  3.8893  4.1545  0.8694  3.5382  2.6363  2.6267  2.7129  2.7900
 138  1.191991  3.8894  4.1480  0.8774  3.5187  2.6156  2.6068  2.6934  2.7705
 139  1.194131  3.8896  4.1412  0.8854  3.4991  2.5949  2.5867  2.6737  2.7508
 140  1.196257  3.8896  4.1341  0.8934  3.4794  2.5740  2.5663  2.6536  2.7306
 141  1.198364  3.8896  4.1266  0.9015  3.4598  2.5533  2.5458  2.6332  2.7100
 142  1.200450  3.8894  4.1188  0.9096  3.4400  2.5325  2.5251  2.6125  2.6891
 143  1.202514  3.8892  4.1106  0.9178  3.4204  2.5118  2.5041  2.5916  2.6679
 144  1.204552  3.8889  4.1020  0.9260  3.4007  2.4911  2.4831  2.5702  2.6462
 145  1.206565  3.8886  4.0930  0.9342  3.3811  2.4705  2.4618  2.5486  2.6243
 146  1.208551  3.8881  4.0835  0.9424  3.3616  2.4501  2.4403  2.5266  2.6018
 147  1.210507  3.8875  4.0735  0.9507  3.3421  2.4297  2.4187  2.5041  2.5790
 148  1.212435  3.8867  4.0630  0.9590  3.3228  2.4095  2.3969  2.4813  2.5555
 149  1.214329  3.8858  4.0519  0.9672  3.3036  2.3895  2.3749  2.4579  2.5317
 150  1.216186  3.8848  4.0402  0.9755  3.2846  2.3698  2.3527  2.4343  2.5072
 151  1.218007  3.8836  4.0278  0.9837  3.2659  2.3506  2.3303  2.4100  2.4821
 152  1.219788  3.8822  4.0147  0.9919  3.2474  2.3317  2.3078  2.3853  2.4566
 153  1.221525  3.8807  4.0007  1.0001  3.2295  2.3132  2.2853  2.3603  2.4303
 154  1.223215  3.8789  3.9859  1.0082  3.2122  2.2954  2.2628  2.3348  2.4035
 155  1.224852  3.8768  3.9701  1.0162  3.1955  2.2783  2.2403  2.3089  2.3761
 156  1.226434  3.8744  3.9531  1.0241  3.1797  2.2622  2.2178  2.2826  2.3480
 157  1.227961  3.8716  3.9351  1.0318  3.1646  2.2471  2.1955  2.2558  2.3195
 158  1.229428  3.8686  3.9160  1.0393  3.1503  2.2332  2.1733  2.2286  2.2903
 159  1.230831  3.8652  3.8955  1.0466  3.1368  2.2208  2.1512  2.2008  2.2605
 160  1.232163  3.8614  3.8738  1.0538  3.1247  2.2102  2.1296  2.1727  2.2300
 161  1.233421  3.8571  3.8507  1.0604  3.1146  2.2015  2.1085  2.1445  2.1992
 162  1.234202  3.8542  3.8347  1.0646  3.1094  2.1970  2.0953  2.1261  2.1787
 163  1.234972  3.8509  3.8176  1.0687  3.1054  2.1934  2.0821  2.1074  2.1575
 164  1.235732  3.8473  3.7996  1.0728  3.1023  2.1906  2.0690  2.0883  2.1359
 165  1.236483  3.8435  3.7805  1.0767  3.1001  2.1889  2.0562  2.0690  2.1137
 166  1.237222  3.8394  3.7607  1.0805  3.0993  2.1881  2.0435  2.0497  2.0912
 167  1.237949  3.8349  3.7396  1.0841  3.1003  2.1888  2.0313  2.0302  2.0683
 168  1.238670  3.8302  3.7176  1.0875  3.1033  2.1910  2.0197  2.0108  2.0450
 169  1.239390  3.8253  3.6953  1.0906  3.1085  2.1946  2.0088  1.9920  2.0220
 170  1.240106  3.8202  3.6724  1.0931  3.1170  2.2006  1.9990  1.9738  1.9995
 171  1.240816  3.8149  3.6494  1.0950  3.1300  2.2093  1.9908  1.9568  1.9778
 172  1.241513  3.8092  3.6263  1.0957  3.1484  2.2220  1.9856  1.9423  1.9584
 173  1.242187  3.8035  3.6038  1.0958  3.1710  2.2369  1.9826  1.9301  1.9410
 174  1.242826  3.7979  3.5831  1.0939  3.1998  2.2569  1.9845  1.9229  1.9284
 175  1.243411  3.7925  3.5661  1.0901  3.2327  2.2815  1.9924  1.9224  1.9228
 176  1.243929  3.7873  3.5495  1.0860  3.2659  2.3076  2.0023  1.9238  1.9188
 177  1.244382  3.7832  3.5392  1.0796  3.3020  2.3366  2.0178  1.9324  1.9230
 178  1.244790  3.7787  3.5275  1.0736  3.3421  2.3661  2.0322  1.9396  1.9256
 179  1.245155  3.7749  3.5197  1.0667  3.3852  2.3955  2.0475  1.9490  1.9312
 180  1.245492  3.7717  3.5144  1.0591  3.4286  2.4253  2.0647  1.9609  1.9400
 181  1.245833  3.7682  3.5077  1.0518  3.4753  2.4555  2.0811  1.9718  1.9474
 182  1.246456  3.7624  3.4988  1.0375  3.5617  2.5123  2.1150  1.9962  1.9658
 183  1.247127  3.7567  3.4883  1.0257  3.6407  2.5628  2.1445  2.0168  1.9803
 184  1.247872  3.7515  3.4749  1.0183  3.7093  2.6017  2.1641  2.0280  1.9856
 185  1.248674  3.7470  3.4566  1.0192  3.7524  2.6174  2.1635  2.0203  1.9728
 186  1.249454  3.7432  3.4364  1.0244  3.7809  2.6204  2.1520  2.0028  1.9509
 187  1.250199  3.7405  3.4153  1.0348  3.7855  2.6058  2.1273  1.9737  1.9186
 188  1.250906  3.7384  3.3945  1.0479  3.7762  2.5820  2.0960  1.9392  1.8817
 189  1.251593  3.7365  3.3731  1.0620  3.7624  2.5545  2.0618  1.9021  1.8422
 190  1.252263  3.7349  3.3521  1.0767  3.7453  2.5252  2.0264  1.8641  1.8023
 191  1.252918  3.7337  3.3318  1.0922  3.7217  2.4920  1.9885  1.8242  1.7609
 192  1.253567  3.7326  3.3117  1.1082  3.6952  2.4572  1.9498  1.7837  1.7191
 193  1.254209  3.7316  3.2919  1.1242  3.6676  2.4216  1.9106  1.7430  1.6771
 194  1.254845  3.7308  3.2726  1.1406  3.6367  2.3843  1.8705  1.7015  1.6346
 195  1.255482  3.7299  3.2527  1.1570  3.6082  2.3480  1.8306  1.6600  1.5919
 196  1.256115  3.7290  3.2327  1.1734  3.5782  2.3108  1.7901  1.6181  1.5489
 197  1.256742  3.7283  3.2133  1.1902  3.5455  2.2722  1.7490  1.5758  1.5056
 198  1.257367  3.7276  3.1938  1.2072  3.5121  2.2332  1.7074  1.5332  1.4620
 199  1.257972  3.7269  3.1738  1.2246  3.4772  2.1929  1.6647  1.4893  1.4173
 200  1.258560  3.7262  3.1533  1.2426  3.4402  2.1508  1.6204  1.4439  1.3710
 201  1.259130  3.7256  3.1324  1.2611  3.4024  2.1077  1.5749  1.3973  1.3235
 202  1.259681  3.7249  3.1107  1.2802  3.3638  2.0635  1.5281  1.3493  1.2748
 203  1.260223  3.7242  3.0890  1.2995  3.3239  2.0184  1.4807  1.3010  1.2254
 204  1.260741  3.7235  3.0665  1.3193  3.2836  1.9723  1.4321  1.2511  1.1746
 205  1.261249  3.7228  3.0437  1.3394  3.2427  1.9257  1.3828  1.2006  1.1231
 206  1.261746  3.7221  3.0208  1.3597  3.2007  1.8783  1.3331  1.1497  1.0713
 207  1.262225  3.7213  2.9973  1.3804  3.1587  1.8303  1.2824  1.0978  1.0184
 208  1.262691  3.7205  2.9735  1.4013  3.1169  1.7822  1.2312  1.0452  0.9647
 209  1.263147  3.7198  2.9495  1.4224  3.0748  1.7336  1.1795  0.9922  0.9107
 210  1.263587  3.7189  2.9249  1.4437  3.0327  1.6846  1.1273  0.9385  0.8559
 211  1.264014  3.7182  2.9005  1.4653  2.9887  1.6345  1.0744  0.8842  0.8006
 212  1.264429  3.7171  2.8749  1.4870  2.9486  1.5858  1.0216  0.8297  0.7447
 213  1.264831  3.7162  2.8494  1.5089  2.9063  1.5360  0.9682  0.7746  0.6884
 214  1.265221  3.7153  2.8237  1.5310  2.8628  1.4859  0.9145  0.7193  0.6316
 215  1.265599  3.7143  2.7978  1.5533  2.8192  1.4356  0.8605  0.6635  0.5746
 216  1.265962  3.7134  2.7715  1.5757  2.7755  1.3850  0.8062  0.6075  0.5170
 217  1.266032  3.7132  2.7663  1.5801  2.7669  1.3750  0.7955  0.5963  0.5057
 218  1.266103  3.7130  2.7612  1.5845  2.7581  1.3649  0.7846  0.5852  0.4942
 219  1.266172  3.7128  2.7559  1.5890  2.7495  1.3548  0.7738  0.5740  0.4827
 220  1.266242  3.7126  2.7506  1.5935  2.7407  1.3447  0.7629  0.5627  0.4711
 221  1.266311  3.7124  2.7453  1.5981  2.7319  1.3345  0.7518  0.5514  0.4594
 222  1.266379  3.7122  2.7399  1.6026  2.7232  1.3243  0.7409  0.5400  0.4478
 223  1.266449  3.7120  2.7346  1.6072  2.7145  1.3141  0.7299  0.5287  0.4362
 224  1.266517  3.7118  2.7293  1.6118  2.7057  1.3039  0.7188  0.5172  0.4245
 225  1.266586  3.7116  2.7239  1.6163  2.6968  1.2936  0.7078  0.5057  0.4127
 226  1.266653  3.7114  2.7184  1.6209  2.6880  1.2832  0.6966  0.4942  0.4008
 227  1.267276  3.7093  2.6665  1.6650  2.6042  1.1847  0.5902  0.3841  0.2878
 228  1.267831  3.7073  2.6158  1.7077  2.5242  1.0896  0.4872  0.2774  0.1781
 229  1.268382  3.7051  2.5616  1.7533  2.4413  0.9892  0.3778  0.1638  0.0613
 230  1.268856  3.7029  2.5107  1.7959  2.3655  0.8957  0.2758  0.0578 -0.0480
 231  1.269306  3.7006  2.4580  1.8393  2.2919  0.8016  0.1723 -0.0501 -0.1593
 232  1.269717  3.6982  2.4059  1.8821  2.2260  0.7102  0.0708 -0.1562 -0.2689
 233  1.270090  3.6958  2.3544  1.9240  2.1679  0.6210 -0.0292 -0.2608 -0.3769
 234  1.270432  3.6934  2.3035  1.9653  2.1149  0.5347 -0.1269 -0.3632 -0.4828
 235  1.270754  3.6909  2.2527  2.0064  2.0643  0.4487 -0.2247 -0.4659 -0.5887
 236  1.271048  3.6885  2.2043  2.0453  2.0195  0.3684 -0.3167 -0.5628 -0.6889
 237  1.271314  3.6863  2.1598  2.0812  1.9795  0.2948 -0.4014 -0.6520 -0.7812
 238  1.271569  3.6845  2.1222  2.1116  1.9464  0.2329 -0.4729 -0.7273 -0.8591
 239  1.271811  3.6840  2.1097  2.1222  1.9308  0.2100 -0.4983 -0.7537 -0.8863
 240  1.272064  3.6872  2.1693  2.0753  1.9749  0.3033 -0.3888 -0.6376 -0.7658
 241  1.272375  3.6870  2.1571  2.0866  1.9531  0.2771 -0.4164 -0.6658 -0.7943
 242  1.272678  3.6836  2.0930  2.1376  1.9020  0.1745 -0.5361 -0.7925 -0.9257
 243  1.272952  3.6806  2.0335  2.1852  1.8517  0.0786 -0.6474 -0.9102 -1.0477
 244  1.273196  3.6777  1.9768  2.2304  1.8030 -0.0115 -0.7522 -1.0212 -1.1632
 245  1.273419  3.6748  1.9209  2.2746  1.7589 -0.0978 -0.8536 -1.1291 -1.2756
 246  1.273620  3.6720  1.8679  2.3165  1.7194 -0.1788 -0.9492 -1.2310 -1.3820
 247  1.273804  3.6693  1.8165  2.3571  1.6837 -0.2562 -1.0412 -1.3293 -1.4847
 248  1.273970  3.6665  1.7647  2.3978  1.6501 -0.3331 -1.1332 -1.4278 -1.5879
 249  1.274124  3.6638  1.7132  2.4383  1.6189 -0.4089 -1.2242 -1.5253 -1.6901
 250  1.274264  3.6611  1.6633  2.4776  1.5917 -0.4813 -1.3119 -1.6194 -1.7889
 251  1.274390  3.6585  1.6148  2.5156  1.5677 -0.5507 -1.3962 -1.7103 -1.8843
 252  1.274507  3.6558  1.5668  2.5533  1.5463 -0.6182 -1.4789 -1.7997 -1.9783
 253  1.274615  3.6532  1.5195  2.5902  1.5270 -0.6840 -1.5600 -1.8873 -2.0706
 254  1.274714  3.6506  1.4731  2.6261  1.5121 -0.7465 -1.6380 -1.9722 -2.1603
 255  1.274805  3.6480  1.4275  2.6612  1.5011 -0.8059 -1.7134 -2.0545 -2.2473
 256  1.274888  3.6454  1.3831  2.6953  1.4929 -0.8627 -1.7862 -2.1342 -2.3319
 257  1.274967  3.6428  1.3390  2.7291  1.4872 -0.9179 -1.8577 -2.2127 -2.4153
 258  1.275039  3.6402  1.2961  2.7617  1.4844 -0.9702 -1.9266 -2.2886 -2.4959
 259  1.275106  3.6377  1.2538  2.7938  1.4838 -1.0205 -1.9937 -2.3629 -2.5750
 260  1.275168  3.6352  1.2126  2.8251  1.4852 -1.0687 -2.0585 -2.4349 -2.6518
 261  1.275227  3.6327  1.1721  2.8558  1.4889 -1.1148 -2.1214 -2.5051 -2.7269
 262  1.275281  3.6303  1.1326  2.8856  1.4940 -1.1590 -2.1823 -2.5732 -2.7999
 263  1.275332  3.6279  1.0935  2.9152  1.5008 -1.2014 -2.2417 -2.6402 -2.8718
 264  1.275379  3.6256  1.0554  2.9439  1.5095 -1.2418 -2.2990 -2.7049 -2.9415
 265  1.275423  3.6233  1.0181  2.9720  1.5197 -1.2804 -2.3547 -2.7680 -3.0096
 266  1.275465  3.6209  0.9814  2.9995  1.5332 -1.3165 -2.4084 -2.8292 -3.0759
 267  1.275504  3.6186  0.9449  3.0267  1.5491 -1.3508 -2.4607 -2.8893 -3.1410
 268  1.275540  3.6164  0.9095  3.0532  1.5657 -1.3833 -2.5110 -2.9474 -3.2043
 269  1.275575  3.6141  0.8744  3.0792  1.5832 -1.4145 -2.5599 -3.0042 -3.2665
 270  1.275609  3.6119  0.8402  3.1046  1.6015 -1.4440 -2.6071 -3.0595 -3.3271
 271  1.275639  3.6098  0.8068  3.1294  1.6197 -1.4723 -2.6528 -3.1133 -3.3862
 272  1.275668  3.6078  0.7743  3.1536  1.6380 -1.4993 -2.6969 -3.1655 -3.4437
 273  1.275696  3.6057  0.7422  3.1774  1.6573 -1.5248 -2.7393 -3.2163 -3.5000
 274  1.275722  3.6036  0.7107  3.2008  1.6766 -1.5491 -2.7805 -3.2660 -3.5553
 275  1.275747  3.6016  0.6799  3.2236  1.6967 -1.5722 -2.8206 -3.3143 -3.6090
 276  1.275770  3.5997  0.6501  3.2456  1.7169 -1.5938 -2.8594 -3.3610 -3.6611
 277  1.275793  3.5978  0.6212  3.2671  1.7363 -1.6144 -2.8966 -3.4061 -3.7115
 278  1.275814  3.5960  0.5934  3.2877  1.7559 -1.6334 -2.9316 -3.4491 -3.7600
