#NUMBER OF AGES= 1
#----------------------------------------------------       
#MIX-LEN  Y      Z          Zeff        [Fe/H] [a/Fe]
# 1.9380  0.2488 2.3381E-03 1.7027E-03  -1.00   0.20 
#----------------------------------------------------       
#**PHOTOMETRIC SYSTEM**: SDSS (AB)                          
#----------------------------------------------------       
#AGE= 3.250 EEPS=272
#EEP   M/Mo    LogTeff  LogG   LogL/Lo sdss_u  sdss_g  sdss_r  sdss_i  sdss_z
   7  0.114639  3.5227  5.2971 -2.7556 17.7357 14.3237 12.6905 11.7141 11.1644
   8  0.128200  3.5255  5.2405 -2.6390 17.3109 13.9750 12.3576 11.4120 10.8744
   9  0.147109  3.5299  5.1800 -2.5018 16.7986 13.5535 11.9570 11.0525 10.5331
  10  0.177527  3.5391  5.1262 -2.3288 16.0822 12.9721 11.4125 10.5847 10.1039
  11  0.213972  3.5495  5.0839 -2.1641 15.4019 12.4104 10.8905 10.1365  9.6962
  12  0.244492  3.5562  5.0525 -2.0482 14.9537 12.0298 10.5365  9.8255  9.4101
  13  0.269175  3.5606  5.0304 -1.9667 14.6508 11.7680 10.2926  9.6083  9.2092
  14  0.288419  3.5637  5.0137 -1.9077 14.4369 11.5810 10.1185  9.4521  9.0640
  15  0.300647  3.5656  5.0012 -1.8694 14.2998 11.4608 10.0066  9.3512  8.9699
  16  0.308359  3.5668  4.9920 -1.8445 14.2130 11.3838  9.9348  9.2859  8.9087
  17  0.313796  3.5675  4.9848 -1.8266 14.1515 11.3290  9.8836  9.2391  8.8645
  18  0.317953  3.5681  4.9789 -1.8126 14.1041 11.2866  9.8439  9.2027  8.8302
  19  0.321358  3.5686  4.9739 -1.8010 14.0651 11.2516  9.8111  9.1726  8.8018
  20  0.324529  3.5691  4.9694 -1.7904 14.0292 11.2195  9.7811  9.1450  8.7758
  21  0.328086  3.5696  4.9650 -1.7792 13.9909 11.1853  9.7491  9.1158  8.7483
  22  0.332951  3.5703  4.9600 -1.7650 13.9420 11.1416  9.7084  9.0787  8.7136
  23  0.340521  3.5714  4.9537 -1.7445 13.8691 11.0772  9.6489  9.0247  8.6632
  24  0.400413  3.5836  4.8973 -1.5691 13.2063 10.4979  9.1242  8.5591  8.2367
  25  0.418980  3.5883  4.8750 -1.5081 12.9677 10.2918  8.9417  8.3976  8.0888
  26  0.432314  3.5921  4.8580 -1.4627 12.7882 10.1376  8.8069  8.2778  7.9790
  27  0.445622  3.5961  4.8409 -1.4161 12.6003  9.9763  8.6673  8.1547  7.8663
  28  0.462691  3.6019  4.8196 -1.3552 12.3489  9.7611  8.4841  7.9936  7.7195
  29  0.480117  3.6087  4.7982 -1.2908 12.0772  9.5280  8.2900  7.8234  7.5644
  30  0.494978  3.6151  4.7815 -1.2353 11.8383  9.3229  8.1227  7.6774  7.4317
  31  0.505795  3.6201  4.7705 -1.1950 11.6602  9.1700  8.0005  7.5713  7.3355
  32  0.513893  3.6241  4.7629 -1.1644 11.5226  9.0517  7.9072  7.4908  7.2629
  33  0.520550  3.6276  4.7571 -1.1389 11.4073  8.9511  7.8285  7.4237  7.2028
  34  0.526859  3.6311  4.7518 -1.1145 11.2955  8.8541  7.7531  7.3597  7.1456
  35  0.534022  3.6351  4.7464 -1.0873 11.1667  8.7434  7.6681  7.2878  7.0815
  36  0.543534  3.6405  4.7403 -1.0517 10.9932  8.5971  7.5569  7.1940  6.9983
  37  0.556969  3.6485  4.7328 -1.0018 10.7303  8.3873  7.4001  7.0619  6.8812
  38  0.573807  3.6593  4.7260 -0.9384 10.3588  8.1137  7.2003  6.8937  6.7325
  39  0.593371  3.6723  4.7194 -0.8655  9.9030  7.8040  6.9750  6.7003  6.5599
  40  0.614791  3.6857  4.7114 -0.7889  9.4021  7.4935  6.7470  6.5002  6.3789
  41  0.637970  3.6995  4.7022 -0.7082  8.8736  7.1848  6.5163  6.2952  6.1923
  42  0.661948  3.7129  4.6915 -0.6275  8.4574  6.9012  6.2899  6.0919  6.0072
  43  0.685786  3.7256  4.6796 -0.5497  8.0567  6.6402  6.0795  5.9014  5.8327
  44  0.710882  3.7379  4.6650 -0.4702  7.6620  6.3847  5.8725  5.7131  5.6588
  45  0.735114  3.7489  4.6489 -0.3956  7.3224  6.1530  5.6832  5.5404  5.4987
  46  0.758310  3.7585  4.6311 -0.3257  7.0301  5.9428  5.5089  5.3805  5.3494
  47  0.778724  3.7665  4.6134 -0.2649  6.7898  5.7654  5.3607  5.2437  5.2208
  48  0.794589  3.7723  4.5993 -0.2187  6.6126  5.6328  5.2497  5.1409  5.1239
  49  0.807486  3.7768  4.5878 -0.1822  6.4772  5.5286  5.1620  5.0598  5.0473
  50  0.818849  3.7807  4.5778 -0.1506  6.3666  5.4387  5.0859  4.9895  4.9810
  51  0.829021  3.7841  4.5688 -0.1226  6.2724  5.3589  5.0180  4.9270  4.9222
  52  0.835931  3.7864  4.5627 -0.1037  6.2100  5.3050  4.9720  4.8847  4.8822
  53  0.842685  3.7886  4.5566 -0.0851  6.1495  5.2522  4.9269  4.8431  4.8432
  54  0.849258  3.7908  4.5505 -0.0669  6.0909  5.2006  4.8828  4.8025  4.8048
  55  0.855675  3.7930  4.5445 -0.0489  6.0338  5.1500  4.8395  4.7626  4.7673
  56  0.861957  3.7951  4.5386 -0.0314  5.9769  5.1008  4.7974  4.7237  4.7303
  57  0.868126  3.7972  4.5327 -0.0140  5.9215  5.0524  4.7559  4.6853  4.6940
  58  0.874208  3.7993  4.5268  0.0031  5.8673  5.0048  4.7150  4.6475  4.6581
  59  0.880212  3.8013  4.5208  0.0200  5.8143  4.9580  4.6747  4.6101  4.6226
  60  0.886156  3.8032  4.5148  0.0367  5.7625  4.9119  4.6349  4.5731  4.5874
  61  0.892050  3.8051  4.5086  0.0533  5.7120  4.8665  4.5955  4.5365  4.5525
  62  0.897914  3.8069  4.5023  0.0697  5.6628  4.8217  4.5563  4.5000  4.5178
  63  0.903743  3.8086  4.4959  0.0859  5.6147  4.7772  4.5175  4.4638  4.4832
  64  0.909538  3.8103  4.4893  0.1019  5.5677  4.7333  4.4789  4.4277  4.4485
  65  0.915299  3.8119  4.4825  0.1179  5.5215  4.6898  4.4404  4.3918  4.4141
  66  0.921021  3.8134  4.4756  0.1337  5.4760  4.6467  4.4023  4.3560  4.3799
  67  0.926698  3.8150  4.4688  0.1494  5.4313  4.6041  4.3646  4.3206  4.3459
  68  0.932322  3.8165  4.4620  0.1650  5.3874  4.5618  4.3271  4.2856  4.3122
  69  0.937882  3.8180  4.4552  0.1803  5.3443  4.5202  4.2902  4.2510  4.2790
  70  0.943374  3.8194  4.4485  0.1953  5.3021  4.4792  4.2539  4.2169  4.2462
  71  0.948780  3.8209  4.4420  0.2102  5.2605  4.4389  4.2182  4.1836  4.2142
  72  0.954056  3.8224  4.4357  0.2246  5.2202  4.3996  4.1833  4.1510  4.1828
  73  0.959185  3.8238  4.4295  0.2387  5.1812  4.3614  4.1493  4.1193  4.1524
  74  0.964206  3.8251  4.4235  0.2524  5.1434  4.3240  4.1162  4.0883  4.1225
  75  0.969138  3.8265  4.4176  0.2659  5.1063  4.2874  4.0837  4.0579  4.0934
  76  0.974011  3.8278  4.4117  0.2792  5.0699  4.2513  4.0517  4.0280  4.0646
  77  0.978823  3.8291  4.4061  0.2923  5.0341  4.2156  4.0200  3.9985  4.0362
  78  0.983618  3.8304  4.4004  0.3052  4.9987  4.1803  3.9887  3.9692  4.0081
  79  0.988395  3.8317  4.3949  0.3181  4.9636  4.1451  3.9574  3.9402  3.9802
  80  0.993159  3.8330  4.3894  0.3310  4.9287  4.1101  3.9264  3.9114  3.9524
  81  0.997932  3.8343  4.3840  0.3438  4.8939  4.0751  3.8954  3.8825  3.9248
  82  1.003022  3.8358  4.3783  0.3575  4.8569  4.0377  3.8625  3.8519  3.8953
  83  1.008159  3.8373  4.3727  0.3713  4.8199  4.0000  3.8294  3.8211  3.8658
  84  1.013286  3.8388  4.3671  0.3849  4.7831  3.9626  3.7963  3.7905  3.8364
  85  1.018358  3.8402  4.3616  0.3985  4.7468  3.9254  3.7637  3.7603  3.8074
  86  1.023341  3.8417  4.3562  0.4118  4.7111  3.8889  3.7316  3.7305  3.7789
  87  1.028205  3.8431  4.3510  0.4249  4.6765  3.8530  3.7001  3.7015  3.7510
  88  1.032930  3.8445  4.3460  0.4376  4.6428  3.8180  3.6694  3.6733  3.7239
  89  1.037505  3.8458  4.3409  0.4500  4.6103  3.7838  3.6397  3.6459  3.6975
  90  1.041920  3.8472  4.3360  0.4620  4.5790  3.7506  3.6110  3.6195  3.6723
  91  1.046166  3.8485  4.3312  0.4737  4.5490  3.7185  3.5831  3.5940  3.6477
  92  1.050251  3.8497  4.3265  0.4849  4.5199  3.6873  3.5561  3.5693  3.6239
  93  1.054184  3.8509  4.3219  0.4959  4.4917  3.6571  3.5299  3.5452  3.6007
  94  1.057989  3.8520  4.3174  0.5065  4.4644  3.6277  3.5044  3.5218  3.5781
  95  1.061676  3.8531  4.3129  0.5168  4.4379  3.5992  3.4795  3.4989  3.5560
  96  1.065259  3.8542  4.3085  0.5270  4.4120  3.5713  3.4551  3.4765  3.5344
  97  1.068750  3.8552  4.3042  0.5369  4.3867  3.5441  3.4314  3.4547  3.5132
  98  1.072161  3.8562  4.2999  0.5466  4.3620  3.5176  3.4080  3.4331  3.4924
  99  1.075496  3.8572  4.2957  0.5560  4.3379  3.4916  3.3852  3.4120  3.4720
 100  1.078768  3.8581  4.2915  0.5653  4.3141  3.4661  3.3627  3.3913  3.4519
 101  1.081987  3.8590  4.2874  0.5745  4.2906  3.4412  3.3404  3.3705  3.4316
 102  1.085156  3.8600  4.2833  0.5834  4.2674  3.4167  3.3183  3.3500  3.4117
 103  1.088279  3.8609  4.2793  0.5923  4.2446  3.3925  3.2967  3.3298  3.3919
 104  1.091362  3.8618  4.2753  0.6010  4.2221  3.3687  3.2753  3.3098  3.3724
 105  1.094399  3.8626  4.2713  0.6097  4.2000  3.3453  3.2541  3.2902  3.3533
 106  1.097393  3.8634  4.2674  0.6182  4.1780  3.3221  3.2332  3.2707  3.3342
 107  1.100337  3.8643  4.2634  0.6266  4.1563  3.2991  3.2126  3.2514  3.3154
 108  1.103167  3.8651  4.2596  0.6349  4.1353  3.2768  3.1924  3.2328  3.2972
 109  1.105908  3.8659  4.2560  0.6429  4.1148  3.2549  3.1729  3.2146  3.2794
 110  1.108631  3.8668  4.2523  0.6509  4.0942  3.2331  3.1533  3.1964  3.2616
 111  1.111324  3.8676  4.2485  0.6589  4.0737  3.2113  3.1337  3.1782  3.2439
 112  1.113340  3.8682  4.2457  0.6650  4.0583  3.1947  3.1189  3.1645  3.2305
 113  1.115378  3.8689  4.2429  0.6712  4.0425  3.1780  3.1040  3.1507  3.2170
 114  1.117427  3.8695  4.2401  0.6774  4.0267  3.1609  3.0888  3.1367  3.2034
 115  1.119483  3.8702  4.2372  0.6837  4.0105  3.1436  3.0735  3.1225  3.1896
 116  1.121542  3.8708  4.2342  0.6900  3.9943  3.1261  3.0581  3.1085  3.1759
 117  1.123602  3.8715  4.2311  0.6965  3.9781  3.1085  3.0427  3.0943  3.1621
 118  1.125665  3.8721  4.2280  0.7030  3.9616  3.0906  3.0270  3.0799  3.1482
 119  1.127731  3.8728  4.2249  0.7096  3.9449  3.0725  3.0111  3.0653  3.1341
 120  1.129803  3.8734  4.2216  0.7163  3.9281  3.0543  2.9951  3.0506  3.1197
 121  1.131876  3.8740  4.2182  0.7230  3.9112  3.0359  2.9789  3.0357  3.1052
 122  1.133951  3.8747  4.2147  0.7298  3.8940  3.0173  2.9625  3.0206  3.0905
 123  1.136029  3.8753  4.2111  0.7366  3.8768  2.9987  2.9460  3.0053  3.0756
 124  1.138106  3.8759  4.2073  0.7435  3.8594  2.9799  2.9292  2.9898  3.0605
 125  1.140186  3.8764  4.2035  0.7505  3.8418  2.9609  2.9123  2.9741  3.0451
 126  1.142262  3.8770  4.1996  0.7576  3.8242  2.9419  2.8952  2.9582  3.0295
 127  1.144338  3.8775  4.1954  0.7647  3.8064  2.9228  2.8779  2.9421  3.0137
 128  1.146411  3.8781  4.1911  0.7719  3.7885  2.9035  2.8605  2.9257  2.9976
 129  1.148482  3.8785  4.1866  0.7791  3.7704  2.8841  2.8428  2.9091  2.9812
 130  1.150551  3.8790  4.1820  0.7864  3.7523  2.8646  2.8250  2.8922  2.9645
 131  1.152612  3.8794  4.1771  0.7937  3.7339  2.8451  2.8069  2.8751  2.9476
 132  1.154668  3.8798  4.1720  0.8011  3.7155  2.8253  2.7886  2.8576  2.9303
 133  1.156717  3.8801  4.1666  0.8086  3.6969  2.8056  2.7700  2.8399  2.9127
 134  1.158760  3.8804  4.1611  0.8161  3.6783  2.7857  2.7513  2.8218  2.8947
 135  1.160797  3.8807  4.1553  0.8237  3.6594  2.7658  2.7323  2.8035  2.8765
 136  1.162825  3.8809  4.1493  0.8314  3.6405  2.7457  2.7131  2.7849  2.8579
 137  1.164845  3.8811  4.1431  0.8391  3.6215  2.7255  2.6938  2.7660  2.8390
 138  1.166855  3.8812  4.1365  0.8469  3.6024  2.7053  2.6741  2.7468  2.8197
 139  1.168853  3.8814  4.1296  0.8547  3.5833  2.6850  2.6543  2.7272  2.8001
 140  1.170838  3.8814  4.1225  0.8627  3.5640  2.6647  2.6343  2.7074  2.7801
 141  1.172810  3.8813  4.1149  0.8706  3.5446  2.6444  2.6140  2.6871  2.7597
 142  1.174764  3.8811  4.1070  0.8786  3.5253  2.6241  2.5935  2.6665  2.7389
 143  1.176702  3.8809  4.0988  0.8867  3.5059  2.6037  2.5728  2.6457  2.7177
 144  1.178621  3.8806  4.0901  0.8949  3.4866  2.5834  2.5518  2.6243  2.6960
 145  1.180517  3.8802  4.0809  0.9030  3.4672  2.5632  2.5307  2.6026  2.6739
 146  1.182390  3.8796  4.0713  0.9112  3.4479  2.5430  2.5094  2.5805  2.6513
 147  1.184236  3.8790  4.0612  0.9194  3.4288  2.5230  2.4878  2.5581  2.6283
 148  1.186056  3.8782  4.0505  0.9276  3.4097  2.5032  2.4661  2.5353  2.6048
 149  1.187843  3.8773  4.0393  0.9358  3.3910  2.4836  2.4443  2.5121  2.5808
 150  1.189598  3.8762  4.0274  0.9440  3.3724  2.4643  2.4223  2.4885  2.5564
 151  1.191317  3.8749  4.0148  0.9522  3.3541  2.4454  2.4002  2.4644  2.5314
 152  1.192998  3.8735  4.0014  0.9603  3.3363  2.4269  2.3781  2.4400  2.5058
 153  1.194637  3.8718  3.9872  0.9684  3.3189  2.4089  2.3558  2.4151  2.4797
 154  1.196233  3.8699  3.9721  0.9765  3.3019  2.3917  2.3335  2.3898  2.4531
 155  1.197779  3.8677  3.9559  0.9845  3.2853  2.3753  2.3111  2.3637  2.4256
 156  1.199276  3.8652  3.9388  0.9923  3.2694  2.3598  2.2887  2.3373  2.3976
 157  1.200720  3.8624  3.9203  1.0000  3.2543  2.3456  2.2664  2.3102  2.3688
 158  1.202108  3.8593  3.9008  1.0075  3.2403  2.3325  2.2443  2.2828  2.3394
 159  1.203443  3.8558  3.8801  1.0149  3.2280  2.3207  2.2226  2.2553  2.3096
 160  1.204718  3.8520  3.8582  1.0219  3.2173  2.3104  2.2013  2.2277  2.2792
 161  1.205929  3.8477  3.8347  1.0287  3.2089  2.3021  2.1807  2.2000  2.2484
 162  1.206729  3.8445  3.8176  1.0332  3.2042  2.2975  2.1668  2.1808  2.2267
 163  1.207523  3.8410  3.7997  1.0376  3.2003  2.2936  2.1530  2.1614  2.2046
 164  1.208309  3.8374  3.7811  1.0419  3.1976  2.2906  2.1395  2.1418  2.1820
 165  1.209089  3.8335  3.7617  1.0462  3.1963  2.2886  2.1261  2.1222  2.1593
 166  1.209860  3.8293  3.7413  1.0502  3.1966  2.2878  2.1133  2.1026  2.1363
 167  1.210623  3.8248  3.7199  1.0539  3.1995  2.2890  2.1011  2.0831  2.1130
 168  1.211379  3.8200  3.6977  1.0573  3.2052  2.2919  2.0893  2.0636  2.0894
 169  1.212130  3.8149  3.6748  1.0599  3.2156  2.2982  2.0793  2.0450  2.0664
 170  1.212872  3.8094  3.6514  1.0617  3.2308  2.3076  2.0713  2.0282  2.0446
 171  1.213598  3.8037  3.6282  1.0620  3.2527  2.3215  2.0671  2.0146  2.0259
 172  1.214284  3.7979  3.6062  1.0610  3.2806  2.3401  2.0671  2.0054  2.0111
 173  1.214910  3.7923  3.5866  1.0583  3.3125  2.3629  2.0721  2.0013  2.0015
 174  1.215470  3.7871  3.5710  1.0535  3.3470  2.3901  2.0835  2.0044  1.9992
 175  1.215971  3.7822  3.5571  1.0480  3.3853  2.4192  2.0968  2.0098  1.9995
 176  1.216410  3.7779  3.5468  1.0416  3.4266  2.4490  2.1120  2.0182  2.0035
 177  1.216820  3.7740  3.5380  1.0345  3.4733  2.4799  2.1276  2.0273  2.0087
 178  1.217198  3.7702  3.5300  1.0274  3.5215  2.5107  2.1435  2.0371  2.0147
 179  1.217567  3.7666  3.5235  1.0199  3.5696  2.5418  2.1605  2.0486  2.0226
 180  1.217973  3.7631  3.5178  1.0116  3.6203  2.5748  2.1799  2.0624  2.0328
 181  1.218440  3.7592  3.5092  1.0048  3.6707  2.6059  2.1967  2.0730  2.0393
 182  1.219110  3.7542  3.4955  0.9987  3.7322  2.6404  2.2126  2.0809  2.0415
 183  1.219793  3.7497  3.4798  0.9964  3.7825  2.6640  2.2195  2.0806  2.0361
 184  1.220493  3.7457  3.4617  0.9989  3.8173  2.6736  2.2144  2.0692  2.0203
 185  1.221198  3.7427  3.4426  1.0064  3.8314  2.6674  2.1972  2.0472  1.9948
 186  1.221881  3.7399  3.4226  1.0156  3.8395  2.6561  2.1756  2.0213  1.9655
 187  1.222540  3.7379  3.4023  1.0278  3.8333  2.6347  2.1464  1.9887  1.9305
 188  1.223176  3.7363  3.3823  1.0416  3.8177  2.6072  2.1130  1.9527  1.8926
 189  1.223799  3.7349  3.3622  1.0561  3.7986  2.5773  2.0778  1.9153  1.8534
 190  1.224412  3.7336  3.3425  1.0711  3.7763  2.5455  2.0415  1.8770  1.8135
 191  1.225019  3.7325  3.3227  1.0865  3.7521  2.5123  2.0040  1.8377  1.7727
 192  1.225622  3.7314  3.3031  1.1022  3.7256  2.4777  1.9657  1.7976  1.7315
 193  1.226219  3.7306  3.2839  1.1181  3.6970  2.4419  1.9267  1.7572  1.6900
 194  1.226813  3.7298  3.2648  1.1344  3.6662  2.4050  1.8871  1.7164  1.6482
 195  1.227407  3.7289  3.2453  1.1506  3.6366  2.3684  1.8474  1.6752  1.6059
 196  1.227997  3.7281  3.2259  1.1671  3.6057  2.3310  1.8071  1.6337  1.5633
 197  1.228584  3.7275  3.2067  1.1837  3.5725  2.2925  1.7662  1.5917  1.5204
 198  1.229167  3.7268  3.1873  1.2007  3.5389  2.2534  1.7246  1.5490  1.4769
 199  1.229725  3.7262  3.1676  1.2183  3.5019  2.2120  1.6812  1.5047  1.4318
 200  1.230273  3.7255  3.1467  1.2364  3.4655  2.1700  1.6367  1.4590  1.3852
 201  1.230801  3.7248  3.1255  1.2552  3.4270  2.1262  1.5906  1.4118  1.3372
 202  1.231313  3.7241  3.1037  1.2745  3.3879  2.0815  1.5434  1.3635  1.2879
 203  1.231815  3.7235  3.0817  1.2940  3.3473  2.0358  1.4954  1.3144  1.2379
 204  1.232298  3.7228  3.0589  1.3141  3.3065  1.9893  1.4462  1.2640  1.1866
 205  1.232771  3.7220  3.0360  1.3344  3.2649  1.9420  1.3965  1.2131  1.1347
 206  1.233233  3.7213  3.0128  1.3550  3.2226  1.8941  1.3459  1.1613  1.0820
 207  1.233679  3.7206  2.9889  1.3760  3.1800  1.8455  1.2946  1.1087  1.0283
 208  1.234113  3.7198  2.9646  1.3972  3.1378  1.7967  1.2426  1.0553  0.9739
 209  1.234538  3.7190  2.9402  1.4186  3.0950  1.7473  1.1901  1.0015  0.9189
 210  1.234946  3.7181  2.9151  1.4403  3.0524  1.6975  1.1370  0.9467  0.8630
 211  1.235343  3.7174  2.8904  1.4623  3.0073  1.6464  1.0830  0.8915  0.8069
 212  1.235729  3.7163  2.8641  1.4845  2.9665  1.5967  1.0292  0.8357  0.7495
 213  1.236102  3.7153  2.8380  1.5069  2.9221  1.5457  0.9746  0.7795  0.6920
 214  1.236464  3.7144  2.8116  1.5295  2.8775  1.4944  0.9197  0.7229  0.6339
 215  1.236814  3.7134  2.7851  1.5523  2.8328  1.4429  0.8644  0.6657  0.5755
 216  1.237151  3.7125  2.7582  1.5753  2.7882  1.3912  0.8087  0.6084  0.5165
 217  1.237214  3.7123  2.7529  1.5798  2.7796  1.3811  0.7980  0.5972  0.5051
 218  1.237278  3.7121  2.7478  1.5842  2.7709  1.3712  0.7872  0.5861  0.4937
 219  1.237340  3.7119  2.7425  1.5886  2.7624  1.3612  0.7766  0.5750  0.4824
 220  1.237403  3.7117  2.7373  1.5930  2.7537  1.3511  0.7657  0.5639  0.4709
 221  1.237464  3.7115  2.7320  1.5976  2.7450  1.3410  0.7547  0.5525  0.4594
 222  1.237527  3.7113  2.7267  1.6021  2.7364  1.3309  0.7439  0.5412  0.4477
 223  1.237589  3.7110  2.7214  1.6066  2.7278  1.3208  0.7330  0.5300  0.4362
 224  1.237650  3.7108  2.7160  1.6112  2.7192  1.3107  0.7221  0.5186  0.4245
 225  1.237712  3.7106  2.7106  1.6157  2.7105  1.3005  0.7110  0.5073  0.4129
 226  1.237773  3.7104  2.7053  1.6203  2.7018  1.2902  0.6999  0.4958  0.4011
 227  1.238325  3.7084  2.6543  1.6635  2.6199  1.1938  0.5957  0.3879  0.2902
 228  1.238861  3.7062  2.6004  1.7090  2.5355  1.0929  0.4862  0.2745  0.1736
 229  1.239332  3.7041  2.5488  1.7522  2.4574  0.9977  0.3826  0.1669  0.0629
 230  1.239781  3.7019  2.4954  1.7968  2.3790  0.9001  0.2758  0.0558 -0.0515
 231  1.240181  3.6995  2.4435  1.8396  2.3080  0.8079  0.1743 -0.0502 -0.1610
 232  1.240539  3.6972  2.3931  1.8808  2.2482  0.7200  0.0761 -0.1527 -0.2668
 233  1.240889  3.6947  2.3399  1.9241  2.1895  0.6284 -0.0269 -0.2604 -0.3780
 234  1.241198  3.6923  2.2888  1.9655  2.1372  0.5416 -0.1253 -0.3637 -0.4847
 235  1.241486  3.6899  2.2393  2.0055  2.0891  0.4583 -0.2202 -0.4634 -0.5877
 236  1.241744  3.6876  2.1928  2.0430  2.0463  0.3812 -0.3087 -0.5566 -0.6840
 237  1.241992  3.6854  2.1489  2.0784  2.0071  0.3087 -0.3922 -0.6446 -0.7750
 238  1.242225  3.6839  2.1169  2.1043  1.9775  0.2554 -0.4533 -0.7089 -0.8415
 239  1.242450  3.6843  2.1224  2.1006  1.9774  0.2616 -0.4450 -0.6997 -0.8319
 240  1.242699  3.6880  2.1880  2.0497  2.0204  0.3614 -0.3265 -0.5737 -0.7007
 241  1.242999  3.6853  2.1340  2.0931  1.9735  0.2729 -0.4287 -0.6815 -0.8122
 242  1.243272  3.6822  2.0724  2.1424  1.9219  0.1730 -0.5446 -0.8039 -0.9390
 243  1.243515  3.6793  2.0137  2.1894  1.8702  0.0785 -0.6542 -0.9198 -1.0594
 244  1.243735  3.6764  1.9566  2.2348  1.8230 -0.0110 -0.7587 -1.0308 -1.1749
 245  1.243930  3.6735  1.9022  2.2779  1.7804 -0.0951 -0.8576 -1.1360 -1.2846
 246  1.244111  3.6707  1.8493  2.3197  1.7421 -0.1753 -0.9525 -1.2373 -1.3904
 247  1.244275  3.6680  1.7973  2.3606  1.7067 -0.2534 -1.0454 -1.3365 -1.4942
 248  1.244425  3.6652  1.7451  2.4018  1.6735 -0.3307 -1.1379 -1.4357 -1.5981
 249  1.244561  3.6624  1.6941  2.4419  1.6442 -0.4051 -1.2277 -1.5321 -1.6991
 250  1.244686  3.6597  1.6442  2.4811  1.6179 -0.4771 -1.3150 -1.6258 -1.7976
 251  1.244800  3.6571  1.5949  2.5197  1.5944 -0.5471 -1.4005 -1.7180 -1.8945
 252  1.244904  3.6545  1.5472  2.5570  1.5739 -0.6140 -1.4825 -1.8067 -1.9878
 253  1.245000  3.6519  1.4999  2.5939  1.5560 -0.6791 -1.5632 -1.8940 -2.0798
 254  1.245088  3.6492  1.4537  2.6296  1.5431 -0.7404 -1.6402 -1.9780 -2.1686
 255  1.245169  3.6466  1.4080  2.6647  1.5332 -0.7994 -1.7155 -2.0603 -2.2558
 256  1.245245  3.6439  1.3633  2.6990  1.5262 -0.8559 -1.7882 -2.1400 -2.3405
 257  1.245315  3.6413  1.3193  2.7326  1.5218 -0.9102 -1.8593 -2.2183 -2.4235
 258  1.245379  3.6387  1.2764  2.7653  1.5199 -0.9621 -1.9279 -2.2940 -2.5041
 259  1.245439  3.6362  1.2341  2.7973  1.5204 -1.0119 -1.9947 -2.3680 -2.5829
 260  1.245495  3.6337  1.1927  2.8288  1.5229 -1.0597 -2.0594 -2.4401 -2.6600
 261  1.245546  3.6312  1.1522  2.8593  1.5275 -1.1051 -2.1218 -2.5099 -2.7347
 262  1.245596  3.6288  1.1126  2.8894  1.5337 -1.1487 -2.1824 -2.5779 -2.8077
 263  1.245641  3.6264  1.0734  2.9189  1.5416 -1.1907 -2.2417 -2.6448 -2.8796
 264  1.245683  3.6240  1.0356  2.9474  1.5511 -1.2303 -2.2981 -2.7089 -2.9488
 265  1.245723  3.6217  0.9982  2.9755  1.5631 -1.2681 -2.3535 -2.7717 -3.0166
 266  1.245760  3.6194  0.9613  3.0031  1.5784 -1.3032 -2.4067 -2.8327 -3.0827
 267  1.245795  3.6170  0.9248  3.0302  1.5949 -1.3370 -2.4588 -2.8927 -3.1479
 268  1.245827  3.6148  0.8893  3.0568  1.6123 -1.3689 -2.5087 -2.9505 -3.2111
 269  1.245858  3.6126  0.8544  3.0827  1.6304 -1.3995 -2.5572 -3.0071 -3.2731
 270  1.245888  3.6104  0.8202  3.1081  1.6485 -1.4288 -2.6040 -3.0622 -3.3335
 271  1.245915  3.6083  0.7869  3.1329  1.6673 -1.4565 -2.6492 -3.1156 -3.3924
 272  1.245941  3.6062  0.7543  3.1570  1.6865 -1.4828 -2.6927 -3.1675 -3.4498
 273  1.245966  3.6041  0.7221  3.1810  1.7058 -1.5079 -2.7350 -3.2184 -3.5064
 274  1.245990  3.6020  0.6907  3.2042  1.7260 -1.5315 -2.7759 -3.2677 -3.5613
 275  1.246012  3.6001  0.6601  3.2269  1.7463 -1.5541 -2.8159 -3.3158 -3.6147
 276  1.246033  3.5981  0.6302  3.2490  1.7663 -1.5755 -2.8543 -3.3624 -3.6669
 277  1.246053  3.5963  0.6013  3.2704  1.7870 -1.5950 -2.8906 -3.4070 -3.7171
 278  1.246072  3.5944  0.5735  3.2910  1.8069 -1.6131 -2.9248 -3.4496 -3.7653
