#NUMBER OF AGES= 1
#----------------------------------------------------       
#MIX-LEN  Y      Z          Zeff        [Fe/H] [a/Fe]
# 1.9380  0.2488 2.3381E-03 1.7027E-03  -1.00   0.20 
#----------------------------------------------------       
#**PHOTOMETRIC SYSTEM**: SDSS (AB)                          
#----------------------------------------------------       
#AGE= 3.500 EEPS=273
#EEP   M/Mo    LogTeff  LogG   LogL/Lo sdss_u  sdss_g  sdss_r  sdss_i  sdss_z
   7  0.110718  3.5218  5.3149 -2.7920 17.8694 14.4328 12.7947 11.8086 11.2550
   8  0.123496  3.5246  5.2590 -2.6776 17.4516 14.0908 12.4681 11.5122 10.9705
   9  0.140196  3.5282  5.1994 -2.5486 16.9764 13.6997 12.0956 11.1758 10.6495
  10  0.166376  3.5356  5.1415 -2.3871 16.3316 13.1740 11.6005 10.7439 10.2481
  11  0.201766  3.5465  5.0973 -2.2151 15.6051 12.5806 11.0489 10.2743  9.8223
  12  0.233523  3.5540  5.0625 -2.0870 15.1021 12.1567 10.6545  9.9295  9.5059
  13  0.257600  3.5587  5.0389 -2.0021 14.7818 11.8816 10.3984  9.7026  9.2964
  14  0.279226  3.5623  5.0204 -1.9341 14.5333 11.6653 10.1970  9.5224  9.1292
  15  0.294636  3.5647  5.0060 -1.8867 14.3624 11.5156 10.0576  9.3970  9.0124
  16  0.304266  3.5662  4.9953 -1.8560 14.2539 11.4199  9.9684  9.3163  8.9369
  17  0.310792  3.5671  4.9872 -1.8348 14.1806 11.3548  9.9075  9.2607  8.8849
  18  0.315642  3.5678  4.9808 -1.8188 14.1260 11.3060  9.8619  9.2190  8.8455
  19  0.319443  3.5684  4.9753 -1.8060 14.0829 11.2674  9.8258  9.1858  8.8141
  20  0.322726  3.5688  4.9707 -1.7951 14.0456 11.2342  9.7947  9.1572  8.7873
  21  0.326036  3.5693  4.9664 -1.7844 14.0093 11.2016  9.7643  9.1295  8.7611
  22  0.330103  3.5699  4.9619 -1.7723 13.9673 11.1641  9.7294  9.0976  8.7312
  23  0.336159  3.5708  4.9565 -1.7554 13.9083 11.1115  9.6806  9.0534  8.6899
  24  0.346689  3.5724  4.9481 -1.7272 13.8071 11.0223  9.5983  8.9792  8.6211
  25  0.409971  3.5861  4.8852 -1.5371 13.0823 10.3906  9.0287  8.4744  8.1591
  26  0.425352  3.5900  4.8661 -1.4857 12.8806 10.2168  8.8760  8.3388  8.0345
  27  0.437899  3.5937  4.8498 -1.4421 12.7066 10.0672  8.7455  8.2235  7.9290
  28  0.452849  3.5985  4.8309 -1.3894 12.4920  9.8833  8.5875  8.0841  7.8019
  29  0.470819  3.6050  4.8085 -1.3241 12.2199  9.6503  8.3909  7.9116  7.6446
  30  0.487171  3.6118  4.7890 -1.2630 11.9597  9.4269  8.2068  7.7505  7.4979
  31  0.500142  3.6175  4.7750 -1.2145 11.7485  9.2456  8.0603  7.6229  7.3822
  32  0.509544  3.6220  4.7659 -1.1792 11.5911  9.1105  7.9532  7.5301  7.2982
  33  0.516887  3.6258  4.7592 -1.1513 11.4651  9.0012  7.8673  7.4566  7.2320
  34  0.523295  3.6292  4.7536 -1.1265 11.3526  8.9033  7.7909  7.3915  7.1738
  35  0.529880  3.6329  4.7483 -1.1011 11.2344  8.8011  7.7120  7.3246  7.1142
  36  0.537971  3.6375  4.7426 -1.0706 11.0877  8.6760  7.6163  7.2438  7.0424
  37  0.549161  3.6439  4.7358 -1.0288 10.8791  8.5031  7.4857  7.1338  6.9447
  38  0.564187  3.6533  4.7284 -0.9724 10.5652  8.2625  7.3080  6.9842  6.8123
  39  0.582052  3.6652  4.7219 -0.9050 10.1549  7.9716  7.0966  6.8051  6.6536
  40  0.602036  3.6781  4.7148 -0.8315  9.6888  7.6658  6.8731  6.6109  6.4792
  41  0.623546  3.6913  4.7065 -0.7551  9.1775  7.3626  6.6499  6.4140  6.3003
  42  0.646324  3.7047  4.6969 -0.6765  8.7051  7.0718  6.4267  6.2147  6.1189
  43  0.668954  3.7171  4.6861 -0.6007  8.3261  6.8111  6.2165  6.0253  5.9462
  44  0.691555  3.7289  4.6740 -0.5270  7.9437  6.5672  6.0199  5.8471  5.7823
  45  0.714331  3.7400  4.6600 -0.4549  7.5926  6.3371  5.8331  5.6769  5.6250
  46  0.735801  3.7496  4.6452 -0.3883  7.2939  6.1317  5.6648  5.5233  5.4824
  47  0.755616  3.7580  4.6295 -0.3279  7.0425  5.9506  5.5146  5.3853  5.3535
  48  0.773098  3.7648  4.6140 -0.2753  6.8336  5.7961  5.3853  5.2660  5.2415
  49  0.787423  3.7702  4.6009 -0.2327  6.6690  5.6737  5.2829  5.1711  5.1520
  50  0.799332  3.7744  4.5898 -0.1979  6.5389  5.5746  5.1996  5.0939  5.0791
  51  0.809869  3.7782  4.5802 -0.1678  6.4295  5.4891  5.1276  5.0272  5.0162
  52  0.816764  3.7805  4.5739 -0.1485  6.3625  5.4338  5.0806  4.9839  4.9753
  53  0.823593  3.7828  4.5677 -0.1294  6.2981  5.3794  5.0343  4.9412  4.9351
  54  0.830312  3.7851  4.5616 -0.1107  6.2359  5.3261  4.9888  4.8994  4.8956
  55  0.836906  3.7873  4.5556 -0.0923  6.1758  5.2739  4.9442  4.8584  4.8570
  56  0.843349  3.7895  4.5495 -0.0743  6.1176  5.2229  4.9006  4.8182  4.8190
  57  0.849627  3.7916  4.5435 -0.0566  6.0610  5.1728  4.8577  4.7787  4.7818
  58  0.855766  3.7937  4.5375 -0.0393  6.0053  5.1239  4.8158  4.7400  4.7452
  59  0.861778  3.7957  4.5316 -0.0221  5.9503  5.0760  4.7747  4.7020  4.7092
  60  0.867684  3.7977  4.5257 -0.0052  5.8965  5.0290  4.7343  4.6646  4.6738
  61  0.873498  3.7997  4.5198  0.0115  5.8440  4.9828  4.6946  4.6277  4.6388
  62  0.879241  3.8016  4.5139  0.0279  5.7927  4.9373  4.6553  4.5913  4.6042
  63  0.884915  3.8035  4.5079  0.0442  5.7427  4.8924  4.6165  4.5552  4.5698
  64  0.890542  3.8053  4.5018  0.0603  5.6936  4.8483  4.5781  4.5195  4.5358
  65  0.896128  3.8070  4.4955  0.0763  5.6459  4.8047  4.5400  4.4839  4.5018
  66  0.901683  3.8087  4.4890  0.0920  5.5994  4.7615  4.5021  4.4487  4.4680
  67  0.907209  3.8103  4.4825  0.1077  5.5537  4.7187  4.4645  4.4134  4.4343
  68  0.912698  3.8118  4.4758  0.1232  5.5087  4.6764  4.4271  4.3783  4.4007
  69  0.918138  3.8133  4.4690  0.1386  5.4647  4.6345  4.3900  4.3435  4.3673
  70  0.923540  3.8148  4.4621  0.1539  5.4212  4.5930  4.3531  4.3090  4.3340
  71  0.928884  3.8162  4.4553  0.1690  5.3785  4.5519  4.3166  4.2747  4.3011
  72  0.934166  3.8176  4.4484  0.1840  5.3366  4.5114  4.2806  4.2410  4.2686
  73  0.939373  3.8190  4.4417  0.1987  5.2956  4.4716  4.2452  4.2077  4.2366
  74  0.944501  3.8204  4.4351  0.2131  5.2553  4.4323  4.2103  4.1751  4.2052
  75  0.949535  3.8217  4.4287  0.2273  5.2159  4.3938  4.1761  4.1430  4.1743
  76  0.954436  3.8232  4.4225  0.2411  5.1778  4.3564  4.1428  4.1119  4.1443
  77  0.959200  3.8244  4.4164  0.2544  5.1408  4.3201  4.1104  4.0815  4.1151
  78  0.963860  3.8257  4.4104  0.2676  5.1048  4.2844  4.0788  4.0519  4.0867
  79  0.968431  3.8269  4.4047  0.2804  5.0695  4.2495  4.0477  4.0229  4.0587
  80  0.972927  3.8281  4.3990  0.2931  5.0351  4.2152  4.0172  3.9943  4.0312
  81  0.977370  3.8293  4.3933  0.3055  5.0013  4.1814  3.9871  3.9662  4.0040
  82  0.982093  3.8306  4.3874  0.3188  4.9654  4.1454  3.9551  3.9363  3.9754
  83  0.986820  3.8319  4.3816  0.3319  4.9295  4.1094  3.9231  3.9065  3.9466
  84  0.991554  3.8332  4.3757  0.3452  4.8939  4.0734  3.8911  3.8766  3.9179
  85  0.996291  3.8347  4.3699  0.3584  4.8581  4.0374  3.8591  3.8468  3.8892
  86  1.001030  3.8360  4.3641  0.3716  4.8226  4.0013  3.8272  3.8170  3.8605
  87  1.005785  3.8374  4.3584  0.3849  4.7870  3.9651  3.7951  3.7872  3.8319
  88  1.010528  3.8387  4.3528  0.3980  4.7517  3.9291  3.7632  3.7576  3.8034
  89  1.015220  3.8401  4.3472  0.4111  4.7168  3.8933  3.7317  3.7283  3.7752
  90  1.019837  3.8414  4.3417  0.4240  4.6825  3.8581  3.7005  3.6995  3.7475
  91  1.024357  3.8427  4.3363  0.4366  4.6491  3.8234  3.6701  3.6713  3.7203
  92  1.028769  3.8440  4.3310  0.4490  4.6166  3.7895  3.6402  3.6437  3.6937
  93  1.033054  3.8454  4.3258  0.4611  4.5849  3.7564  3.6111  3.6168  3.6678
  94  1.037215  3.8466  4.3207  0.4728  4.5542  3.7240  3.5829  3.5907  3.6427
  95  1.041242  3.8478  4.3157  0.4843  4.5246  3.6925  3.5554  3.5654  3.6183
  96  1.045135  3.8489  4.3108  0.4954  4.4960  3.6618  3.5286  3.5408  3.5945
  97  1.048897  3.8500  4.3060  0.5062  4.4682  3.6320  3.5027  3.5168  3.5714
  98  1.052534  3.8511  4.3013  0.5168  4.4412  3.6031  3.4773  3.4934  3.5488
  99  1.056056  3.8522  4.2966  0.5270  4.4150  3.5750  3.4527  3.4706  3.5268
 100  1.059477  3.8531  4.2919  0.5370  4.3895  3.5476  3.4285  3.4483  3.5052
 101  1.062808  3.8540  4.2872  0.5468  4.3646  3.5209  3.4050  3.4265  3.4840
 102  1.066055  3.8549  4.2826  0.5563  4.3404  3.4948  3.3819  3.4051  3.4633
 103  1.069227  3.8558  4.2781  0.5656  4.3166  3.4693  3.3593  3.3841  3.4429
 104  1.072328  3.8566  4.2735  0.5748  4.2935  3.4444  3.3370  3.3635  3.4228
 105  1.075359  3.8575  4.2690  0.5837  4.2707  3.4200  3.3153  3.3431  3.4029
 106  1.078324  3.8583  4.2646  0.5926  4.2483  3.3960  3.2937  3.3230  3.3833
 107  1.081221  3.8590  4.2601  0.6012  4.2261  3.3725  3.2724  3.3030  3.3638
 108  1.084051  3.8597  4.2556  0.6098  4.2043  3.3495  3.2515  3.2833  3.3445
 109  1.086814  3.8604  4.2512  0.6182  4.1829  3.3267  3.2307  3.2639  3.3254
 110  1.089506  3.8611  4.2468  0.6265  4.1617  3.3044  3.2104  3.2448  3.3067
 111  1.092138  3.8619  4.2425  0.6346  4.1408  3.2822  3.1902  3.2258  3.2881
 112  1.093999  3.8625  4.2394  0.6405  4.1259  3.2664  3.1759  3.2123  3.2749
 113  1.095875  3.8630  4.2364  0.6465  4.1107  3.2503  3.1613  3.1987  3.2615
 114  1.097766  3.8635  4.2334  0.6525  4.0953  3.2339  3.1465  3.1848  3.2479
 115  1.099670  3.8641  4.2302  0.6587  4.0797  3.2173  3.1314  3.1707  3.2341
 116  1.101585  3.8647  4.2269  0.6648  4.0638  3.2005  3.1161  3.1564  3.2202
 117  1.103503  3.8652  4.2237  0.6712  4.0479  3.1835  3.1007  3.1421  3.2060
 118  1.105425  3.8658  4.2203  0.6775  4.0318  3.1663  3.0852  3.1275  3.1918
 119  1.107351  3.8663  4.2170  0.6840  4.0155  3.1489  3.0695  3.1128  3.1773
 120  1.109283  3.8669  4.2134  0.6904  3.9991  3.1314  3.0536  3.0979  3.1627
 121  1.111222  3.8675  4.2099  0.6969  3.9824  3.1137  3.0376  3.0828  3.1479
 122  1.113165  3.8680  4.2062  0.7036  3.9657  3.0958  3.0212  3.0675  3.1329
 123  1.115113  3.8685  4.2024  0.7103  3.9487  3.0776  3.0047  3.0521  3.1177
 124  1.117066  3.8691  4.1985  0.7171  3.9316  3.0593  2.9880  3.0364  3.1023
 125  1.119023  3.8696  4.1945  0.7239  3.9143  3.0408  2.9712  3.0205  3.0867
 126  1.120980  3.8701  4.1903  0.7309  3.8968  3.0222  2.9542  3.0045  3.0709
 127  1.122940  3.8706  4.1860  0.7379  3.8792  3.0033  2.9370  2.9883  3.0550
 128  1.124898  3.8711  4.1817  0.7450  3.8616  2.9842  2.9197  2.9721  3.0389
 129  1.126855  3.8715  4.1771  0.7521  3.8438  2.9651  2.9021  2.9555  3.0226
 130  1.128808  3.8719  4.1723  0.7593  3.8258  2.9458  2.8844  2.9387  3.0060
 131  1.130755  3.8723  4.1674  0.7666  3.8078  2.9264  2.8665  2.9217  2.9892
 132  1.132695  3.8727  4.1622  0.7739  3.7897  2.9070  2.8484  2.9044  2.9721
 133  1.134629  3.8730  4.1568  0.7813  3.7714  2.8875  2.8301  2.8868  2.9546
 134  1.136553  3.8732  4.1511  0.7887  3.7531  2.8679  2.8115  2.8689  2.9369
 135  1.138470  3.8735  4.1453  0.7962  3.7347  2.8482  2.7929  2.8507  2.9188
 136  1.140378  3.8736  4.1392  0.8039  3.7162  2.8285  2.7740  2.8324  2.9005
 137  1.142275  3.8738  4.1328  0.8115  3.6975  2.8087  2.7550  2.8137  2.8819
 138  1.144161  3.8738  4.1261  0.8191  3.6789  2.7889  2.7356  2.7948  2.8629
 139  1.146034  3.8738  4.1192  0.8268  3.6602  2.7691  2.7161  2.7755  2.8434
 140  1.147895  3.8738  4.1119  0.8346  3.6415  2.7492  2.6965  2.7560  2.8237
 141  1.149741  3.8736  4.1043  0.8424  3.6227  2.7294  2.6766  2.7360  2.8036
 142  1.151570  3.8734  4.0963  0.8502  3.6039  2.7096  2.6564  2.7158  2.7832
 143  1.153383  3.8732  4.0879  0.8581  3.5851  2.6897  2.6362  2.6952  2.7622
 144  1.155178  3.8728  4.0792  0.8660  3.5664  2.6700  2.6157  2.6743  2.7409
 145  1.156954  3.8723  4.0699  0.8740  3.5476  2.6502  2.5951  2.6529  2.7192
 146  1.158708  3.8717  4.0603  0.8821  3.5290  2.6307  2.5741  2.6313  2.6971
 147  1.160437  3.8710  4.0501  0.8901  3.5104  2.6113  2.5531  2.6093  2.6745
 148  1.162143  3.8702  4.0394  0.8982  3.4920  2.5919  2.5319  2.5870  2.6514
 149  1.163823  3.8692  4.0279  0.9063  3.4737  2.5729  2.5105  2.5641  2.6279
 150  1.165473  3.8681  4.0160  0.9143  3.4554  2.5541  2.4889  2.5409  2.6039
 151  1.167092  3.8668  4.0034  0.9224  3.4375  2.5357  2.4672  2.5172  2.5793
 152  1.168679  3.8653  3.9900  0.9305  3.4197  2.5177  2.4452  2.4928  2.5540
 153  1.170230  3.8637  3.9759  0.9385  3.4023  2.5002  2.4232  2.4681  2.5282
 154  1.171743  3.8617  3.9608  0.9465  3.3853  2.4834  2.4010  2.4428  2.5016
 155  1.173214  3.8596  3.9447  0.9545  3.3690  2.4674  2.3788  2.4171  2.4745
 156  1.174641  3.8571  3.9277  0.9623  3.3536  2.4521  2.3567  2.3909  2.4466
 157  1.176022  3.8544  3.9095  0.9700  3.3394  2.4380  2.3347  2.3645  2.4182
 158  1.177353  3.8514  3.8903  0.9775  3.3264  2.4248  2.3130  2.3377  2.3892
 159  1.178640  3.8480  3.8699  0.9849  3.3146  2.4129  2.2915  2.3107  2.3597
 160  1.179876  3.8443  3.8485  0.9921  3.3044  2.4024  2.2704  2.2836  2.3298
 161  1.181057  3.8403  3.8257  0.9991  3.2960  2.3934  2.2499  2.2564  2.2993
 162  1.181847  3.8372  3.8090  1.0037  3.2912  2.3883  2.2358  2.2374  2.2779
 163  1.182632  3.8339  3.7916  1.0083  3.2877  2.3840  2.2220  2.2183  2.2560
 164  1.183415  3.8304  3.7733  1.0127  3.2853  2.3805  2.2084  2.1989  2.2337
 165  1.184194  3.8266  3.7542  1.0170  3.2845  2.3783  2.1950  2.1794  2.2110
 166  1.184969  3.8225  3.7341  1.0211  3.2859  2.3775  2.1819  2.1598  2.1880
 167  1.185740  3.8181  3.7129  1.0248  3.2906  2.3791  2.1696  2.1402  2.1645
 168  1.186509  3.8133  3.6909  1.0281  3.2986  2.3827  2.1581  2.1208  2.1409
 169  1.187273  3.8081  3.6681  1.0304  3.3123  2.3902  2.1491  2.1033  2.1188
 170  1.188024  3.8025  3.6448  1.0316  3.3320  2.4017  2.1430  2.0883  2.0986
 171  1.188749  3.7967  3.6224  1.0310  3.3591  2.4190  2.1418  2.0780  2.0828
 172  1.189418  3.7909  3.6020  1.0286  3.3911  2.4416  2.1464  2.0733  2.0722
 173  1.190006  3.7855  3.5847  1.0243  3.4270  2.4690  2.1567  2.0748  2.0681
 174  1.190518  3.7807  3.5719  1.0180  3.4681  2.4999  2.1718  2.0823  2.0704
 175  1.190969  3.7760  3.5599  1.0117  3.5147  2.5307  2.1859  2.0890  2.0724
 176  1.191370  3.7722  3.5522  1.0041  3.5630  2.5625  2.2028  2.0997  2.0793
 177  1.191765  3.7682  3.5435  0.9967  3.6145  2.5946  2.2191  2.1095  2.0851
 178  1.192144  3.7644  3.5365  0.9890  3.6655  2.6267  2.2365  2.1210  2.0930
 179  1.192555  3.7607  3.5291  0.9813  3.7170  2.6594  2.2552  2.1338  2.1017
 180  1.193052  3.7567  3.5205  0.9739  3.7718  2.6931  2.2739  2.1460  2.1094
 181  1.193649  3.7522  3.5076  0.9695  3.8242  2.7209  2.2857  2.1508  2.1094
 182  1.194345  3.7480  3.4903  0.9699  3.8668  2.7373  2.2861  2.1444  2.0980
 183  1.195031  3.7443  3.4715  0.9744  3.8944  2.7409  2.2762  2.1288  2.0782
 184  1.195692  3.7414  3.4512  0.9835  3.9035  2.7301  2.2548  2.1027  2.0488
 185  1.196321  3.7394  3.4311  0.9956  3.8969  2.7089  2.2259  2.0706  2.0143
 186  1.196932  3.7373  3.4108  1.0081  3.8889  2.6863  2.1959  2.0373  1.9786
 187  1.197531  3.7357  3.3905  1.0218  3.8745  2.6593  2.1626  2.0015  1.9406
 188  1.198116  3.7344  3.3709  1.0365  3.8533  2.6284  2.1270  1.9637  1.9014
 189  1.198693  3.7332  3.3516  1.0514  3.8302  2.5964  2.0908  1.9257  1.8619
 190  1.199264  3.7323  3.3326  1.0668  3.8034  2.5622  2.0533  1.8866  1.8216
 191  1.199833  3.7312  3.3131  1.0822  3.7786  2.5287  2.0156  1.8473  1.7809
 192  1.200398  3.7302  3.2937  1.0979  3.7518  2.4940  1.9774  1.8075  1.7399
 193  1.200958  3.7295  3.2747  1.1139  3.7219  2.4577  1.9383  1.7670  1.6985
 194  1.201516  3.7287  3.2558  1.1300  3.6912  2.4210  1.8989  1.7263  1.6568
 195  1.202070  3.7280  3.2368  1.1463  3.6597  2.3837  1.8590  1.6853  1.6148
 196  1.202622  3.7273  3.2177  1.1628  3.6274  2.3458  1.8186  1.6438  1.5724
 197  1.203171  3.7267  3.1988  1.1793  3.5940  2.3073  1.7778  1.6020  1.5297
 198  1.203712  3.7260  3.1793  1.1964  3.5602  2.2681  1.7362  1.5593  1.4862
 199  1.204227  3.7256  3.1599  1.2142  3.5207  2.2254  1.6920  1.5144  1.4408
 200  1.204736  3.7248  3.1387  1.2324  3.4854  2.1837  1.6475  1.4686  1.3939
 201  1.205223  3.7241  3.1173  1.2513  3.4464  2.1396  1.6011  1.4210  1.3454
 202  1.205694  3.7234  3.0954  1.2708  3.4065  2.0944  1.5535  1.3724  1.2960
 203  1.206154  3.7227  3.0731  1.2905  3.3659  2.0484  1.5051  1.3228  1.2455
 204  1.206601  3.7221  3.0505  1.3106  3.3245  2.0015  1.4559  1.2725  1.1941
 205  1.207039  3.7214  3.0276  1.3309  3.2825  1.9541  1.4059  1.2213  1.1420
 206  1.207460  3.7207  3.0041  1.3517  3.2399  1.9059  1.3550  1.1692  1.0890
 207  1.207872  3.7199  2.9802  1.3727  3.1976  1.8573  1.3036  1.1165  1.0351
 208  1.208272  3.7191  2.9559  1.3940  3.1551  1.8082  1.2515  1.0630  0.9806
 209  1.208660  3.7182  2.9311  1.4155  3.1125  1.7588  1.1988  1.0088  0.9253
 210  1.209037  3.7174  2.9060  1.4373  3.0698  1.7090  1.1456  0.9541  0.8694
 211  1.209404  3.7165  2.8808  1.4592  3.0264  1.6585  1.0918  0.8989  0.8131
 212  1.209757  3.7156  2.8549  1.4815  2.9828  1.6081  1.0377  0.8431  0.7559
 213  1.210100  3.7146  2.8288  1.5039  2.9385  1.5571  0.9832  0.7869  0.6984
 214  1.210431  3.7136  2.8023  1.5266  2.8940  1.5059  0.9283  0.7302  0.6402
 215  1.210753  3.7127  2.7758  1.5494  2.8494  1.4544  0.8730  0.6731  0.5818
 216  1.211062  3.7117  2.7489  1.5723  2.8049  1.4028  0.8175  0.6158  0.5229
 217  1.211122  3.7115  2.7435  1.5769  2.7960  1.3925  0.8064  0.6043  0.5111
 218  1.211181  3.7113  2.7381  1.5815  2.7871  1.3820  0.7952  0.5927  0.4993
 219  1.211241  3.7111  2.7328  1.5861  2.7783  1.3717  0.7841  0.5813  0.4875
 220  1.211301  3.7109  2.7274  1.5907  2.7693  1.3615  0.7730  0.5698  0.4758
 221  1.211360  3.7107  2.7219  1.5954  2.7604  1.3510  0.7618  0.5581  0.4638
 222  1.211418  3.7105  2.7164  1.6000  2.7515  1.3406  0.7505  0.5465  0.4518
 223  1.211476  3.7103  2.7108  1.6047  2.7427  1.3301  0.7392  0.5348  0.4399
 224  1.211534  3.7100  2.7054  1.6094  2.7337  1.3196  0.7278  0.5230  0.4278
 225  1.211593  3.7098  2.6998  1.6141  2.7248  1.3092  0.7165  0.5114  0.4157
 226  1.211650  3.7096  2.6942  1.6189  2.7158  1.2986  0.7051  0.4995  0.4036
 227  1.212146  3.7076  2.6441  1.6613  2.6356  1.2038  0.6027  0.3935  0.2947
 228  1.212645  3.7054  2.5891  1.7076  2.5505  1.1014  0.4915  0.2781  0.1761
 229  1.213069  3.7033  2.5384  1.7501  2.4739  1.0078  0.3894  0.1722  0.0670
 230  1.213474  3.7011  2.4857  1.7940  2.3977  0.9120  0.2846  0.0632 -0.0453
 231  1.213846  3.6987  2.4328  1.8376  2.3281  0.8184  0.1809 -0.0450 -0.1570
 232  1.214179  3.6963  2.3817  1.8792  2.2689  0.7294  0.0816 -0.1488 -0.2641
 233  1.214493  3.6939  2.3294  1.9219  2.2122  0.6395 -0.0196 -0.2548 -0.3735
 234  1.214781  3.6914  2.2777  1.9636  2.1600  0.5521 -0.1189 -0.3590 -0.4812
 235  1.215039  3.6890  2.2292  2.0029  2.1135  0.4707 -0.2117 -0.4566 -0.5820
 236  1.215284  3.6867  2.1822  2.0408  2.0708  0.3929 -0.3012 -0.5509 -0.6796
 237  1.215507  3.6847  2.1411  2.0739  2.0342  0.3251 -0.3792 -0.6331 -0.7646
 238  1.215723  3.6836  2.1164  2.0941  2.0097  0.2831 -0.4272 -0.6834 -0.8165
 239  1.215935  3.6852  2.1450  2.0722  2.0266  0.3255 -0.3765 -0.6292 -0.7600
 240  1.216186  3.6873  2.1791  2.0461  2.0456  0.3755 -0.3160 -0.5647 -0.6927
 241  1.216459  3.6842  2.1175  2.0956  1.9929  0.2750 -0.4324 -0.6875 -0.8198
 242  1.216706  3.6811  2.0565  2.1446  1.9411  0.1762 -0.5471 -0.8087 -0.9454
 243  1.216924  3.6782  1.9986  2.1908  1.8899  0.0834 -0.6546 -0.9225 -1.0637
 244  1.217122  3.6753  1.9421  2.2356  1.8438 -0.0048 -0.7577 -1.0320 -1.1778
 245  1.217301  3.6724  1.8874  2.2790  1.8019 -0.0889 -0.8568 -1.1376 -1.2879
 246  1.217464  3.6696  1.8353  2.3201  1.7647 -0.1678 -0.9502 -1.2372 -1.3921
 247  1.217613  3.6669  1.7821  2.3620  1.7291 -0.2472 -1.0450 -1.3386 -1.4981
 248  1.217747  3.6641  1.7302  2.4030  1.6969 -0.3239 -1.1369 -1.4371 -1.6013
 249  1.217870  3.6614  1.6795  2.4428  1.6686 -0.3976 -1.2260 -1.5328 -1.7017
 250  1.217984  3.6587  1.6295  2.4821  1.6430 -0.4695 -1.3133 -1.6267 -1.8003
 251  1.218087  3.6560  1.5804  2.5206  1.6203 -0.5389 -1.3981 -1.7182 -1.8966
 252  1.218182  3.6534  1.5324  2.5582  1.6002 -0.6060 -1.4806 -1.8073 -1.9904
 253  1.218268  3.6508  1.4853  2.5947  1.5840 -0.6699 -1.5601 -1.8937 -2.0815
 254  1.218348  3.6481  1.4389  2.6305  1.5720 -0.7309 -1.6372 -1.9778 -2.1705
 255  1.218421  3.6454  1.3934  2.6655  1.5631 -0.7893 -1.7119 -2.0596 -2.2572
 256  1.218490  3.6428  1.3485  2.6998  1.5568 -0.8455 -1.7848 -2.1396 -2.3421
 257  1.218553  3.6402  1.3046  2.7333  1.5535 -0.8992 -1.8554 -2.2174 -2.4247
 258  1.218611  3.6376  1.2618  2.7659  1.5524 -0.9505 -1.9235 -2.2927 -2.5049
 259  1.218666  3.6351  1.2195  2.7980  1.5537 -1.0001 -1.9902 -2.3667 -2.5839
 260  1.218716  3.6326  1.1781  2.8294  1.5570 -1.0473 -2.0545 -2.4385 -2.6606
 261  1.218763  3.6301  1.1376  2.8600  1.5621 -1.0925 -2.1169 -2.5083 -2.7354
 262  1.218807  3.6277  1.0981  2.8899  1.5691 -1.1355 -2.1769 -2.5760 -2.8081
 263  1.218848  3.6252  1.0590  2.9194  1.5778 -1.1770 -2.2358 -2.6425 -2.8798
 264  1.218886  3.6229  1.0209  2.9481  1.5880 -1.2164 -2.2926 -2.7070 -2.9493
 265  1.218922  3.6205  0.9835  2.9761  1.6017 -1.2531 -2.3473 -2.7693 -3.0167
 266  1.218955  3.6182  0.9467  3.0036  1.6175 -1.2878 -2.4002 -2.8300 -3.0826
 267  1.218988  3.6159  0.9102  3.0308  1.6345 -1.3211 -2.4518 -2.8896 -3.1476
 268  1.219017  3.6136  0.8746  3.0573  1.6524 -1.3527 -2.5014 -2.9475 -3.2108
 269  1.219045  3.6113  0.8398  3.0832  1.6708 -1.3828 -2.5496 -3.0037 -3.2726
 270  1.219072  3.6092  0.8057  3.1085  1.6893 -1.4117 -2.5960 -3.0585 -3.3328
 271  1.219097  3.6070  0.7723  3.1333  1.7084 -1.4390 -2.6409 -3.1119 -3.3918
 272  1.219120  3.6049  0.7395  3.1575  1.7277 -1.4650 -2.6842 -3.1638 -3.4492
 273  1.219143  3.6029  0.7074  3.1814  1.7475 -1.4896 -2.7260 -3.2144 -3.5056
 274  1.219164  3.6009  0.6761  3.2046  1.7683 -1.5128 -2.7671 -3.2635 -3.5602
 275  1.219184  3.5989  0.6455  3.2273  1.7886 -1.5351 -2.8069 -3.3115 -3.6138
 276  1.219203  3.5970  0.6157  3.2494  1.8087 -1.5561 -2.8448 -3.3579 -3.6659
 277  1.219221  3.5951  0.5867  3.2708  1.8299 -1.5750 -2.8807 -3.4023 -3.7161
 278  1.219238  3.5933  0.5589  3.2915  1.8499 -1.5927 -2.9145 -3.4449 -3.7644
 279  1.219267  3.5917  0.5349  3.3093  1.8659 -1.6084 -2.9436 -3.4817 -3.8063
