#NUMBER OF AGES= 1
#----------------------------------------------------       
#MIX-LEN  Y      Z          Zeff        [Fe/H] [a/Fe]
# 1.9380  0.2488 2.3381E-03 1.7027E-03  -1.00   0.20 
#----------------------------------------------------       
#**PHOTOMETRIC SYSTEM**: SDSS (AB)                          
#----------------------------------------------------       
#AGE= 3.750 EEPS=273
#EEP   M/Mo    LogTeff  LogG   LogL/Lo sdss_u  sdss_g  sdss_r  sdss_i  sdss_z
   7  0.107128  3.5210  5.3317 -2.8265 17.9969 14.5362 12.8935 11.8979 11.3405
   8  0.119420  3.5237  5.2759 -2.7126 17.5787 14.1951 12.5678 11.6027 11.0574
   9  0.134594  3.5270  5.2174 -2.5893 17.1277 13.8242 12.2140 11.2822 10.7506
  10  0.157196  3.5327  5.1573 -2.4391 16.5489 13.3500 11.7652 10.8850 10.3771
  11  0.190895  3.5435  5.1098 -2.2637 15.8040 12.7453 11.2020 10.4061  9.9425
  12  0.223151  3.5517  5.0726 -2.1259 15.2525 12.2844 10.7733 10.0339  9.6018
  13  0.247624  3.5568  5.0473 -2.0348 14.9042 11.9872 10.4968  9.7899  9.3769
  14  0.269551  3.5607  5.0273 -1.9626 14.6371 11.7559 10.2812  9.5977  9.1989
  15  0.287507  3.5636  5.0114 -1.9072 14.4366 11.5806 10.1179  9.4512  9.0626
  16  0.299708  3.5655  4.9990 -1.8690 14.3003 11.4610 10.0065  9.3505  8.9689
  17  0.307498  3.5667  4.9898 -1.8439 14.2128 11.3833  9.9341  9.2848  8.9072
  18  0.313167  3.5675  4.9827 -1.8255 14.1495 11.3268  9.8813  9.2366  8.8619
  19  0.317486  3.5681  4.9768 -1.8113 14.1010 11.2835  9.8408  9.1995  8.8269
  20  0.321023  3.5686  4.9719 -1.7995 14.0612 11.2479  9.8075  9.1689  8.7981
  21  0.324293  3.5691  4.9676 -1.7888 14.0250 11.2156  9.7772  9.1411  8.7720
  22  0.327915  3.5696  4.9633 -1.7777 13.9868 11.1814  9.7453  9.1120  8.7446
  23  0.332821  3.5703  4.9585 -1.7637 13.9380 11.1379  9.7049  9.0753  8.7103
  24  0.340375  3.5714  4.9525 -1.7435 13.8664 11.0746  9.6464  9.0222  8.6609
  25  0.391719  3.5816  4.9050 -1.5944 13.3064 10.5841  9.2009  8.6266  8.2981
  26  0.417156  3.5879  4.8752 -1.5121 12.9853 10.3066  8.9544  8.4083  8.0984
  27  0.431145  3.5917  4.8576 -1.4646 12.7975 10.1452  8.8132  8.2830  7.9833
  28  0.444569  3.5958  4.8403 -1.4176 12.6082  9.9825  8.6722  8.1587  7.8697
  29  0.461369  3.6015  4.8193 -1.3576 12.3608  9.7708  8.4918  8.0001  7.7251
  30  0.479072  3.6084  4.7975 -1.2921 12.0857  9.5349  8.2951  7.8274  7.5677
  31  0.493738  3.6147  4.7807 -1.2370 11.8481  9.3308  8.1286  7.6821  7.4357
  32  0.504812  3.6198  4.7693 -1.1955 11.6655  9.1740  8.0031  7.5731  7.3368
  33  0.513098  3.6239  4.7615 -1.1641 11.5243  9.0528  7.9075  7.4906  7.2624
  34  0.519897  3.6276  4.7554 -1.1380 11.4065  8.9498  7.8268  7.4218  7.2007
  35  0.526289  3.6311  4.7500 -1.1132 11.2925  8.8508  7.7499  7.3565  7.1425
  36  0.533488  3.6351  4.7445 -1.0856 11.1622  8.7389  7.6639  7.2838  7.0776
  37  0.542880  3.6406  4.7385 -1.0503 10.9894  8.5932  7.5533  7.1905  6.9948
  38  0.555985  3.6483  4.7309 -1.0013 10.7317  8.3875  7.3994  7.0609  6.8799
  39  0.572261  3.6589  4.7241 -0.9395 10.3716  8.1218  7.2052  6.8972  6.7352
  40  0.590871  3.6713  4.7177 -0.8696  9.9346  7.8236  6.9884  6.7115  6.5695
  41  0.611003  3.6840  4.7100 -0.7966  9.4612  7.5265  6.7703  6.5203  6.3968
  42  0.632398  3.6970  4.7014 -0.7211  8.9590  7.2346  6.5535  6.3278  6.2217
  43  0.654352  3.7096  4.6914 -0.6459  8.5521  6.9658  6.3412  6.1377  6.0485
  44  0.675600  3.7212  4.6806 -0.5749  8.1941  6.7257  6.1472  5.9623  5.8882
  45  0.696773  3.7320  4.6685 -0.5060  7.8406  6.5003  5.9651  5.7969  5.7357
  46  0.717352  3.7419  4.6552 -0.4405  7.5296  6.2935  5.7969  5.6436  5.5938
  47  0.736443  3.7505  4.6413 -0.3810  7.2658  6.1106  5.6467  5.5063  5.4662
  48  0.753741  3.7577  4.6272 -0.3278  7.0450  5.9511  5.5142  5.3846  5.3526
  49  0.768974  3.7638  4.6136 -0.2813  6.8609  5.8147  5.3999  5.2792  5.2536
  50  0.781799  3.7686  4.6014 -0.2426  6.7104  5.7030  5.3064  5.1925  5.1718
  51  0.792748  3.7726  4.5908 -0.2100  6.5871  5.6098  5.2282  5.1199  5.1032
  52  0.799404  3.7750  4.5844 -0.1904  6.5148  5.5542  5.1812  5.0764  5.0621
  53  0.806072  3.7774  4.5781 -0.1710  6.4445  5.4993  5.1348  5.0334  5.0215
  54  0.812725  3.7797  4.5719 -0.1519  6.3776  5.4450  5.0888  4.9909  4.9814
  55  0.819324  3.7820  4.5657 -0.1332  6.3139  5.3915  5.0433  4.9489  4.9418
  56  0.825838  3.7842  4.5596 -0.1148  6.2524  5.3390  4.9985  4.9077  4.9029
  57  0.832233  3.7863  4.5536 -0.0967  6.1929  5.2876  4.9546  4.8672  4.8648
  58  0.838503  3.7885  4.5476 -0.0789  6.1353  5.2373  4.9116  4.8276  4.8274
  59  0.844630  3.7905  4.5416 -0.0615  6.0794  5.1879  4.8693  4.7887  4.7907
  60  0.850614  3.7926  4.5356 -0.0444  6.0249  5.1395  4.8278  4.7504  4.7545
  61  0.856461  3.7946  4.5297 -0.0275  5.9707  5.0923  4.7873  4.7129  4.7190
  62  0.862198  3.7965  4.5238 -0.0109  5.9177  5.0460  4.7475  4.6761  4.6840
  63  0.867827  3.7985  4.5180  0.0055  5.8659  5.0004  4.7083  4.6397  4.6495
  64  0.873374  3.8003  4.5121  0.0217  5.8152  4.9556  4.6696  4.6038  4.6154
  65  0.878847  3.8022  4.5062  0.0377  5.7657  4.9115  4.6315  4.5683  4.5816
  66  0.884257  3.8039  4.5001  0.0535  5.7173  4.8681  4.5938  4.5332  4.5482
  67  0.889615  3.8056  4.4939  0.0691  5.6701  4.8253  4.5563  4.4983  4.5149
  68  0.894931  3.8073  4.4877  0.0846  5.6240  4.7828  4.5193  4.4637  4.4819
  69  0.900206  3.8089  4.4813  0.1000  5.5790  4.7410  4.4825  4.4294  4.4490
  70  0.905452  3.8104  4.4748  0.1152  5.5348  4.6996  4.4460  4.3952  4.4162
  71  0.910661  3.8119  4.4682  0.1303  5.4913  4.6585  4.4096  4.3611  4.3835
  72  0.915827  3.8133  4.4613  0.1452  5.4485  4.6178  4.3735  4.3272  4.3509
  73  0.920947  3.8147  4.4545  0.1601  5.4065  4.5775  4.3377  4.2935  4.3185
  74  0.926007  3.8161  4.4477  0.1747  5.3652  4.5377  4.3022  4.2603  4.2865
  75  0.931010  3.8174  4.4409  0.1892  5.3246  4.4983  4.2672  4.2274  4.2547
  76  0.935938  3.8187  4.4341  0.2035  5.2848  4.4597  4.2326  4.1949  4.2234
  77  0.940781  3.8200  4.4274  0.2176  5.2458  4.4216  4.1987  4.1630  4.1927
  78  0.945535  3.8213  4.4210  0.2314  5.2077  4.3843  4.1654  4.1318  4.1626
  79  0.950188  3.8226  4.4147  0.2449  5.1705  4.3477  4.1328  4.1012  4.1332
  80  0.954712  3.8239  4.4085  0.2580  5.1344  4.3122  4.1011  4.0714  4.1045
  81  0.959119  3.8250  4.4026  0.2707  5.0994  4.2776  4.0702  4.0425  4.0766
  82  0.963768  3.8263  4.3963  0.2842  5.0626  4.2411  4.0377  4.0119  4.0472
  83  0.968357  3.8275  4.3900  0.2975  5.0263  4.2049  4.0054  3.9817  4.0181
  84  0.972910  3.8288  4.3839  0.3107  4.9905  4.1692  3.9734  3.9519  3.9892
  85  0.977433  3.8300  4.3778  0.3238  4.9550  4.1335  3.9417  3.9221  3.9606
  86  0.981935  3.8313  4.3717  0.3369  4.9197  4.0980  3.9101  3.8925  3.9320
  87  0.986422  3.8326  4.3657  0.3499  4.8848  4.0627  3.8786  3.8631  3.9036
  88  0.990893  3.8338  4.3598  0.3629  4.8499  4.0274  3.8471  3.8338  3.8754
  89  0.995342  3.8351  4.3539  0.3758  4.8151  3.9924  3.8159  3.8045  3.8472
  90  0.999762  3.8363  4.3480  0.3886  4.7807  3.9573  3.7847  3.7754  3.8191
  91  1.004171  3.8376  4.3422  0.4014  4.7466  3.9224  3.7537  3.7465  3.7912
  92  1.008561  3.8388  4.3364  0.4141  4.7127  3.8877  3.7229  3.7178  3.7635
  93  1.012899  3.8401  4.3307  0.4268  4.6792  3.8533  3.6923  3.6894  3.7362
  94  1.017173  3.8413  4.3251  0.4391  4.6464  3.8193  3.6623  3.6614  3.7092
  95  1.021368  3.8426  4.3196  0.4514  4.6142  3.7860  3.6327  3.6340  3.6828
  96  1.025471  3.8438  4.3141  0.4633  4.5828  3.7532  3.6038  3.6070  3.6568
  97  1.029476  3.8450  4.3087  0.4751  4.5521  3.7212  3.5754  3.5807  3.6314
  98  1.033377  3.8461  4.3034  0.4865  4.5223  3.6898  3.5477  3.5550  3.6065
  99  1.037172  3.8472  4.2982  0.4977  4.4934  3.6591  3.5207  3.5300  3.5824
 100  1.040862  3.8482  4.2930  0.5086  4.4654  3.6292  3.4944  3.5056  3.5588
 101  1.044448  3.8493  4.2880  0.5193  4.4381  3.6001  3.4688  3.4818  3.5357
 102  1.047926  3.8503  4.2829  0.5297  4.4116  3.5716  3.4436  3.4585  3.5131
 103  1.051300  3.8512  4.2779  0.5398  4.3857  3.5440  3.4191  3.4358  3.4911
 104  1.054570  3.8520  4.2729  0.5497  4.3607  3.5172  3.3953  3.4135  3.4695
 105  1.057743  3.8528  4.2679  0.5592  4.3362  3.4910  3.3718  3.3917  3.4483
 106  1.060821  3.8536  4.2629  0.5687  4.3124  3.4654  3.3490  3.3703  3.4274
 107  1.063806  3.8545  4.2579  0.5779  4.2891  3.4405  3.3267  3.3494  3.4070
 108  1.066696  3.8552  4.2530  0.5869  4.2664  3.4161  3.3047  3.3288  3.3869
 109  1.069495  3.8558  4.2481  0.5957  4.2442  3.3923  3.2832  3.3086  3.3671
 110  1.072201  3.8565  4.2432  0.6043  4.2223  3.3690  3.2619  3.2887  3.3475
 111  1.074821  3.8571  4.2385  0.6128  4.2010  3.3460  3.2412  3.2692  3.3284
 112  1.076561  3.8576  4.2353  0.6185  4.1865  3.3306  3.2272  3.2560  3.3156
 113  1.078307  3.8581  4.2320  0.6243  4.1719  3.3150  3.2131  3.2427  3.3026
 114  1.080059  3.8585  4.2288  0.6302  4.1570  3.2992  3.1987  3.2291  3.2893
 115  1.081819  3.8590  4.2254  0.6361  4.1419  3.2832  3.1841  3.2154  3.2758
 116  1.083588  3.8595  4.2221  0.6421  4.1267  3.2670  3.1693  3.2014  3.2621
 117  1.085365  3.8599  4.2186  0.6482  4.1112  3.2506  3.1543  3.1872  3.2482
 118  1.087151  3.8604  4.2149  0.6544  4.0956  3.2340  3.1391  3.1728  3.2340
 119  1.088945  3.8609  4.2112  0.6607  4.0798  3.2171  3.1236  3.1583  3.2197
 120  1.090747  3.8614  4.2074  0.6670  4.0637  3.2001  3.1080  3.1434  3.2050
 121  1.092559  3.8619  4.2037  0.6734  4.0475  3.1830  3.0921  3.1284  3.1903
 122  1.094379  3.8623  4.1997  0.6799  4.0311  3.1655  3.0760  3.1131  3.1752
 123  1.096206  3.8628  4.1956  0.6865  4.0145  3.1478  3.0597  3.0977  3.1600
 124  1.098045  3.8632  4.1914  0.6932  3.9978  3.1300  3.0433  3.0820  3.1445
 125  1.099886  3.8636  4.1872  0.7000  3.9808  3.1120  3.0265  3.0661  3.1288
 126  1.101731  3.8640  4.1827  0.7068  3.9637  3.0938  3.0096  3.0500  3.1129
 127  1.103576  3.8645  4.1782  0.7137  3.9466  3.0755  2.9926  3.0338  3.0968
 128  1.105420  3.8648  4.1735  0.7206  3.9292  3.0570  2.9754  3.0173  3.0806
 129  1.107263  3.8652  4.1687  0.7276  3.9117  3.0383  2.9580  3.0006  3.0640
 130  1.109104  3.8656  4.1638  0.7347  3.8940  3.0195  2.9404  2.9837  3.0473
 131  1.110941  3.8659  4.1587  0.7419  3.8763  3.0006  2.9226  2.9667  3.0303
 132  1.112773  3.8662  4.1534  0.7491  3.8584  2.9815  2.9045  2.9493  3.0130
 133  1.114598  3.8664  4.1477  0.7564  3.8404  2.9624  2.8863  2.9317  2.9954
 134  1.116417  3.8666  4.1419  0.7637  3.8223  2.9432  2.8679  2.9137  2.9776
 135  1.118227  3.8668  4.1358  0.7711  3.8041  2.9238  2.8494  2.8957  2.9594
 136  1.120030  3.8669  4.1297  0.7786  3.7860  2.9045  2.8306  2.8773  2.9411
 137  1.121821  3.8670  4.1231  0.7861  3.7677  2.8851  2.8116  2.8586  2.9225
 138  1.123602  3.8670  4.1163  0.7937  3.7493  2.8656  2.7925  2.8397  2.9035
 139  1.125370  3.8670  4.1093  0.8013  3.7308  2.8460  2.7732  2.8206  2.8842
 140  1.127125  3.8669  4.1019  0.8090  3.7124  2.8265  2.7538  2.8012  2.8647
 141  1.128865  3.8667  4.0942  0.8167  3.6940  2.8070  2.7342  2.7815  2.8448
 142  1.130588  3.8665  4.0862  0.8244  3.6756  2.7875  2.7144  2.7615  2.8246
 143  1.132293  3.8662  4.0778  0.8322  3.6571  2.7680  2.6944  2.7412  2.8039
 144  1.133980  3.8658  4.0690  0.8400  3.6387  2.7487  2.6742  2.7205  2.7830
 145  1.135647  3.8653  4.0598  0.8480  3.6204  2.7296  2.6539  2.6995  2.7616
 146  1.137291  3.8646  4.0501  0.8558  3.6021  2.7104  2.6334  2.6782  2.7398
 147  1.138914  3.8639  4.0398  0.8637  3.5840  2.6915  2.6127  2.6565  2.7175
 148  1.140513  3.8631  4.0291  0.8716  3.5659  2.6728  2.5919  2.6344  2.6949
 149  1.142087  3.8621  4.0179  0.8795  3.5480  2.6544  2.5709  2.6119  2.6716
 150  1.143632  3.8609  4.0060  0.8874  3.5303  2.6363  2.5496  2.5889  2.6479
 151  1.145149  3.8596  3.9935  0.8953  3.5127  2.6184  2.5283  2.5656  2.6236
 152  1.146635  3.8582  3.9802  0.9032  3.4957  2.6011  2.5068  2.5417  2.5988
 153  1.148091  3.8565  3.9662  0.9112  3.4791  2.5841  2.4854  2.5176  2.5733
 154  1.149514  3.8546  3.9514  0.9190  3.4631  2.5678  2.4638  2.4930  2.5474
 155  1.150899  3.8525  3.9355  0.9268  3.4479  2.5521  2.4423  2.4680  2.5208
 156  1.152246  3.8501  3.9189  0.9345  3.4335  2.5373  2.4207  2.4427  2.4937
 157  1.153556  3.8475  3.9012  0.9421  3.4199  2.5232  2.3993  2.4170  2.4659
 158  1.154826  3.8446  3.8826  0.9496  3.4074  2.5102  2.3780  2.3909  2.4376
 159  1.156059  3.8414  3.8629  0.9569  3.3959  2.4981  2.3569  2.3646  2.4088
 160  1.157254  3.8379  3.8424  0.9643  3.3856  2.4870  2.3360  2.3383  2.3796
 161  1.158410  3.8341  3.8207  0.9713  3.3771  2.4775  2.3155  2.3117  2.3499
 162  1.159174  3.8314  3.8053  0.9759  3.3722  2.4716  2.3018  2.2935  2.3295
 163  1.159934  3.8284  3.7890  0.9805  3.3687  2.4669  2.2883  2.2752  2.3085
 164  1.160690  3.8251  3.7716  0.9849  3.3666  2.4632  2.2748  2.2565  2.2871
 165  1.161443  3.8215  3.7534  0.9892  3.3664  2.4608  2.2616  2.2375  2.2650
 166  1.162194  3.8177  3.7340  0.9932  3.3686  2.4600  2.2487  2.2183  2.2423
 167  1.162944  3.8134  3.7137  0.9969  3.3742  2.4615  2.2366  2.1992  2.2195
 168  1.163692  3.8087  3.6923  0.9998  3.3841  2.4657  2.2260  2.1809  2.1971
 169  1.164438  3.8037  3.6704  1.0020  3.3993  2.4735  2.2178  2.1648  2.1762
 170  1.165166  3.7983  3.6481  1.0028  3.4209  2.4860  2.2132  2.1515  2.1579
 171  1.165854  3.7927  3.6272  1.0017  3.4492  2.5044  2.2139  2.1434  2.1443
 172  1.166478  3.7873  3.6089  0.9986  3.4813  2.5283  2.2212  2.1421  2.1373
 173  1.167019  3.7823  3.5933  0.9940  3.5181  2.5552  2.2319  2.1447  2.1346
 174  1.167494  3.7778  3.5816  0.9879  3.5606  2.5848  2.2460  2.1516  2.1367
 175  1.167915  3.7734  3.5710  0.9817  3.6079  2.6144  2.2595  2.1583  2.1393
 176  1.168298  3.7697  3.5632  0.9746  3.6559  2.6448  2.2752  2.1679  2.1453
 177  1.168684  3.7659  3.5552  0.9674  3.7066  2.6761  2.2913  2.1779  2.1514
 178  1.169068  3.7621  3.5474  0.9601  3.7574  2.7077  2.3084  2.1891  2.1586
 179  1.169544  3.7580  3.5389  0.9526  3.8119  2.7413  2.3271  2.2013  2.1665
 180  1.170143  3.7535  3.5263  0.9475  3.8670  2.7715  2.3407  2.2077  2.1679
 181  1.170849  3.7490  3.5083  0.9472  3.9132  2.7901  2.3424  2.2023  2.1571
 182  1.171507  3.7451  3.4894  0.9514  3.9430  2.7952  2.3335  2.1873  2.1378
 183  1.172150  3.7422  3.4701  0.9590  3.9568  2.7885  2.3157  2.1648  2.1118
 184  1.172766  3.7398  3.4498  0.9701  3.9557  2.7707  2.2892  2.1346  2.0789
 185  1.173357  3.7379  3.4292  0.9832  3.9451  2.7463  2.2576  2.0999  2.0418
 186  1.173935  3.7361  3.4085  0.9969  3.9323  2.7201  2.2248  2.0642  2.0039
 187  1.174500  3.7347  3.3884  1.0115  3.9129  2.6898  2.1893  2.0265  1.9644
 188  1.175056  3.7335  3.3689  1.0266  3.8889  2.6571  2.1524  1.9878  1.9243
 189  1.175606  3.7325  3.3496  1.0419  3.8637  2.6237  2.1152  1.9489  1.8841
 190  1.176154  3.7315  3.3301  1.0575  3.8373  2.5893  2.0771  1.9090  1.8431
 191  1.176699  3.7305  3.3106  1.0732  3.8112  2.5549  2.0389  1.8693  1.8020
 192  1.177240  3.7296  3.2914  1.0891  3.7825  2.5192  2.0000  1.8290  1.7606
 193  1.177776  3.7288  3.2724  1.1053  3.7517  2.4822  1.9603  1.7881  1.7187
 194  1.178310  3.7281  3.2533  1.1216  3.7205  2.4450  1.9205  1.7470  1.6767
 195  1.178840  3.7274  3.2343  1.1380  3.6877  2.4069  1.8799  1.7054  1.6342
 196  1.179367  3.7268  3.2154  1.1548  3.6535  2.3680  1.8389  1.6634  1.5914
 197  1.179893  3.7261  3.1960  1.1715  3.6206  2.3295  1.7979  1.6212  1.5483
 198  1.180410  3.7254  3.1764  1.1887  3.5864  2.2899  1.7559  1.5781  1.5043
 199  1.180900  3.7250  3.1564  1.2069  3.5466  2.2465  1.7108  1.5323  1.4579
 200  1.181383  3.7242  3.1351  1.2254  3.5099  2.2038  1.6656  1.4858  1.4104
 201  1.181844  3.7236  3.1134  1.2448  3.4700  2.1588  1.6182  1.4374  1.3611
 202  1.182290  3.7229  3.0911  1.2645  3.4293  2.1128  1.5699  1.3879  1.3107
 203  1.182725  3.7222  3.0684  1.2846  3.3880  2.0660  1.5206  1.3374  1.2593
 204  1.183148  3.7215  3.0455  1.3050  3.3459  2.0184  1.4706  1.2863  1.2072
 205  1.183561  3.7208  3.0222  1.3257  3.3030  1.9701  1.4198  1.2343  1.1543
 206  1.183959  3.7201  2.9983  1.3468  3.2598  1.9211  1.3681  1.1814  1.1005
 207  1.184346  3.7193  2.9740  1.3681  3.2170  1.8719  1.3159  1.1278  1.0457
 208  1.184721  3.7185  2.9492  1.3897  3.1740  1.8222  1.2631  1.0736  0.9905
 209  1.185085  3.7176  2.9241  1.4115  3.1310  1.7721  1.2097  1.0186  0.9343
 210  1.185439  3.7167  2.8987  1.4336  3.0878  1.7217  1.1558  0.9632  0.8777
 211  1.185783  3.7158  2.8730  1.4558  3.0437  1.6708  1.1016  0.9073  0.8206
 212  1.186114  3.7149  2.8469  1.4784  2.9988  1.6195  1.0468  0.8510  0.7629
 213  1.186435  3.7139  2.8205  1.5011  2.9541  1.5681  0.9916  0.7941  0.7046
 214  1.186742  3.7129  2.7936  1.5240  2.9092  1.5162  0.9360  0.7366  0.6458
 215  1.187042  3.7120  2.7667  1.5471  2.8640  1.4641  0.8800  0.6789  0.5865
 216  1.187331  3.7110  2.7395  1.5704  2.8189  1.4117  0.8237  0.6207  0.5269
 217  1.187384  3.7108  2.7342  1.5749  2.8103  1.4017  0.8129  0.6095  0.5153
 218  1.187439  3.7106  2.7288  1.5794  2.8015  1.3915  0.8019  0.5981  0.5037
 219  1.187493  3.7104  2.7235  1.5839  2.7928  1.3813  0.7910  0.5868  0.4921
 220  1.187548  3.7102  2.7182  1.5885  2.7840  1.3711  0.7800  0.5755  0.4804
 221  1.187601  3.7100  2.7127  1.5931  2.7753  1.3608  0.7688  0.5640  0.4686
 222  1.187655  3.7098  2.7073  1.5977  2.7664  1.3504  0.7576  0.5524  0.4568
 223  1.187709  3.7096  2.7018  1.6023  2.7575  1.3400  0.7464  0.5408  0.4448
 224  1.187761  3.7093  2.6962  1.6070  2.7485  1.3295  0.7350  0.5290  0.4327
 225  1.187814  3.7091  2.6907  1.6117  2.7396  1.3190  0.7237  0.5173  0.4207
 226  1.187867  3.7089  2.6852  1.6164  2.7307  1.3085  0.7123  0.5055  0.4086
 227  1.188327  3.7069  2.6346  1.6592  2.6505  1.2132  0.6092  0.3988  0.2989
 228  1.188788  3.7047  2.5795  1.7056  2.5656  1.1108  0.4979  0.2832  0.1802
 229  1.189197  3.7025  2.5261  1.7504  2.4856  1.0123  0.3906  0.1719  0.0654
 230  1.189544  3.7003  2.4768  1.7913  2.4155  0.9232  0.2928  0.0700 -0.0396
 231  1.189892  3.6979  2.4232  1.8354  2.3478  0.8287  0.1880 -0.0394 -0.1525
 232  1.190198  3.6955  2.3720  1.8772  2.2892  0.7397  0.0884 -0.1435 -0.2598
 233  1.190486  3.6931  2.3199  1.9195  2.2338  0.6505 -0.0123 -0.2490 -0.3688
 234  1.190752  3.6906  2.2684  1.9613  2.1820  0.5633 -0.1113 -0.3530 -0.4762
 235  1.190996  3.6882  2.2187  2.0014  2.1352  0.4803 -0.2061 -0.4527 -0.5792
 236  1.191216  3.6860  2.1740  2.0375  2.0942  0.4060 -0.2916 -0.5426 -0.6722
 237  1.191428  3.6842  2.1355  2.0686  2.0591  0.3420 -0.3650 -0.6199 -0.7522
 238  1.191625  3.6836  2.1217  2.0803  2.0437  0.3175 -0.3926 -0.6488 -0.7818
 239  1.191836  3.6863  2.1695  2.0431  2.0757  0.3906 -0.3059 -0.5566 -0.6859
 240  1.192088  3.6862  2.1641  2.0483  2.0637  0.3778 -0.3191 -0.5698 -0.6993
 241  1.192338  3.6830  2.0994  2.1003  2.0084  0.2723 -0.4411 -0.6988 -0.8327
 242  1.192557  3.6800  2.0401  2.1478  1.9567  0.1765 -0.5522 -0.8161 -0.9545
 243  1.192757  3.6770  1.9820  2.1942  1.9059  0.0838 -0.6598 -0.9301 -1.0730
 244  1.192937  3.6742  1.9253  2.2393  1.8605 -0.0043 -0.7630 -1.0398 -1.1874
 245  1.193098  3.6714  1.8716  2.2816  1.8204 -0.0861 -0.8596 -1.1429 -1.2950
 246  1.193246  3.6686  1.8188  2.3233  1.7835 -0.1658 -0.9541 -1.2437 -1.4004
 247  1.193382  3.6657  1.7655  2.3653  1.7484 -0.2452 -1.0490 -1.3453 -1.5067
 248  1.193505  3.6630  1.7134  2.4064  1.7172 -0.3218 -1.1412 -1.4441 -1.6102
 249  1.193615  3.6602  1.6631  2.4460  1.6898 -0.3949 -1.2295 -1.5390 -1.7098
 250  1.193719  3.6575  1.6126  2.4857  1.6648 -0.4671 -1.3174 -1.6336 -1.8093
 251  1.193812  3.6549  1.5637  2.5239  1.6430 -0.5359 -1.4016 -1.7246 -1.9050
 252  1.193897  3.6523  1.5158  2.5613  1.6238 -0.6022 -1.4834 -1.8132 -1.9982
 253  1.193976  3.6496  1.4686  2.5980  1.6094 -0.6655 -1.5627 -1.8994 -2.0894
 254  1.194049  3.6469  1.4218  2.6340  1.5984 -0.7263 -1.6400 -1.9838 -2.1788
 255  1.194115  3.6442  1.3765  2.6687  1.5904 -0.7840 -1.7140 -2.0650 -2.2649
 256  1.194177  3.6416  1.3318  2.7029  1.5853 -0.8395 -1.7865 -2.1446 -2.3493
 257  1.194235  3.6389  1.2877  2.7365  1.5831 -0.8929 -1.8570 -2.2224 -2.4321
 258  1.194287  3.6364  1.2447  2.7692  1.5828 -0.9440 -1.9251 -2.2977 -2.5124
 259  1.194336  3.6338  1.2025  2.8012  1.5850 -0.9928 -1.9911 -2.3713 -2.5909
 260  1.194382  3.6313  1.1611  2.8326  1.5892 -1.0395 -2.0553 -2.4431 -2.6677
 261  1.194424  3.6288  1.1207  2.8630  1.5949 -1.0842 -2.1171 -2.5124 -2.7421
 262  1.194464  3.6264  1.0811  2.8930  1.6028 -1.1267 -2.1770 -2.5800 -2.8148
 263  1.194502  3.6240  1.0420  2.9225  1.6122 -1.1678 -2.2356 -2.6463 -2.8864
 264  1.194537  3.6216  1.0039  2.9512  1.6240 -1.2064 -2.2921 -2.7105 -2.9556
 265  1.194569  3.6192  0.9663  2.9793  1.6392 -1.2424 -2.3465 -2.7727 -3.0230
 266  1.194600  3.6169  0.9293  3.0069  1.6556 -1.2769 -2.3994 -2.8336 -3.0893
 267  1.194628  3.6146  0.8931  3.0339  1.6731 -1.3094 -2.4502 -2.8926 -3.1537
 268  1.194655  3.6123  0.8574  3.0605  1.6917 -1.3406 -2.4997 -2.9504 -3.2169
 269  1.194680  3.6100  0.8228  3.0862  1.7100 -1.3703 -2.5471 -3.0062 -3.2782
 270  1.194705  3.6079  0.7885  3.1116  1.7292 -1.3986 -2.5935 -3.0610 -3.3387
 271  1.194727  3.6058  0.7553  3.1363  1.7484 -1.4255 -2.6379 -3.1140 -3.3973
 272  1.194748  3.6037  0.7225  3.1607  1.7682 -1.4509 -2.6808 -3.1658 -3.4548
 273  1.194769  3.6016  0.6904  3.1844  1.7887 -1.4752 -2.7228 -3.2162 -3.5109
 274  1.194788  3.5996  0.6592  3.2076  1.8093 -1.4980 -2.7634 -3.2651 -3.5655
 275  1.194806  3.5976  0.6286  3.2303  1.8300 -1.5198 -2.8027 -3.3129 -3.6189
 276  1.194823  3.5956  0.5987  3.2523  1.8513 -1.5397 -2.8398 -3.3588 -3.6707
 277  1.194840  3.5938  0.5696  3.2739  1.8720 -1.5586 -2.8754 -3.4034 -3.7213
 278  1.194855  3.5920  0.5420  3.2944  1.8915 -1.5760 -2.9087 -3.4456 -3.7693
 279  1.194885  3.5905  0.5186  3.3118  1.9074 -1.5907 -2.9366 -3.4813 -3.8102
