#NUMBER OF AGES= 1
#----------------------------------------------------       
#MIX-LEN  Y      Z          Zeff        [Fe/H] [a/Fe]
# 1.9380  0.2488 2.3381E-03 1.7027E-03  -1.00   0.20 
#----------------------------------------------------       
#**PHOTOMETRIC SYSTEM**: SDSS (AB)                          
#----------------------------------------------------       
#AGE= 4.000 EEPS=273
#EEP   M/Mo    LogTeff  LogG   LogL/Lo sdss_u  sdss_g  sdss_r  sdss_i  sdss_z
   7  0.103785  3.5202  5.3474 -2.8594 18.1202 14.6358 12.9884 11.9833 11.4223
   8  0.115792  3.5229  5.2917 -2.7449 17.6963 14.2915 12.6598 11.6862 11.1375
   9  0.129897  3.5259  5.2339 -2.6253 17.2602 13.9334 12.3180 11.3761 10.8403
  10  0.149774  3.5306  5.1732 -2.4843 16.7302 13.4978 11.9043 11.0061 10.4897
  11  0.180722  3.5403  5.1216 -2.3121 16.0099 12.9135 11.3580 10.5386 10.0624
  12  0.213458  3.5494  5.0827 -2.1643 15.4030 12.4114 10.8914 10.1371  9.6965
  13  0.239100  3.5552  5.0549 -2.0643 15.0164 12.0834 10.5862  9.8689  9.4499
  14  0.259975  3.5591  5.0343 -1.9917 14.7445 11.8492 10.3681  9.6752  9.2706
  15  0.279675  3.5624  5.0171 -1.9297 14.5187 11.6524 10.1847  9.5110  9.1181
  16  0.294383  3.5647  5.0032 -1.8843 14.3554 11.5092 10.0513  9.3909  9.0064
  17  0.303876  3.5661  4.9927 -1.8541 14.2488 11.4151  9.9637  9.3115  8.9321
  18  0.310493  3.5671  4.9847 -1.8327 14.1751 11.3496  9.9025  9.2557  8.8797
  19  0.315433  3.5678  4.9783 -1.8167 14.1201 11.3005  9.8566  9.2137  8.8403
  20  0.319337  3.5684  4.9731 -1.8038 14.0766 11.2616  9.8202  9.1804  8.8088
  21  0.322716  3.5689  4.9686 -1.7929 14.0391 11.2280  9.7888  9.1517  8.7818
  22  0.326123  3.5694  4.9644 -1.7822 14.0026 11.1954  9.7583  9.1238  8.7555
  23  0.330322  3.5700  4.9601 -1.7698 13.9600 11.1574  9.7230  9.0916  8.7254
  24  0.336599  3.5709  4.9548 -1.7528 13.8997 11.1038  9.6733  9.0466  8.6835
  25  0.348579  3.5728  4.9465 -1.7217 13.7863 11.0041  9.5817  8.9644  8.6075
  26  0.408550  3.5857  4.8851 -1.5397 13.0942 10.4004  9.0372  8.4815  8.1653
  27  0.424650  3.5899  4.8652 -1.4860 12.8834 10.2189  8.8773  8.3397  8.0351
  28  0.437555  3.5937  4.8483 -1.4411 12.7044 10.0649  8.7432  8.2210  7.9266
  29  0.452571  3.5985  4.8294 -1.3881 12.4884  9.8797  8.5840  8.0809  7.7986
  30  0.470447  3.6050  4.8070 -1.3230 12.2172  9.6474  8.3882  7.9088  7.6418
  31  0.486594  3.6117  4.7877 -1.2624 11.9590  9.4258  8.2055  7.7490  7.4964
  32  0.499597  3.6175  4.7735 -1.2136 11.7467  9.2435  8.0582  7.6207  7.3798
  33  0.509067  3.6220  4.7642 -1.1780 11.5877  9.1070  7.9498  7.5269  7.2949
  34  0.516495  3.6259  4.7573 -1.1495 11.4599  8.9962  7.8627  7.4522  7.2278
  35  0.522991  3.6294  4.7517 -1.1244 11.3451  8.8962  7.7847  7.3859  7.1685
  36  0.529698  3.6331  4.7462 -1.0984 11.2241  8.7916  7.7040  7.3174  7.1075
  37  0.537853  3.6378  4.7405 -1.0673 11.0749  8.6645  7.6069  7.2355  7.0346
  38  0.548997  3.6443  4.7337 -1.0254 10.8647  8.4908  7.4759  7.1251  6.9367
  39  0.563740  3.6535  4.7263 -0.9697 10.5542  8.2535  7.3005  6.9774  6.8059
  40  0.580978  3.6650  4.7198 -0.9041 10.1555  7.9708  7.0952  6.8034  6.6516
  41  0.599960  3.6775  4.7130 -0.8337  9.7077  7.6767  6.8803  6.6168  6.4841
  42  0.620113  3.6900  4.7050 -0.7613  9.2251  7.3887  6.6683  6.4299  6.3144
  43  0.641033  3.7025  4.6959 -0.6880  8.7701  7.1145  6.4598  6.2439  6.1450
  44  0.661783  3.7141  4.6858 -0.6172  8.4135  6.8689  6.2622  6.0662  5.9830
  45  0.681730  3.7249  4.6751 -0.5507  8.0714  6.6465  6.0829  5.9037  5.8340
  46  0.701367  3.7348  4.6631 -0.4868  7.7498  6.4398  5.9155  5.7513  5.6933
  47  0.719953  3.7436  4.6503 -0.4275  7.4732  6.2538  5.7637  5.6130  5.5651
  48  0.737009  3.7512  4.6374 -0.3739  7.2385  6.0900  5.6289  5.4895  5.4503
  49  0.752323  3.7576  4.6247 -0.3263  7.0418  5.9476  5.5105  5.3808  5.3487
  50  0.765782  3.7630  4.6123 -0.2848  6.8774  5.8256  5.4083  5.2864  5.2601
  51  0.777336  3.7674  4.6010 -0.2493  6.7396  5.7234  5.3225  5.2070  5.1851
  52  0.783830  3.7698  4.5946 -0.2296  6.6645  5.6669  5.2750  5.1628  5.1434
  53  0.790311  3.7722  4.5881 -0.2101  6.5911  5.6111  5.2281  5.1193  5.1022
  54  0.796766  3.7745  4.5816 -0.1908  6.5198  5.5563  5.1817  5.0764  5.0616
  55  0.803198  3.7769  4.5753 -0.1717  6.4507  5.5023  5.1362  5.0341  5.0216
  56  0.809622  3.7791  4.5690 -0.1529  6.3844  5.4491  5.0910  4.9923  4.9821
  57  0.815993  3.7813  4.5628 -0.1345  6.3216  5.3965  5.0463  4.9510  4.9432
  58  0.822287  3.7835  4.5568 -0.1164  6.2609  5.3449  5.0023  4.9104  4.9049
  59  0.828474  3.7856  4.5508 -0.0986  6.2023  5.2944  4.9592  4.8707  4.8675
  60  0.834546  3.7877  4.5448 -0.0812  6.1456  5.2450  4.9169  4.8318  4.8307
  61  0.840488  3.7897  4.5389 -0.0641  6.0905  5.1965  4.8753  4.7935  4.7947
  62  0.846306  3.7917  4.5330 -0.0473  6.0369  5.1489  4.8346  4.7559  4.7591
  63  0.851986  3.7937  4.5271 -0.0307  5.9840  5.1024  4.7945  4.7189  4.7241
  64  0.857546  3.7956  4.5213 -0.0143  5.9318  5.0567  4.7554  4.6826  4.6896
  65  0.862999  3.7975  4.5154  0.0018  5.8808  5.0120  4.7168  4.6468  4.6556
  66  0.868359  3.7993  4.5095  0.0177  5.8310  4.9680  4.6788  4.6115  4.6222
  67  0.873633  3.8011  4.5036  0.0334  5.7823  4.9247  4.6413  4.5766  4.5890
  68  0.878839  3.8028  4.4976  0.0489  5.7346  4.8820  4.6042  4.5421  4.5561
  69  0.883981  3.8045  4.4916  0.0642  5.6882  4.8400  4.5676  4.5080  4.5235
  70  0.889068  3.8061  4.4854  0.0793  5.6427  4.7986  4.5314  4.4741  4.4911
  71  0.894110  3.8077  4.4792  0.0943  5.5983  4.7576  4.4953  4.4405  4.4590
  72  0.899110  3.8092  4.4728  0.1091  5.5550  4.7170  4.4597  4.4071  4.4270
  73  0.904081  3.8107  4.4664  0.1238  5.5123  4.6769  4.4243  4.3739  4.3952
  74  0.909005  3.8121  4.4597  0.1386  5.4703  4.6372  4.3891  4.3409  4.3634
  75  0.913897  3.8135  4.4530  0.1531  5.4291  4.5978  4.3540  4.3080  4.3317
  76  0.918735  3.8148  4.4462  0.1675  5.3885  4.5587  4.3192  4.2753  4.3002
  77  0.923512  3.8161  4.4394  0.1817  5.3486  4.5202  4.2849  4.2429  4.2690
  78  0.928224  3.8173  4.4326  0.1957  5.3094  4.4822  4.2509  4.2109  4.2382
  79  0.932870  3.8185  4.4258  0.2096  5.2709  4.4447  4.2173  4.1794  4.2078
  80  0.937432  3.8197  4.4191  0.2232  5.2333  4.4079  4.1844  4.1483  4.1778
  81  0.941910  3.8209  4.4126  0.2366  5.1964  4.3717  4.1520  4.1179  4.1484
  82  0.946694  3.8223  4.4057  0.2509  5.1571  4.3331  4.1174  4.0854  4.1170
  83  0.951378  3.8236  4.3989  0.2649  5.1187  4.2952  4.0835  4.0535  4.0863
  84  0.955959  3.8248  4.3923  0.2786  5.0813  4.2581  4.0503  4.0223  4.0562
  85  0.960454  3.8260  4.3858  0.2921  5.0446  4.2216  4.0177  3.9917  4.0267
  86  0.964882  3.8272  4.3794  0.3054  5.0085  4.1856  3.9855  3.9615  3.9974
  87  0.969257  3.8284  4.3730  0.3185  4.9729  4.1501  3.9537  3.9315  3.9686
  88  0.973591  3.8297  4.3667  0.3315  4.9379  4.1147  3.9221  3.9020  3.9400
  89  0.977892  3.8309  4.3604  0.3444  4.9030  4.0797  3.8907  3.8725  3.9116
  90  0.982160  3.8320  4.3543  0.3573  4.8686  4.0448  3.8595  3.8434  3.8834
  91  0.986399  3.8332  4.3481  0.3701  4.8344  4.0102  3.8286  3.8143  3.8554
  92  0.990607  3.8344  4.3421  0.3827  4.8004  3.9757  3.7977  3.7855  3.8275
  93  0.994774  3.8356  4.3361  0.3953  4.7668  3.9416  3.7672  3.7569  3.7999
  94  0.998901  3.8367  4.3301  0.4078  4.7336  3.9076  3.7368  3.7285  3.7725
  95  1.002996  3.8379  4.3241  0.4202  4.7007  3.8739  3.7067  3.7003  3.7453
  96  1.007062  3.8391  4.3182  0.4324  4.6681  3.8405  3.6769  3.6724  3.7183
  97  1.011084  3.8403  4.3124  0.4447  4.6360  3.8073  3.6474  3.6448  3.6917
  98  1.015050  3.8414  4.3067  0.4566  4.6045  3.7747  3.6182  3.6178  3.6654
  99  1.018949  3.8425  4.3009  0.4684  4.5735  3.7426  3.5896  3.5910  3.6395
 100  1.022775  3.8435  4.2953  0.4800  4.5433  3.7109  3.5615  3.5647  3.6140
 101  1.026522  3.8446  4.2897  0.4914  4.5137  3.6800  3.5339  3.5389  3.5891
 102  1.030184  3.8456  4.2841  0.5025  4.4848  3.6497  3.5067  3.5136  3.5646
 103  1.033761  3.8466  4.2787  0.5135  4.4568  3.6199  3.4803  3.4890  3.5407
 104  1.037248  3.8475  4.2732  0.5242  4.4295  3.5909  3.4545  3.4648  3.5172
 105  1.040641  3.8484  4.2677  0.5345  4.4029  3.5626  3.4292  3.4412  3.4942
 106  1.043932  3.8492  4.2623  0.5448  4.3770  3.5349  3.4043  3.4180  3.4717
 107  1.047119  3.8500  4.2568  0.5547  4.3517  3.5079  3.3802  3.3953  3.4495
 108  1.050192  3.8508  4.2514  0.5644  4.3270  3.4816  3.3565  3.3731  3.4278
 109  1.053145  3.8515  4.2460  0.5739  4.3031  3.4560  3.3334  3.3513  3.4065
 110  1.055980  3.8523  4.2407  0.5832  4.2798  3.4311  3.3107  3.3300  3.3858
 111  1.058699  3.8529  4.2354  0.5921  4.2569  3.4067  3.2886  3.3092  3.3654
 112  1.060395  3.8533  4.2322  0.5979  4.2425  3.3912  3.2747  3.2960  3.3525
 113  1.062091  3.8538  4.2288  0.6036  4.2280  3.3757  3.2605  3.2827  3.3395
 114  1.063784  3.8542  4.2254  0.6095  4.2133  3.3599  3.2462  3.2692  3.3263
 115  1.065479  3.8546  4.2219  0.6154  4.1984  3.3441  3.2318  3.2556  3.3129
 116  1.067173  3.8550  4.2183  0.6213  4.1834  3.3280  3.2172  3.2419  3.2995
 117  1.068867  3.8555  4.2147  0.6273  4.1683  3.3118  3.2024  3.2279  3.2858
 118  1.070564  3.8559  4.2110  0.6334  4.1530  3.2954  3.1876  3.2137  3.2719
 119  1.072262  3.8563  4.2071  0.6396  4.1375  3.2789  3.1724  3.1993  3.2577
 120  1.073962  3.8567  4.2031  0.6458  4.1219  3.2623  3.1571  3.1848  3.2434
 121  1.075667  3.8570  4.1991  0.6521  4.1062  3.2454  3.1416  3.1701  3.2290
 122  1.077372  3.8574  4.1950  0.6585  4.0902  3.2285  3.1258  3.1551  3.2142
 123  1.079081  3.8578  4.1908  0.6649  4.0742  3.2113  3.1099  3.1399  3.1992
 124  1.080793  3.8582  4.1864  0.6714  4.0579  3.1940  3.0938  3.1245  3.1840
 125  1.082508  3.8585  4.1819  0.6780  4.0415  3.1765  3.0774  3.1089  3.1686
 126  1.084227  3.8588  4.1773  0.6847  4.0248  3.1589  3.0610  3.0930  3.1528
 127  1.085947  3.8592  4.1725  0.6914  4.0080  3.1411  3.0442  3.0768  3.1368
 128  1.087669  3.8595  4.1677  0.6983  3.9911  3.1231  3.0272  3.0605  3.1205
 129  1.089395  3.8598  4.1627  0.7051  3.9740  3.1050  3.0100  3.0439  3.1041
 130  1.091120  3.8601  4.1575  0.7121  3.9567  3.0866  2.9926  3.0270  3.0874
 131  1.092846  3.8604  4.1521  0.7192  3.9394  3.0682  2.9750  3.0100  3.0705
 132  1.094571  3.8606  4.1465  0.7262  3.9218  3.0496  2.9572  2.9926  3.0531
 133  1.096293  3.8607  4.1407  0.7334  3.9042  3.0308  2.9391  2.9750  3.0355
 134  1.098014  3.8609  4.1346  0.7407  3.8864  3.0121  2.9209  2.9571  3.0175
 135  1.099730  3.8610  4.1283  0.7481  3.8685  2.9931  2.9023  2.9389  2.9994
 136  1.101442  3.8610  4.1218  0.7554  3.8505  2.9740  2.8837  2.9205  2.9809
 137  1.103144  3.8610  4.1151  0.7629  3.8324  2.9550  2.8649  2.9018  2.9621
 138  1.104835  3.8610  4.1080  0.7704  3.8143  2.9358  2.8458  2.8828  2.9430
 139  1.106513  3.8609  4.1007  0.7780  3.7962  2.9166  2.8266  2.8636  2.9237
 140  1.108179  3.8607  4.0931  0.7856  3.7779  2.8974  2.8072  2.8440  2.9040
 141  1.109831  3.8605  4.0853  0.7932  3.7597  2.8782  2.7876  2.8243  2.8839
 142  1.111468  3.8602  4.0771  0.8009  3.7414  2.8590  2.7679  2.8042  2.8637
 143  1.113085  3.8598  4.0685  0.8086  3.7232  2.8399  2.7479  2.7838  2.8429
 144  1.114688  3.8594  4.0595  0.8164  3.7050  2.8209  2.7278  2.7631  2.8218
 145  1.116269  3.8588  4.0501  0.8242  3.6869  2.8020  2.7076  2.7421  2.8004
 146  1.117828  3.8582  4.0403  0.8320  3.6689  2.7833  2.6872  2.7207  2.7785
 147  1.119367  3.8574  4.0300  0.8398  3.6511  2.7647  2.6666  2.6990  2.7562
 148  1.120881  3.8565  4.0193  0.8476  3.6334  2.7463  2.6459  2.6770  2.7335
 149  1.122371  3.8555  4.0079  0.8555  3.6159  2.7282  2.6250  2.6547  2.7103
 150  1.123835  3.8544  3.9960  0.8633  3.5987  2.7103  2.6041  2.6319  2.6867
 151  1.125270  3.8531  3.9836  0.8712  3.5818  2.6927  2.5831  2.6089  2.6627
 152  1.126677  3.8516  3.9705  0.8791  3.5654  2.6757  2.5620  2.5856  2.6382
 153  1.128054  3.8500  3.9566  0.8869  3.5494  2.6589  2.5409  2.5618  2.6131
 154  1.129399  3.8482  3.9421  0.8946  3.5340  2.6429  2.5198  2.5377  2.5876
 155  1.130710  3.8460  3.9267  0.9023  3.5193  2.6274  2.4985  2.5133  2.5615
 156  1.131987  3.8438  3.9104  0.9100  3.5052  2.6127  2.4775  2.4885  2.5348
 157  1.133230  3.8412  3.8931  0.9175  3.4921  2.5988  2.4563  2.4634  2.5076
 158  1.134437  3.8385  3.8750  0.9249  3.4800  2.5858  2.4355  2.4380  2.4800
 159  1.135612  3.8354  3.8559  0.9322  3.4689  2.5737  2.4146  2.4123  2.4518
 160  1.136755  3.8321  3.8358  0.9395  3.4593  2.5628  2.3941  2.3865  2.4232
 161  1.137871  3.8285  3.8147  0.9465  3.4514  2.5532  2.3740  2.3605  2.3941
 162  1.138596  3.8259  3.8000  0.9511  3.4472  2.5474  2.3606  2.3432  2.3745
 163  1.139319  3.8230  3.7845  0.9555  3.4442  2.5428  2.3475  2.3254  2.3542
 164  1.140040  3.8199  3.7679  0.9598  3.4431  2.5393  2.3344  2.3073  2.3334
 165  1.140759  3.8164  3.7504  0.9640  3.4440  2.5373  2.3216  2.2888  2.3120
 166  1.141478  3.8127  3.7320  0.9677  3.4476  2.5370  2.3093  2.2704  2.2903
 167  1.142195  3.8086  3.7125  0.9711  3.4547  2.5391  2.2982  2.2526  2.2688
 168  1.142911  3.8040  3.6919  0.9736  3.4669  2.5443  2.2891  2.2363  2.2482
 169  1.143620  3.7992  3.6711  0.9752  3.4841  2.5532  2.2826  2.2222  2.2294
 170  1.144306  3.7940  3.6505  0.9754  3.5076  2.5671  2.2801  2.2115  2.2137
 171  1.144940  3.7887  3.6313  0.9737  3.5352  2.5865  2.2833  2.2063  2.2031
 172  1.145509  3.7837  3.6152  0.9701  3.5690  2.6110  2.2921  2.2070  2.1985
 173  1.146001  3.7791  3.6013  0.9655  3.6066  2.6370  2.3027  2.2102  2.1968
 174  1.146443  3.7749  3.5902  0.9598  3.6509  2.6649  2.3148  2.2156  2.1980
 175  1.146844  3.7710  3.5807  0.9538  3.6970  2.6930  2.3277  2.2224  2.2008
 176  1.147226  3.7672  3.5723  0.9474  3.7443  2.7218  2.3419  2.2306  2.2053
 177  1.147624  3.7635  3.5640  0.9408  3.7932  2.7510  2.3567  2.2394  2.2105
 178  1.148037  3.7596  3.5547  0.9350  3.8418  2.7800  2.3712  2.2479  2.2147
 179  1.148555  3.7554  3.5439  0.9292  3.8940  2.8097  2.3857  2.2558  2.2180
 180  1.149195  3.7508  3.5280  0.9269  3.9450  2.8337  2.3927  2.2555  2.2124
 181  1.149926  3.7464  3.5076  0.9299  3.9833  2.8438  2.3864  2.2422  2.1941
 182  1.150532  3.7431  3.4880  0.9367  4.0018  2.8403  2.3707  2.2213  2.1695
 183  1.151120  3.7407  3.4687  0.9464  4.0054  2.8264  2.3477  2.1944  2.1396
 184  1.151689  3.7386  3.4489  0.9584  3.9983  2.8050  2.3190  2.1625  2.1053
 185  1.152248  3.7368  3.4285  0.9717  3.9870  2.7800  2.2872  2.1277  2.0684
 186  1.152794  3.7351  3.4085  0.9853  3.9730  2.7534  2.2544  2.0923  2.0309
 187  1.153332  3.7339  3.3889  1.0000  3.9515  2.7222  2.2186  2.0545  1.9915
 188  1.153862  3.7329  3.3698  1.0152  3.9262  2.6891  2.1816  2.0159  1.9517
 189  1.154390  3.7319  3.3505  1.0305  3.9000  2.6549  2.1440  1.9766  1.9111
 190  1.154915  3.7308  3.3308  1.0462  3.8749  2.6209  2.1059  1.9368  1.8700
 191  1.155435  3.7299  3.3114  1.0620  3.8474  2.5858  2.0673  1.8967  1.8287
 192  1.155953  3.7291  3.2923  1.0781  3.8169  2.5491  2.0278  1.8559  1.7868
 193  1.156468  3.7283  3.2732  1.0945  3.7855  2.5117  1.9878  1.8146  1.7447
 194  1.156980  3.7276  3.2539  1.1109  3.7538  2.4741  1.9475  1.7731  1.7022
 195  1.157489  3.7270  3.2350  1.1277  3.7200  2.4352  1.9064  1.7311  1.6593
 196  1.157994  3.7265  3.2162  1.1446  3.6838  2.3952  1.8647  1.6886  1.6162
 197  1.158499  3.7257  3.1963  1.1616  3.6518  2.3568  1.8233  1.6459  1.5725
 198  1.158998  3.7250  3.1764  1.1788  3.6171  2.3167  1.7809  1.6023  1.5280
 199  1.159467  3.7244  3.1558  1.1974  3.5778  2.2730  1.7353  1.5558  1.4807
 200  1.159930  3.7238  3.1345  1.2163  3.5389  2.2290  1.6890  1.5084  1.4324
 201  1.160372  3.7231  3.1124  1.2360  3.4980  2.1830  1.6407  1.4589  1.3821
 202  1.160801  3.7225  3.0897  1.2561  3.4563  2.1360  1.5913  1.4086  1.3308
 203  1.161218  3.7217  3.0665  1.2766  3.4142  2.0883  1.5410  1.3571  1.2784
 204  1.161622  3.7210  3.0430  1.2975  3.3709  2.0394  1.4897  1.3046  1.2249
 205  1.162017  3.7203  3.0192  1.3187  3.3269  1.9900  1.4378  1.2515  1.1709
 206  1.162397  3.7196  2.9948  1.3403  3.2827  1.9399  1.3849  1.1973  1.1157
 207  1.162767  3.7188  2.9698  1.3621  3.2390  1.8895  1.3314  1.1424  1.0597
 208  1.163127  3.7179  2.9446  1.3842  3.1951  1.8387  1.2775  1.0869  1.0031
 209  1.163477  3.7171  2.9188  1.4065  3.1511  1.7875  1.2228  1.0307  0.9456
 210  1.163813  3.7162  2.8927  1.4292  3.1066  1.7357  1.1675  0.9739  0.8876
 211  1.164140  3.7152  2.8664  1.4520  3.0606  1.6835  1.1120  0.9167  0.8291
 212  1.164456  3.7143  2.8396  1.4751  3.0147  1.6311  1.0559  0.8590  0.7700
 213  1.164761  3.7133  2.8124  1.4984  2.9690  1.5784  0.9994  0.8007  0.7102
 214  1.165054  3.7122  2.7849  1.5219  2.9232  1.5254  0.9424  0.7418  0.6500
 215  1.165339  3.7113  2.7573  1.5455  2.8768  1.4720  0.8851  0.6827  0.5893
 216  1.165612  3.7103  2.7294  1.5694  2.8307  1.4183  0.8275  0.6231  0.5281
 217  1.165660  3.7101  2.7244  1.5737  2.8226  1.4088  0.8172  0.6125  0.5172
 218  1.165707  3.7099  2.7194  1.5779  2.8144  1.3993  0.8069  0.6018  0.5063
 219  1.165754  3.7097  2.7144  1.5822  2.8061  1.3897  0.7965  0.5911  0.4953
 220  1.165801  3.7095  2.7093  1.5865  2.7978  1.3800  0.7861  0.5803  0.4843
 221  1.165848  3.7093  2.7042  1.5909  2.7896  1.3702  0.7757  0.5695  0.4732
 222  1.165895  3.7091  2.6990  1.5952  2.7813  1.3604  0.7650  0.5586  0.4620
 223  1.165942  3.7089  2.6939  1.5996  2.7728  1.3506  0.7544  0.5476  0.4507
 224  1.165988  3.7087  2.6887  1.6040  2.7645  1.3408  0.7438  0.5366  0.4394
 225  1.166034  3.7085  2.6835  1.6084  2.7562  1.3310  0.7332  0.5256  0.4282
 226  1.166080  3.7083  2.6783  1.6128  2.7479  1.3212  0.7226  0.5147  0.4169
 227  1.166531  3.7062  2.6247  1.6581  2.6635  1.2206  0.6137  0.4018  0.3009
 228  1.166950  3.7040  2.5706  1.7037  2.5805  1.1199  0.5042  0.2882  0.1841
 229  1.167324  3.7018  2.5179  1.7478  2.5021  1.0228  0.3983  0.1783  0.0709
 230  1.167650  3.6996  2.4679  1.7893  2.4322  0.9330  0.2996  0.0754 -0.0352
 231  1.167975  3.6971  2.4137  1.8337  2.3663  0.8379  0.1937 -0.0351 -0.1492
 232  1.168253  3.6948  2.3634  1.8748  2.3097  0.7505  0.0958 -0.1374 -0.2548
 233  1.168522  3.6923  2.3108  1.9176  2.2545  0.6607 -0.0057 -0.2438 -0.3647
 234  1.168765  3.6899  2.2604  1.9584  2.2044  0.5755 -0.1025 -0.3455 -0.4696
 235  1.168994  3.6875  2.2111  1.9982  2.1581  0.4932 -0.1967 -0.4445 -0.5720
 236  1.169199  3.6854  2.1676  2.0334  2.1183  0.4209 -0.2797 -0.5319 -0.6624
 237  1.169394  3.6838  2.1340  2.0606  2.0875  0.3650 -0.3438 -0.5995 -0.7323
 238  1.169582  3.6840  2.1348  2.0607  2.0820  0.3629 -0.3449 -0.6001 -0.7325
 239  1.169793  3.6870  2.1915  2.0159  2.1262  0.4530 -0.2397 -0.4887 -0.6170
 240  1.170037  3.6852  2.1491  2.0511  2.0803  0.3786 -0.3234 -0.5763 -0.7071
 241  1.170266  3.6820  2.0854  2.1023  2.0262  0.2750 -0.4435 -0.7032 -0.8386
 242  1.170466  3.6790  2.0265  2.1494  1.9733  0.1798 -0.5535 -0.8195 -0.9594
 243  1.170647  3.6761  1.9690  2.1954  1.9241  0.0888 -0.6596 -0.9320 -1.0763
 244  1.170814  3.6732  1.9125  2.2401  1.8794  0.0013 -0.7622 -1.0410 -1.1901
 245  1.170961  3.6704  1.8595  2.2821  1.8404 -0.0794 -0.8576 -1.1428 -1.2964
 246  1.171098  3.6676  1.8056  2.3246  1.8032 -0.1604 -0.9539 -1.2457 -1.4040
 247  1.171221  3.6648  1.7526  2.3664  1.7689 -0.2393 -1.0482 -1.3466 -1.5096
 248  1.171334  3.6620  1.7007  2.4072  1.7387 -0.3153 -1.1395 -1.4447 -1.6124
 249  1.171435  3.6593  1.6500  2.4471  1.7116 -0.3886 -1.2284 -1.5402 -1.7126
 250  1.171530  3.6566  1.5996  2.4867  1.6874 -0.4603 -1.3158 -1.6345 -1.8118
 251  1.171615  3.6539  1.5506  2.5251  1.6660 -0.5290 -1.4001 -1.7255 -1.9076
 252  1.171693  3.6513  1.5031  2.5621  1.6480 -0.5943 -1.4810 -1.8132 -2.0000
 253  1.171766  3.6486  1.4557  2.5988  1.6346 -0.6573 -1.5602 -1.8995 -2.0912
 254  1.171832  3.6459  1.4090  2.6347  1.6246 -0.7175 -1.6370 -1.9833 -2.1801
 255  1.171893  3.6432  1.3636  2.6695  1.6172 -0.7750 -1.7111 -2.0646 -2.2663
 256  1.171949  3.6406  1.3191  2.7035  1.6131 -0.8298 -1.7829 -2.1436 -2.3502
 257  1.172002  3.6380  1.2749  2.7371  1.6114 -0.8830 -1.8535 -2.2216 -2.4332
 258  1.172050  3.6354  1.2318  2.7699  1.6118 -0.9337 -1.9214 -2.2969 -2.5135
 259  1.172096  3.6328  1.1898  2.8018  1.6147 -0.9820 -1.9869 -2.3701 -2.5916
 260  1.172138  3.6303  1.1484  2.8331  1.6195 -1.0283 -2.0507 -2.4414 -2.6681
 261  1.172177  3.6278  1.1080  2.8636  1.6260 -1.0725 -2.1123 -2.5107 -2.7425
 262  1.172213  3.6254  1.0683  2.8935  1.6344 -1.1148 -2.1721 -2.5783 -2.8152
 263  1.172247  3.6230  1.0293  2.9231  1.6446 -1.1554 -2.2304 -2.6443 -2.8864
 264  1.172279  3.6206  0.9911  2.9518  1.6578 -1.1933 -2.2867 -2.7083 -2.9556
 265  1.172308  3.6182  0.9534  2.9799  1.6735 -1.2289 -2.3408 -2.7705 -3.0231
 266  1.172336  3.6158  0.9165  3.0074  1.6905 -1.2629 -2.3933 -2.8311 -3.0891
 267  1.172363  3.6135  0.8802  3.0344  1.7084 -1.2952 -2.4439 -2.8899 -3.1535
 268  1.172387  3.6112  0.8447  3.0608  1.7269 -1.3260 -2.4930 -2.9474 -3.2165
 269  1.172411  3.6090  0.8100  3.0867  1.7457 -1.3553 -2.5401 -3.0032 -3.2778
 270  1.172433  3.6068  0.7757  3.1120  1.7652 -1.3832 -2.5861 -3.0577 -3.3381
 271  1.172454  3.6047  0.7425  3.1367  1.7846 -1.4097 -2.6302 -3.1106 -3.3967
 272  1.172474  3.6025  0.7097  3.1610  1.8047 -1.4349 -2.6730 -3.1622 -3.4542
 273  1.172492  3.6005  0.6777  3.1847  1.8256 -1.4587 -2.7150 -3.2125 -3.5100
 274  1.172510  3.5985  0.6465  3.2080  1.8464 -1.4813 -2.7553 -3.2614 -3.5646
 275  1.172526  3.5965  0.6160  3.2306  1.8671 -1.5026 -2.7941 -3.3088 -3.6179
 276  1.172542  3.5945  0.5861  3.2527  1.8890 -1.5218 -2.8307 -3.3545 -3.6697
 277  1.172557  3.5926  0.5569  3.2742  1.9095 -1.5404 -2.8659 -3.3990 -3.7202
 278  1.172572  3.5908  0.5292  3.2948  1.9288 -1.5578 -2.8990 -3.4412 -3.7684
 279  1.172609  3.5893  0.5049  3.3129  1.9458 -1.5723 -2.9274 -3.4781 -3.8108
