#NUMBER OF AGES= 1
#----------------------------------------------------       
#MIX-LEN  Y      Z          Zeff        [Fe/H] [a/Fe]
# 1.9380  0.2488 2.3381E-03 1.7027E-03  -1.00   0.20 
#----------------------------------------------------       
#**PHOTOMETRIC SYSTEM**: SDSS (AB)                          
#----------------------------------------------------       
#AGE= 4.250 EEPS=272
#EEP   M/Mo    LogTeff  LogG   LogL/Lo sdss_u  sdss_g  sdss_r  sdss_i  sdss_z
   8  0.112494  3.5222  5.3064 -2.7750 17.8071 14.3820 12.7462 11.7646 11.2127
   9  0.125846  3.5251  5.2494 -2.6578 17.3790 14.0312 12.4113 11.4606 10.9212
  10  0.143750  3.5291  5.1888 -2.5237 16.8820 13.6222 12.0221 11.1103 10.5876
  11  0.171559  3.5373  5.1334 -2.3586 16.2096 13.0755 11.5087 10.6661 10.1776
  12  0.204501  3.5472  5.0927 -2.2015 15.5513 12.5357 11.0072 10.2378  9.7889
  13  0.231062  3.5535  5.0625 -2.0935 15.1280 12.1787 10.6749  9.9470  9.5217
  14  0.251263  3.5576  5.0413 -2.0196 14.8487 11.9393 10.4520  9.7496  9.3395
  15  0.271530  3.5611  5.0229 -1.9535 14.6057 11.7284 10.2553  9.5741  9.1767
  16  0.288232  3.5637  5.0078 -1.9018 14.4192 11.5651 10.1033  9.4375  9.0496
  17  0.299901  3.5656  4.9959 -1.8653 14.2891 11.4506  9.9966  9.3412  8.9597
  18  0.307592  3.5667  4.9869 -1.8407 14.2032 11.3745  9.9256  9.2767  8.8992
  19  0.313249  3.5675  4.9800 -1.8225 14.1406 11.3188  9.8735  9.2291  8.8546
  20  0.317614  3.5682  4.9743 -1.8084 14.0924 11.2756  9.8332  9.1921  8.8198
  21  0.321215  3.5687  4.9696 -1.7967 14.0525 11.2401  9.7999  9.1617  8.7912
  22  0.324574  3.5691  4.9654 -1.7861 14.0163 11.2076  9.7696  9.1340  8.7650
  23  0.328344  3.5697  4.9613 -1.7747 13.9773 11.1728  9.7373  9.1044  8.7373
  24  0.333546  3.5704  4.9566 -1.7603 13.9266 11.1277  9.6953  9.0664  8.7019
  25  0.342461  3.5718  4.9507 -1.7376 13.8442 11.0551  9.6286  9.0064  8.6462
  26  0.392139  3.5817  4.9030 -1.5913 13.2956 10.5745  9.1921  8.6184  8.2904
  27  0.416964  3.5879  4.8737 -1.5107 12.9814 10.3028  8.9508  8.4049  8.0949
  28  0.431241  3.5918  4.8556 -1.4621 12.7894 10.1377  8.8064  8.2767  7.9773
  29  0.445023  3.5961  4.8379 -1.4137 12.5943  9.9703  8.6614  8.1488  7.8605
  30  0.461913  3.6019  4.8167 -1.3532 12.3445  9.7564  8.4793  7.9887  7.7146
  31  0.479281  3.6086  4.7953 -1.2887 12.0729  9.5234  8.2852  7.8185  7.5594
  32  0.493739  3.6150  4.7787 -1.2341 11.8377  9.3214  8.1205  7.6747  7.4287
  33  0.504704  3.6200  4.7674 -1.1929 11.6560  9.1653  7.9957  7.5664  7.3305
  34  0.512974  3.6241  4.7595 -1.1615 11.5149  9.0439  7.8998  7.4837  7.2559
  35  0.519812  3.6278  4.7534 -1.1350 11.3954  8.9396  7.8183  7.4142  7.1936
  36  0.526340  3.6314  4.7478 -1.1097 11.2784  8.8381  7.7395  7.3472  7.1339
  37  0.533678  3.6356  4.7423 -1.0813 11.1444  8.7231  7.6513  7.2726  7.0674
  38  0.543218  3.6412  4.7361 -1.0452 10.9670  8.5741  7.5381  7.1773  6.9828
  39  0.556313  3.6490  4.7285 -0.9958 10.7056  8.3667  7.3832  7.0468  6.8671
  40  0.572221  3.6595  4.7217 -0.9351 10.3496  8.1052  7.1922  6.8858  6.7246
  41  0.590084  3.6714  4.7155 -0.8675  9.9262  7.8170  6.9827  6.7061  6.5644
  42  0.609171  3.6836  4.7080 -0.7975  9.4737  7.5325  6.7739  6.5229  6.3989
  43  0.629071  3.6958  4.6997 -0.7265  8.9997  7.2570  6.5694  6.3416  6.2339
  44  0.649226  3.7075  4.6902 -0.6564  8.6090  7.0040  6.3712  6.1641  6.0721
  45  0.668605  3.7183  4.6802 -0.5905  8.2811  6.7796  6.1896  6.0003  5.9226
  46  0.687254  3.7282  4.6695 -0.5284  7.9595  6.5744  6.0241  5.8500  5.7843
  47  0.705344  3.7371  4.6577 -0.4694  7.6699  6.3856  5.8708  5.7102  5.6551
  48  0.722147  3.7450  4.6456 -0.4155  7.4225  6.2178  5.7335  5.5850  5.5389
  49  0.737455  3.7519  4.6336 -0.3670  7.2124  6.0702  5.6117  5.4735  5.4350
  50  0.751164  3.7577  4.6219 -0.3241  7.0354  5.9418  5.5048  5.3751  5.3431
  51  0.763235  3.7625  4.6105 -0.2863  6.8865  5.8311  5.4121  5.2896  5.2627
  52  0.769607  3.7650  4.6041 -0.2665  6.8094  5.7737  5.3638  5.2448  5.2205
  53  0.775957  3.7674  4.5976 -0.2468  6.7334  5.7171  5.3163  5.2007  5.1789
  54  0.782282  3.7697  4.5912 -0.2273  6.6594  5.6614  5.2694  5.1571  5.1377
  55  0.788577  3.7720  4.5846 -0.2081  6.5874  5.6066  5.2231  5.1141  5.0969
  56  0.794842  3.7743  4.5781 -0.1891  6.5174  5.5526  5.1774  5.0717  5.0568
  57  0.801066  3.7766  4.5717 -0.1704  6.4495  5.4995  5.1325  5.0301  5.0174
  58  0.807264  3.7788  4.5654 -0.1519  6.3841  5.4473  5.0882  4.9890  4.9785
  59  0.813407  3.7810  4.5593 -0.1338  6.3224  5.3957  5.0443  4.9485  4.9403
  60  0.819474  3.7831  4.5533 -0.1160  6.2629  5.3452  5.0012  4.9087  4.9028
  61  0.825448  3.7852  4.5473 -0.0986  6.2054  5.2957  4.9590  4.8697  4.8660
  62  0.831315  3.7872  4.5414 -0.0815  6.1497  5.2472  4.9174  4.8315  4.8299
  63  0.837059  3.7892  4.5355 -0.0648  6.0956  5.1996  4.8767  4.7939  4.7945
  64  0.842685  3.7911  4.5297 -0.0483  6.0429  5.1530  4.8367  4.7571  4.7596
  65  0.848190  3.7930  4.5239 -0.0320  5.9913  5.1073  4.7974  4.7207  4.7253
  66  0.853580  3.7949  4.5181 -0.0160  5.9402  5.0625  4.7589  4.6851  4.6914
  67  0.858848  3.7967  4.5122 -0.0001  5.8901  5.0186  4.7210  4.6499  4.6581
  68  0.864023  3.7985  4.5064  0.0155  5.8412  4.9754  4.6837  4.6152  4.6251
  69  0.869110  3.8002  4.5004  0.0308  5.7934  4.9329  4.6470  4.5811  4.5925
  70  0.874114  3.8019  4.4945  0.0460  5.7467  4.8912  4.6106  4.5472  4.5603
  71  0.879053  3.8036  4.4885  0.0610  5.7010  4.8499  4.5746  4.5136  4.5283
  72  0.883927  3.8051  4.4824  0.0758  5.6565  4.8094  4.5391  4.4805  4.4966
  73  0.888752  3.8067  4.4763  0.0905  5.6127  4.7693  4.5040  4.4476  4.4651
  74  0.893517  3.8081  4.4700  0.1050  5.5702  4.7297  4.4692  4.4150  4.4338
  75  0.898249  3.8096  4.4637  0.1193  5.5284  4.6906  4.4346  4.3827  4.4028
  76  0.902940  3.8110  4.4573  0.1335  5.4873  4.6518  4.4003  4.3506  4.3720
  77  0.907589  3.8123  4.4507  0.1477  5.4470  4.6134  4.3662  4.3184  4.3412
  78  0.912193  3.8136  4.4440  0.1618  5.4073  4.5754  4.3324  4.2866  4.3105
  79  0.916751  3.8148  4.4373  0.1757  5.3681  4.5378  4.2987  4.2549  4.2800
  80  0.921246  3.8160  4.4305  0.1895  5.3298  4.5006  4.2654  4.2236  4.2497
  81  0.925676  3.8172  4.4237  0.2031  5.2920  4.4638  4.2325  4.1926  4.2196
  82  0.930517  3.8185  4.4163  0.2179  5.2509  4.4236  4.1965  4.1586  4.1869
  83  0.935273  3.8197  4.4089  0.2326  5.2106  4.3840  4.1610  4.1251  4.1545
  84  0.939947  3.8211  4.4016  0.2470  5.1711  4.3452  4.1261  4.0922  4.1227
  85  0.944533  3.8223  4.3945  0.2612  5.1323  4.3070  4.0917  4.0598  4.0914
  86  0.949031  3.8235  4.3874  0.2751  5.0943  4.2694  4.0580  4.0281  4.0607
  87  0.953437  3.8247  4.3806  0.2887  5.0571  4.2325  4.0248  3.9970  4.0306
  88  0.957758  3.8258  4.3739  0.3021  5.0208  4.1962  3.9923  3.9663  4.0010
  89  0.962009  3.8270  4.3673  0.3153  4.9851  4.1606  3.9602  3.9361  3.9719
  90  0.966203  3.8282  4.3607  0.3284  4.9499  4.1252  3.9285  3.9063  3.9430
  91  0.970348  3.8293  4.3543  0.3413  4.9152  4.0903  3.8971  3.8767  3.9145
  92  0.974453  3.8305  4.3479  0.3541  4.8808  4.0556  3.8660  3.8475  3.8862
  93  0.978516  3.8316  4.3415  0.3668  4.8468  4.0213  3.8352  3.8185  3.8582
  94  0.982543  3.8327  4.3352  0.3794  4.8133  3.9872  3.8045  3.7898  3.8303
  95  0.986536  3.8338  4.3289  0.3919  4.7800  3.9533  3.7742  3.7613  3.8027
  96  0.990486  3.8349  4.3227  0.4043  4.7471  3.9197  3.7440  3.7329  3.7754
  97  0.994391  3.8360  4.3165  0.4166  4.7144  3.8865  3.7142  3.7049  3.7483
  98  0.998249  3.8372  4.3104  0.4286  4.6824  3.8536  3.6846  3.6772  3.7214
  99  1.002062  3.8382  4.3043  0.4407  4.6508  3.8211  3.6554  3.6498  3.6948
 100  1.005848  3.8393  4.2982  0.4525  4.6195  3.7888  3.6265  3.6226  3.6685
 101  1.009595  3.8403  4.2922  0.4643  4.5887  3.7569  3.5979  3.5957  3.6425
 102  1.013294  3.8413  4.2862  0.4759  4.5584  3.7255  3.5695  3.5692  3.6167
 103  1.016936  3.8422  4.2802  0.4874  4.5287  3.6945  3.5417  3.5431  3.5913
 104  1.020516  3.8432  4.2743  0.4986  4.4996  3.6641  3.5143  3.5173  3.5663
 105  1.024024  3.8441  4.2684  0.5096  4.4711  3.6343  3.4874  3.4920  3.5416
 106  1.027450  3.8450  4.2626  0.5204  4.4432  3.6050  3.4609  3.4671  3.5174
 107  1.030786  3.8458  4.2567  0.5311  4.4160  3.5764  3.4350  3.4427  3.4937
 108  1.034021  3.8466  4.2508  0.5415  4.3896  3.5483  3.4097  3.4189  3.4704
 109  1.037145  3.8473  4.2449  0.5516  4.3638  3.5209  3.3849  3.3955  3.4476
 110  1.040154  3.8480  4.2391  0.5616  4.3387  3.4942  3.3606  3.3726  3.4252
 111  1.043037  3.8487  4.2334  0.5712  4.3140  3.4680  3.3369  3.3501  3.4033
 112  1.044750  3.8491  4.2300  0.5771  4.2992  3.4522  3.3225  3.3367  3.3900
 113  1.046457  3.8496  4.2265  0.5830  4.2843  3.4363  3.3081  3.3231  3.3767
 114  1.048158  3.8501  4.2230  0.5890  4.2693  3.4202  3.2936  3.3093  3.3633
 115  1.049855  3.8505  4.2193  0.5950  4.2541  3.4041  3.2789  3.2954  3.3497
 116  1.051544  3.8509  4.2156  0.6010  4.2389  3.3878  3.2641  3.2814  3.3359
 117  1.053224  3.8513  4.2118  0.6071  4.2236  3.3715  3.2491  3.2673  3.3221
 118  1.054900  3.8517  4.2080  0.6132  4.2081  3.3550  3.2340  3.2529  3.3080
 119  1.056570  3.8521  4.2040  0.6194  4.1926  3.3385  3.2187  3.2384  3.2937
 120  1.058233  3.8524  4.1999  0.6257  4.1771  3.3218  3.2034  3.2237  3.2793
 121  1.059895  3.8528  4.1957  0.6320  4.1613  3.3050  3.1878  3.2090  3.2647
 122  1.061551  3.8531  4.1914  0.6383  4.1455  3.2881  3.1723  3.1940  3.2500
 123  1.063203  3.8535  4.1870  0.6447  4.1295  3.2711  3.1564  3.1788  3.2350
 124  1.064853  3.8538  4.1826  0.6512  4.1134  3.2540  3.1404  3.1635  3.2199
 125  1.066501  3.8541  4.1780  0.6577  4.0972  3.2367  3.1242  3.1479  3.2045
 126  1.068145  3.8544  4.1732  0.6643  4.0808  3.2193  3.1079  3.1322  3.1889
 127  1.069786  3.8546  4.1683  0.6710  4.0643  3.2018  3.0913  3.1163  3.1731
 128  1.071425  3.8549  4.1633  0.6777  4.0477  3.1841  3.0746  3.1001  3.1571
 129  1.073061  3.8551  4.1581  0.6845  4.0309  3.1663  3.0576  3.0837  3.1408
 130  1.074693  3.8554  4.1529  0.6913  4.0140  3.1484  3.0405  3.0670  3.1242
 131  1.076322  3.8555  4.1474  0.6983  3.9971  3.1303  3.0232  3.0501  3.1074
 132  1.077946  3.8557  4.1416  0.7052  3.9799  3.1121  3.0056  3.0330  3.0903
 133  1.079565  3.8558  4.1356  0.7123  3.9627  3.0938  2.9880  3.0155  3.0729
 134  1.081179  3.8559  4.1294  0.7195  3.9453  3.0755  2.9700  2.9978  3.0551
 135  1.082787  3.8559  4.1230  0.7266  3.9278  3.0570  2.9518  2.9798  3.0371
 136  1.084390  3.8559  4.1163  0.7338  3.9102  3.0384  2.9334  2.9615  3.0187
 137  1.085986  3.8558  4.1094  0.7412  3.8925  3.0197  2.9147  2.9430  3.0001
 138  1.087575  3.8557  4.1022  0.7486  3.8749  3.0010  2.8960  2.9241  2.9810
 139  1.089156  3.8556  4.0949  0.7560  3.8571  2.9822  2.8769  2.9049  2.9617
 140  1.090727  3.8553  4.0871  0.7635  3.8392  2.9635  2.8577  2.8855  2.9419
 141  1.092288  3.8551  4.0790  0.7711  3.8213  2.9447  2.8382  2.8657  2.9220
 142  1.093837  3.8547  4.0706  0.7788  3.8033  2.9258  2.8187  2.8456  2.9015
 143  1.095374  3.8543  4.0618  0.7864  3.7855  2.9070  2.7988  2.8252  2.8807
 144  1.096898  3.8538  4.0526  0.7942  3.7677  2.8883  2.7788  2.8045  2.8596
 145  1.098406  3.8532  4.0430  0.8018  3.7498  2.8697  2.7585  2.7835  2.8380
 146  1.099898  3.8525  4.0330  0.8096  3.7321  2.8511  2.7383  2.7620  2.8160
 147  1.101370  3.8517  4.0225  0.8175  3.7146  2.8326  2.7177  2.7403  2.7936
 148  1.102819  3.8507  4.0116  0.8253  3.6973  2.8144  2.6971  2.7184  2.7708
 149  1.104244  3.8497  4.0002  0.8332  3.6802  2.7963  2.6764  2.6961  2.7477
 150  1.105645  3.8485  3.9882  0.8410  3.6632  2.7787  2.6555  2.6734  2.7240
 151  1.107018  3.8472  3.9757  0.8489  3.6467  2.7612  2.6346  2.6505  2.7000
 152  1.108366  3.8458  3.9626  0.8567  3.6306  2.7442  2.6136  2.6272  2.6755
 153  1.109684  3.8442  3.9488  0.8645  3.6148  2.7276  2.5925  2.6036  2.6507
 154  1.110974  3.8424  3.9343  0.8723  3.5996  2.7115  2.5714  2.5796  2.6252
 155  1.112233  3.8404  3.9191  0.8800  3.5850  2.6960  2.5503  2.5554  2.5993
 156  1.113460  3.8382  3.9030  0.8877  3.5711  2.6812  2.5292  2.5308  2.5728
 157  1.114655  3.8357  3.8860  0.8953  3.5582  2.6672  2.5082  2.5060  2.5459
 158  1.115818  3.8330  3.8682  0.9027  3.5464  2.6540  2.4873  2.4807  2.5184
 159  1.116951  3.8300  3.8492  0.9101  3.5359  2.6420  2.4667  2.4554  2.4905
 160  1.118055  3.8266  3.8292  0.9173  3.5271  2.6312  2.4462  2.4297  2.4619
 161  1.119133  3.8230  3.8080  0.9243  3.5203  2.6219  2.4261  2.4037  2.4328
 162  1.119823  3.8204  3.7935  0.9288  3.5170  2.6166  2.4130  2.3865  2.4133
 163  1.120513  3.8176  3.7781  0.9331  3.5155  2.6126  2.4001  2.3690  2.3933
 164  1.121201  3.8145  3.7619  0.9372  3.5158  2.6098  2.3874  2.3511  2.3727
 165  1.121890  3.8111  3.7446  0.9411  3.5186  2.6086  2.3752  2.3335  2.3520
 166  1.122579  3.8074  3.7265  0.9446  3.5244  2.6094  2.3640  2.3162  2.3313
 167  1.123267  3.8033  3.7075  0.9474  3.5345  2.6130  2.3546  2.3002  2.3115
 168  1.123951  3.7987  3.6876  0.9493  3.5498  2.6200  2.3474  2.2860  2.2929
 169  1.124618  3.7939  3.6679  0.9499  3.5704  2.6316  2.3438  2.2747  2.2770
 170  1.125250  3.7889  3.6494  0.9489  3.5952  2.6484  2.3454  2.2684  2.2655
 171  1.125822  3.7840  3.6324  0.9465  3.6253  2.6693  2.3510  2.2662  2.2581
 172  1.126335  3.7794  3.6182  0.9425  3.6614  2.6941  2.3606  2.2685  2.2555
 173  1.126785  3.7752  3.6063  0.9375  3.7036  2.7198  2.3706  2.2719  2.2546
 174  1.127203  3.7711  3.5959  0.9320  3.7489  2.7469  2.3822  2.2771  2.2559
 175  1.127595  3.7673  3.5868  0.9261  3.7954  2.7743  2.3949  2.2838  2.2589
 176  1.128002  3.7636  3.5779  0.9200  3.8441  2.8030  2.4088  2.2917  2.2629
 177  1.128459  3.7596  3.5671  0.9148  3.8924  2.8308  2.4216  2.2981  2.2648
 178  1.128968  3.7552  3.5536  0.9114  3.9403  2.8552  2.4303  2.3000  2.2620
 179  1.129507  3.7513  3.5391  0.9103  3.9811  2.8732  2.4339  2.2974  2.2550
 180  1.130088  3.7472  3.5223  0.9113  4.0197  2.8865  2.4324  2.2896  2.2426
 181  1.130711  3.7438  3.5037  0.9163  4.0452  2.8884  2.4214  2.2731  2.2221
 182  1.131271  3.7412  3.4845  0.9250  4.0532  2.8778  2.4009  2.2483  2.1942
 183  1.131816  3.7390  3.4653  0.9360  4.0504  2.8595  2.3747  2.2187  2.1621
 184  1.132346  3.7372  3.4457  0.9486  4.0396  2.8356  2.3442  2.1854  2.1266
 185  1.132868  3.7357  3.4259  0.9624  4.0241  2.8083  2.3111  2.1498  2.0891
 186  1.133381  3.7342  3.4062  0.9763  4.0071  2.7801  2.2773  2.1137  2.0512
 187  1.133888  3.7330  3.3868  0.9912  3.9845  2.7483  2.2413  2.0757  2.0118
 188  1.134389  3.7320  3.3679  1.0063  3.9589  2.7149  2.2042  2.0372  1.9719
 189  1.134888  3.7311  3.3490  1.0218  3.9319  2.6804  2.1664  1.9979  1.9315
 190  1.135388  3.7302  3.3296  1.0374  3.9053  2.6459  2.1283  1.9581  1.8905
 191  1.135882  3.7293  3.3104  1.0533  3.8771  2.6105  2.0897  1.9181  1.8494
 192  1.136374  3.7285  3.2913  1.0694  3.8467  2.5738  2.0502  1.8774  1.8077
 193  1.136864  3.7278  3.2724  1.0857  3.8148  2.5363  2.0102  1.8361  1.7655
 194  1.137352  3.7271  3.2532  1.1022  3.7828  2.4985  1.9699  1.7946  1.7231
 195  1.137837  3.7265  3.2342  1.1189  3.7486  2.4596  1.9288  1.7525  1.6802
 196  1.138318  3.7260  3.2156  1.1359  3.7121  2.4194  1.8869  1.7100  1.6370
 197  1.138800  3.7252  3.1955  1.1529  3.6798  2.3807  1.8454  1.6671  1.5931
 198  1.139273  3.7246  3.1758  1.1704  3.6436  2.3397  1.8024  1.6231  1.5484
 199  1.139721  3.7239  3.1546  1.1892  3.6053  2.2962  1.7565  1.5761  1.5004
 200  1.140161  3.7233  3.1333  1.2082  3.5652  2.2515  1.7097  1.5283  1.4517
 201  1.140582  3.7227  3.1109  1.2282  3.5237  2.2048  1.6607  1.4783  1.4009
 202  1.140992  3.7220  3.0880  1.2485  3.4815  2.1573  1.6108  1.4273  1.3489
 203  1.141391  3.7213  3.0646  1.2693  3.4388  2.1090  1.5599  1.3752  1.2959
 204  1.141776  3.7206  3.0406  1.2905  3.3948  2.0594  1.5078  1.3219  1.2417
 205  1.142153  3.7199  3.0165  1.3121  3.3500  2.0091  1.4551  1.2679  1.1867
 206  1.142517  3.7191  2.9916  1.3340  3.3051  1.9583  1.4014  1.2130  1.1307
 207  1.142871  3.7183  2.9662  1.3561  3.2608  1.9071  1.3470  1.1571  1.0738
 208  1.143215  3.7174  2.9405  1.3786  3.2160  1.8554  1.2920  1.1006  1.0160
 209  1.143549  3.7165  2.9143  1.4014  3.1712  1.8032  1.2364  1.0433  0.9576
 210  1.143870  3.7156  2.8876  1.4245  3.1249  1.7504  1.1801  0.9855  0.8985
 211  1.144182  3.7147  2.8608  1.4478  3.0779  1.6971  1.1234  0.9272  0.8388
 212  1.144484  3.7137  2.8334  1.4714  3.0312  1.6436  1.0662  0.8682  0.7784
 213  1.144774  3.7127  2.8057  1.4952  2.9845  1.5898  1.0084  0.8086  0.7173
 214  1.145053  3.7117  2.7776  1.5192  2.9377  1.5356  0.9502  0.7486  0.6557
 215  1.145326  3.7107  2.7494  1.5434  2.8905  1.4811  0.8918  0.6881  0.5938
 216  1.145586  3.7096  2.7208  1.5677  2.8435  1.4263  0.8328  0.6272  0.5314
 217  1.145628  3.7094  2.7159  1.5719  2.8357  1.4171  0.8228  0.6169  0.5208
 218  1.145671  3.7092  2.7111  1.5760  2.8277  1.4079  0.8129  0.6067  0.5103
 219  1.145714  3.7090  2.7062  1.5802  2.8199  1.3986  0.8029  0.5964  0.4997
 220  1.145756  3.7088  2.7013  1.5843  2.8120  1.3893  0.7929  0.5860  0.4890
 221  1.145800  3.7086  2.6964  1.5885  2.8040  1.3801  0.7829  0.5756  0.4783
 222  1.145842  3.7084  2.6914  1.5927  2.7961  1.3707  0.7727  0.5651  0.4675
 223  1.145883  3.7083  2.6865  1.5969  2.7880  1.3611  0.7625  0.5545  0.4567
 224  1.145925  3.7081  2.6815  1.6012  2.7801  1.3517  0.7523  0.5440  0.4458
 225  1.145967  3.7079  2.6765  1.6054  2.7719  1.3422  0.7420  0.5334  0.4349
 226  1.146008  3.7077  2.6714  1.6097  2.7640  1.3327  0.7317  0.5227  0.4240
 227  1.146442  3.7055  2.6161  1.6565  2.6772  1.2289  0.6193  0.4061  0.3041
 228  1.146828  3.7033  2.5627  1.7014  2.5957  1.1297  0.5113  0.2940  0.1890
 229  1.147173  3.7011  2.5105  1.7451  2.5188  1.0339  0.4068  0.1855  0.0772
 230  1.147481  3.6989  2.4596  1.7872  2.4498  0.9429  0.3064  0.0810 -0.0306
 231  1.147785  3.6964  2.4053  1.8317  2.3851  0.8475  0.2002 -0.0300 -0.1450
 232  1.148054  3.6940  2.3530  1.8744  2.3273  0.7572  0.0988 -0.1361 -0.2545
 233  1.148303  3.6915  2.3006  1.9170  2.2729  0.6677 -0.0024 -0.2422 -0.3640
 234  1.148533  3.6891  2.2496  1.9582  2.2231  0.5820 -0.1000 -0.3447 -0.4701
 235  1.148739  3.6868  2.2030  1.9960  2.1794  0.5040 -0.1894 -0.4386 -0.5671
 236  1.148930  3.6848  2.1612  2.0297  2.1412  0.4346 -0.2689 -0.5224 -0.6538
 237  1.149117  3.6835  2.1340  2.0519  2.1152  0.3888 -0.3213 -0.5775 -0.7107
 238  1.149299  3.6848  2.1544  2.0365  2.1249  0.4178 -0.2860 -0.5396 -0.6710
 239  1.149510  3.6872  2.1968  2.0039  2.1512  0.4814 -0.2102 -0.4588 -0.5868
 240  1.149744  3.6840  2.1313  2.0566  2.0937  0.3738 -0.3343 -0.5897 -0.7222
 241  1.149952  3.6809  2.0695  2.1062  2.0401  0.2734 -0.4506 -0.7125 -0.8495
 242  1.150139  3.6779  2.0101  2.1538  1.9864  0.1777 -0.5611 -0.8295 -0.9710
 243  1.150306  3.6750  1.9524  2.1998  1.9385  0.0870 -0.6670 -0.9418 -1.0879
 244  1.150456  3.6721  1.8974  2.2433  1.8956  0.0022 -0.7666 -1.0479 -1.1986
 245  1.150593  3.6693  1.8438  2.2857  1.8569 -0.0791 -0.8628 -1.1505 -1.3059
 246  1.150718  3.6665  1.7897  2.3284  1.8202 -0.1601 -0.9594 -1.2538 -1.4138
 247  1.150832  3.6637  1.7365  2.3704  1.7868 -0.2389 -1.0538 -1.3550 -1.5198
 248  1.150935  3.6609  1.6845  2.4113  1.7574 -0.3148 -1.1454 -1.4532 -1.6228
 249  1.151029  3.6582  1.6336  2.4513  1.7311 -0.3879 -1.2341 -1.5487 -1.7232
 250  1.151115  3.6555  1.5838  2.4904  1.7079 -0.4586 -1.3203 -1.6417 -1.8209
 251  1.151194  3.6528  1.5343  2.5291  1.6872 -0.5274 -1.4051 -1.7334 -1.9176
 252  1.151265  3.6501  1.4867  2.5662  1.6705 -0.5924 -1.4858 -1.8210 -2.0100
 253  1.151332  3.6474  1.4393  2.6027  1.6585 -0.6544 -1.5643 -1.9066 -2.1006
 254  1.151393  3.6447  1.3926  2.6386  1.6491 -0.7144 -1.6410 -1.9907 -2.1896
 255  1.151449  3.6420  1.3469  2.6737  1.6433 -0.7715 -1.7153 -2.0721 -2.2761
 256  1.151500  3.6394  1.3023  2.7077  1.6398 -0.8261 -1.7870 -2.1512 -2.3601
 257  1.151548  3.6367  1.2583  2.7411  1.6391 -0.8785 -1.8568 -2.2284 -2.4424
 258  1.151594  3.6341  1.2151  2.7740  1.6408 -0.9288 -1.9247 -2.3039 -2.5229
 259  1.151635  3.6315  1.1730  2.8059  1.6442 -0.9767 -1.9901 -2.3768 -2.6009
 260  1.151673  3.6290  1.1317  2.8371  1.6497 -1.0226 -2.0534 -2.4480 -2.6772
 261  1.151709  3.6265  1.0908  2.8681  1.6573 -1.0667 -2.1154 -2.5179 -2.7523
 262  1.151743  3.6241  1.0514  2.8978  1.6665 -1.1082 -2.1745 -2.5848 -2.8245
 263  1.151774  3.6217  1.0124  2.9272  1.6779 -1.1481 -2.2325 -2.6505 -2.8953
 264  1.151803  3.6193  0.9740  2.9559  1.6927 -1.1852 -2.2883 -2.7143 -2.9644
 265  1.151830  3.6169  0.9364  2.9840  1.7090 -1.2204 -2.3421 -2.7762 -3.0318
 266  1.151856  3.6145  0.8994  3.0116  1.7267 -1.2537 -2.3941 -2.8365 -3.0976
 267  1.151881  3.6122  0.8631  3.0386  1.7452 -1.2854 -2.4445 -2.8953 -3.1620
 268  1.151903  3.6099  0.8276  3.0649  1.7638 -1.3158 -2.4931 -2.9524 -3.2248
 269  1.151925  3.6077  0.7927  3.0908  1.7829 -1.3448 -2.5403 -3.0083 -3.2864
 270  1.151945  3.6055  0.7587  3.1161  1.8028 -1.3722 -2.5855 -3.0625 -3.3464
 271  1.151964  3.6033  0.7252  3.1410  1.8227 -1.3984 -2.6295 -3.1155 -3.4053
 272  1.151982  3.6012  0.6927  3.1651  1.8434 -1.4230 -2.6722 -3.1667 -3.4622
 273  1.151999  3.5991  0.6607  3.1889  1.8644 -1.4464 -2.7139 -3.2169 -3.5180
 274  1.152015  3.5971  0.6294  3.2121  1.8856 -1.4685 -2.7538 -3.2656 -3.5727
 275  1.152030  3.5951  0.5987  3.2347  1.9071 -1.4889 -2.7918 -3.3127 -3.6259
 276  1.152045  3.5932  0.5689  3.2568  1.9281 -1.5082 -2.8284 -3.3585 -3.6778
 277  1.152059  3.5913  0.5400  3.2783  1.9486 -1.5261 -2.8627 -3.4023 -3.7279
 278  1.152072  3.5896  0.5124  3.2988  1.9681 -1.5428 -2.8950 -3.4443 -3.7761
 279  1.152063  3.5881  0.4894  3.3158  1.9864 -1.5550 -2.9209 -3.4787 -3.8160
