#NUMBER OF AGES= 1
#----------------------------------------------------       
#MIX-LEN  Y      Z          Zeff        [Fe/H] [a/Fe]
# 1.9380  0.2488 2.3381E-03 1.7027E-03  -1.00   0.20 
#----------------------------------------------------       
#**PHOTOMETRIC SYSTEM**: SDSS (AB)                          
#----------------------------------------------------       
#AGE= 4.500 EEPS=271
#EEP   M/Mo    LogTeff  LogG   LogL/Lo sdss_u  sdss_g  sdss_r  sdss_i  sdss_z
   8  0.109446  3.5216  5.3205 -2.8038 17.9130 14.4682 12.8284 11.8391 11.2842
   9  0.122272  3.5243  5.2637 -2.6876 17.4877 14.1205 12.4966 11.5381 10.9954
  10  0.138701  3.5279  5.2037 -2.5589 17.0143 13.7310 12.1254 11.2027 10.6750
  11  0.163533  3.5347  5.1455 -2.4021 16.3945 13.2250 11.6482 10.7847 10.2853
  12  0.196257  3.5451  5.1024 -2.2378 15.6966 12.6569 11.1199 10.3355  9.8783
  13  0.223470  3.5519  5.0700 -2.1222 15.2390 12.2729 10.7626 10.0241  9.5925
  14  0.244191  3.5562  5.0476 -2.0436 14.9389 12.0170 10.5243  9.8137  9.3986
  15  0.263438  3.5598  5.0288 -1.9778 14.6952 11.8062 10.3278  9.6388  9.2365
  16  0.281546  3.5627  5.0127 -1.9211 14.4889 11.6262 10.1600  9.4884  9.0968
  17  0.295353  3.5649  4.9994 -1.8783 14.3357 11.4917 10.0348  9.3755  8.9917
  18  0.304439  3.5663  4.9893 -1.8495 14.2341 11.4019  9.9511  9.2997  8.9206
  19  0.310909  3.5672  4.9817 -1.8288 14.1627 11.3383  9.8917  9.2456  8.8700
  20  0.315818  3.5679  4.9756 -1.8131 14.1089 11.2903  9.8468  9.2045  8.8313
  21  0.319734  3.5685  4.9706 -1.8004 14.0659 11.2519  9.8110  9.1717  8.8004
  22  0.323165  3.5690  4.9663 -1.7896 14.0287 11.2186  9.7799  9.1433  8.7737
  23  0.326701  3.5695  4.9623 -1.7788 13.9916 11.1855  9.7490  9.1150  8.7472
  24  0.331197  3.5701  4.9580 -1.7660 13.9471 11.1459  9.7121  9.0815  8.7158
  25  0.338663  3.5712  4.9530 -1.7468 13.8779 11.0846  9.6557  9.0308  8.6689
  26  0.355306  3.5740  4.9401 -1.7022 13.7145 10.9409  9.5238  8.9128  8.5600
  27  0.409091  3.5859  4.8827 -1.5360 13.0810 10.3887  9.0266  8.4719  8.1561
  28  0.425116  3.5901  4.8628 -1.4823 12.8703 10.2072  8.8669  8.3301  8.0260
  29  0.438474  3.5940  4.8454 -1.4357 12.6844 10.0473  8.7277  8.2071  7.9136
  30  0.453845  3.5991  4.8259 -1.3813 12.4620  9.8567  8.5642  8.0631  7.7822
  31  0.471440  3.6056  4.8039 -1.3167 12.1926  9.6260  8.3699  7.8926  7.6268
  32  0.487266  3.6122  4.7849 -1.2571 11.9383  9.4075  8.1901  7.7353  7.4836
  33  0.499934  3.6179  4.7712 -1.2094 11.7303  9.2288  8.0460  7.6099  7.3698
  34  0.509245  3.6224  4.7620 -1.1742 11.5732  9.0941  7.9390  7.5172  7.2860
  35  0.516624  3.6262  4.7552 -1.1457 11.4455  8.9830  7.8519  7.4425  7.2189
  36  0.523223  3.6298  4.7494 -1.1201 11.3283  8.8809  7.7723  7.3749  7.1584
  37  0.530076  3.6337  4.7439 -1.0934 11.2035  8.7733  7.6893  7.3046  7.0958
  38  0.538467  3.6386  4.7380 -1.0612 11.0483  8.6416  7.5888  7.2199  7.0204
  39  0.549836  3.6452  4.7309 -1.0183 10.8304  8.4629  7.4542  7.1064  6.9197
  40  0.564443  3.6545  4.7237 -0.9626 10.5172  8.2254  7.2791  6.9590  6.7893
  41  0.581182  3.6658  4.7174 -0.8986 10.1254  7.9494  7.0787  6.7888  6.6383
  42  0.599350  3.6778  4.7107 -0.8306  9.6930  7.6662  6.8718  6.6090  6.4767
  43  0.618290  3.6896  4.7028 -0.7619  9.2353  7.3931  6.6706  6.4315  6.3156
  44  0.637667  3.7013  4.6941 -0.6931  8.8025  7.1349  6.4751  6.2571  6.1566
  45  0.656732  3.7122  4.6845 -0.6271  8.4661  6.9041  6.2900  6.0908  6.0050
  46  0.674791  3.7221  4.6746 -0.5658  8.1550  6.6980  6.1233  5.9400  5.8669
  47  0.692184  3.7311  4.6639 -0.5079  7.8589  6.5090  5.9705  5.8009  5.7387
  48  0.708733  3.7392  4.6525 -0.4537  7.5994  6.3373  5.8307  5.6734  5.6206
  49  0.723950  3.7464  4.6411 -0.4046  7.3771  6.1853  5.7061  5.5596  5.5149
  50  0.737786  3.7525  4.6298 -0.3605  7.1876  6.0513  5.5953  5.4580  5.4202
  51  0.750184  3.7578  4.6189 -0.3212  7.0268  5.9343  5.4978  5.3682  5.3363
  52  0.756476  3.7603  4.6128 -0.3013  6.9480  5.8757  5.4487  5.3230  5.2938
  53  0.762731  3.7628  4.6066 -0.2816  6.8710  5.8182  5.4003  5.2782  5.2517
  54  0.768951  3.7652  4.6002 -0.2620  6.7951  5.7616  5.3527  5.2341  5.2100
  55  0.775137  3.7676  4.5937 -0.2426  6.7205  5.7059  5.3059  5.1905  5.1689
  56  0.781295  3.7699  4.5872 -0.2234  6.6480  5.6511  5.2596  5.1475  5.1281
  57  0.787413  3.7721  4.5805 -0.2044  6.5773  5.5971  5.2140  5.1051  5.0879
  58  0.793488  3.7743  4.5740 -0.1857  6.5087  5.5440  5.1691  5.0633  5.0484
  59  0.799507  3.7766  4.5676 -0.1673  6.4422  5.4919  5.1248  5.0223  5.0095
  60  0.805481  3.7787  4.5613 -0.1492  6.3782  5.4408  5.0814  4.9820  4.9714
  61  0.811407  3.7808  4.5552 -0.1314  6.3178  5.3902  5.0383  4.9422  4.9338
  62  0.817257  3.7829  4.5491 -0.1140  6.2595  5.3407  4.9961  4.9032  4.8971
  63  0.823011  3.7849  4.5432 -0.0970  6.2031  5.2922  4.9547  4.8651  4.8610
  64  0.828661  3.7869  4.5374 -0.0803  6.1485  5.2448  4.9140  4.8276  4.8256
  65  0.834204  3.7888  4.5316 -0.0639  6.0955  5.1983  4.8741  4.7908  4.7910
  66  0.839637  3.7907  4.5258 -0.0477  6.0439  5.1526  4.8350  4.7547  4.7568
  67  0.844948  3.7926  4.5202 -0.0318  5.9936  5.1078  4.7965  4.7191  4.7232
  68  0.850155  3.7944  4.5143 -0.0161  5.9436  5.0640  4.7588  4.6842  4.6900
  69  0.855253  3.7961  4.5085 -0.0006  5.8946  5.0210  4.7216  4.6496  4.6572
  70  0.860240  3.7978  4.5026  0.0147  5.8467  4.9786  4.6851  4.6157  4.6249
  71  0.865140  3.7995  4.4967  0.0298  5.7999  4.9371  4.6490  4.5821  4.5928
  72  0.869954  3.8012  4.4908  0.0447  5.7542  4.8962  4.6134  4.5489  4.5612
  73  0.874698  3.8028  4.4849  0.0593  5.7095  4.8559  4.5782  4.5161  4.5299
  74  0.879368  3.8043  4.4788  0.0738  5.6658  4.8163  4.5435  4.4836  4.4988
  75  0.883982  3.8058  4.4727  0.0882  5.6230  4.7770  4.5090  4.4514  4.4680
  76  0.888539  3.8072  4.4665  0.1023  5.5811  4.7384  4.4750  4.4195  4.4375
  77  0.893041  3.8086  4.4603  0.1163  5.5403  4.7002  4.4413  4.3879  4.4072
  78  0.897495  3.8100  4.4540  0.1302  5.5002  4.6625  4.4079  4.3566  4.3772
  79  0.901912  3.8113  4.4477  0.1439  5.4609  4.6252  4.3747  4.3255  4.3472
  80  0.906285  3.8125  4.4412  0.1575  5.4221  4.5881  4.3418  4.2946  4.3174
  81  0.910611  3.8137  4.4346  0.1710  5.3839  4.5515  4.3091  4.2637  4.2877
  82  0.915444  3.8151  4.4270  0.1863  5.3414  4.5104  4.2724  4.2291  4.2543
  83  0.920212  3.8163  4.4194  0.2013  5.2997  4.4698  4.2360  4.1947  4.2211
  84  0.924907  3.8176  4.4118  0.2162  5.2587  4.4298  4.2000  4.1608  4.1882
  85  0.929524  3.8188  4.4041  0.2308  5.2184  4.3903  4.1645  4.1272  4.1557
  86  0.934061  3.8201  4.3966  0.2452  5.1789  4.3513  4.1295  4.0941  4.1237
  87  0.938515  3.8212  4.3892  0.2595  5.1401  4.3131  4.0949  4.0615  4.0921
  88  0.942885  3.8224  4.3819  0.2735  5.1019  4.2754  4.0609  4.0294  4.0610
  89  0.947175  3.8235  4.3747  0.2872  5.0646  4.2383  4.0275  3.9978  4.0304
  90  0.951386  3.8247  4.3677  0.3008  5.0280  4.2018  3.9946  3.9668  4.0005
  91  0.955515  3.8258  4.3608  0.3141  4.9922  4.1660  3.9623  3.9363  3.9710
  92  0.959577  3.8270  4.3539  0.3272  4.9569  4.1306  3.9304  3.9063  3.9418
  93  0.963580  3.8280  4.3471  0.3401  4.9221  4.0957  3.8989  3.8767  3.9131
  94  0.967534  3.8291  4.3405  0.3530  4.8878  4.0611  3.8677  3.8473  3.8847
  95  0.971448  3.8302  4.3339  0.3656  4.8541  4.0270  3.8370  3.8182  3.8565
  96  0.975319  3.8312  4.3273  0.3781  4.8206  3.9931  3.8064  3.7894  3.8286
  97  0.979151  3.8323  4.3208  0.3906  4.7876  3.9595  3.7761  3.7609  3.8010
  98  0.982946  3.8333  4.3144  0.4029  4.7550  3.9262  3.7461  3.7326  3.7736
  99  0.986702  3.8343  4.3080  0.4151  4.7226  3.8932  3.7163  3.7046  3.7464
 100  0.990416  3.8354  4.3015  0.4271  4.6908  3.8606  3.6869  3.6769  3.7195
 101  0.994087  3.8364  4.2952  0.4391  4.6593  3.8283  3.6578  3.6494  3.6929
 102  0.997709  3.8374  4.2888  0.4509  4.6284  3.7964  3.6290  3.6223  3.6665
 103  1.001284  3.8383  4.2825  0.4626  4.5980  3.7651  3.6005  3.5954  3.6404
 104  1.004827  3.8392  4.2762  0.4740  4.5679  3.7339  3.5723  3.5689  3.6146
 105  1.008331  3.8401  4.2699  0.4855  4.5384  3.7033  3.5445  3.5426  3.5890
 106  1.011784  3.8409  4.2636  0.4967  4.5093  3.6730  3.5170  3.5166  3.5636
 107  1.015168  3.8418  4.2573  0.5078  4.4808  3.6431  3.4898  3.4910  3.5387
 108  1.018474  3.8426  4.2510  0.5186  4.4528  3.6140  3.4632  3.4657  3.5140
 109  1.021683  3.8434  4.2448  0.5293  4.4254  3.5853  3.4370  3.4409  3.4898
 110  1.024788  3.8441  4.2385  0.5397  4.3987  3.5572  3.4114  3.4165  3.4659
 111  1.027774  3.8448  4.2324  0.5500  4.3725  3.5297  3.3861  3.3927  3.4425
 112  1.029475  3.8452  4.2288  0.5560  4.3574  3.5137  3.3716  3.3789  3.4291
 113  1.031176  3.8456  4.2252  0.5620  4.3422  3.4977  3.3570  3.3649  3.4155
 114  1.032874  3.8460  4.2215  0.5680  4.3268  3.4815  3.3422  3.3509  3.4018
 115  1.034568  3.8464  4.2178  0.5741  4.3115  3.4651  3.3272  3.3368  3.3879
 116  1.036259  3.8468  4.2140  0.5802  4.2960  3.4487  3.3122  3.3225  3.3739
 117  1.037946  3.8472  4.2100  0.5864  4.2804  3.4321  3.2969  3.3080  3.3598
 118  1.039629  3.8476  4.2060  0.5927  4.2647  3.4154  3.2816  3.2934  3.3454
 119  1.041305  3.8479  4.2018  0.5990  4.2488  3.3986  3.2661  3.2787  3.3308
 120  1.042976  3.8483  4.1977  0.6053  4.2329  3.3817  3.2504  3.2637  3.3161
 121  1.044641  3.8486  4.1934  0.6117  4.2169  3.3646  3.2347  3.2487  3.3014
 122  1.046299  3.8491  4.1889  0.6182  4.2009  3.3475  3.2188  3.2334  3.2863
 123  1.047950  3.8494  4.1844  0.6247  4.1847  3.3303  3.2027  3.2180  3.2711
 124  1.049594  3.8497  4.1797  0.6312  4.1684  3.3130  3.1865  3.2025  3.2557
 125  1.051229  3.8500  4.1751  0.6377  4.1520  3.2956  3.1702  3.1867  3.2402
 126  1.052856  3.8502  4.1702  0.6443  4.1355  3.2781  3.1537  3.1708  3.2245
 127  1.054470  3.8505  4.1652  0.6510  4.1190  3.2605  3.1371  3.1547  3.2085
 128  1.056078  3.8507  4.1600  0.6577  4.1024  3.2429  3.1203  3.1384  3.1924
 129  1.057678  3.8509  4.1547  0.6645  4.0857  3.2251  3.1034  3.1221  3.1760
 130  1.059269  3.8511  4.1493  0.6714  4.0688  3.2072  3.0864  3.1055  3.1596
 131  1.060851  3.8513  4.1437  0.6783  4.0519  3.1893  3.0691  3.0886  3.1427
 132  1.062423  3.8514  4.1379  0.6852  4.0350  3.1713  3.0517  3.0714  3.1256
 133  1.063987  3.8515  4.1318  0.6922  4.0179  3.1533  3.0340  3.0540  3.1082
 134  1.065541  3.8515  4.1256  0.6993  4.0009  3.1351  3.0162  3.0364  3.0905
 135  1.067085  3.8515  4.1191  0.7064  3.9836  3.1168  2.9982  3.0185  3.0726
 136  1.068621  3.8515  4.1124  0.7136  3.9663  3.0985  2.9800  3.0003  3.0543
 137  1.070148  3.8514  4.1054  0.7209  3.9490  3.0801  2.9616  2.9820  3.0358
 138  1.071662  3.8512  4.0982  0.7282  3.9315  3.0617  2.9430  2.9633  3.0170
 139  1.073167  3.8511  4.0907  0.7355  3.9141  3.0432  2.9242  2.9444  2.9979
 140  1.074660  3.8508  4.0829  0.7429  3.8966  3.0248  2.9052  2.9251  2.9784
 141  1.076141  3.8505  4.0748  0.7504  3.8791  3.0064  2.8861  2.9056  2.9585
 142  1.077610  3.8501  4.0664  0.7579  3.8615  2.9879  2.8667  2.8858  2.9383
 143  1.079063  3.8497  4.0576  0.7655  3.8441  2.9694  2.8471  2.8656  2.9177
 144  1.080503  3.8491  4.0484  0.7731  3.8266  2.9510  2.8274  2.8451  2.8968
 145  1.081926  3.8485  4.0388  0.7808  3.8093  2.9326  2.8075  2.8244  2.8755
 146  1.083332  3.8478  4.0288  0.7885  3.7920  2.9143  2.7874  2.8033  2.8537
 147  1.084721  3.8470  4.0184  0.7962  3.7748  2.8962  2.7673  2.7818  2.8316
 148  1.086091  3.8461  4.0075  0.8040  3.7579  2.8782  2.7470  2.7601  2.8091
 149  1.087441  3.8450  3.9960  0.8118  3.7412  2.8604  2.7264  2.7380  2.7861
 150  1.088769  3.8438  3.9840  0.8196  3.7247  2.8429  2.7057  2.7155  2.7626
 151  1.090076  3.8425  3.9714  0.8274  3.7084  2.8257  2.6849  2.6927  2.7387
 152  1.091360  3.8411  3.9583  0.8352  3.6925  2.8088  2.6640  2.6695  2.7142
 153  1.092619  3.8395  3.9446  0.8430  3.6770  2.7922  2.6430  2.6461  2.6894
 154  1.093855  3.8377  3.9301  0.8508  3.6620  2.7763  2.6220  2.6222  2.6641
 155  1.095065  3.8357  3.9150  0.8586  3.6476  2.7607  2.6009  2.5980  2.6382
 156  1.096248  3.8335  3.8991  0.8663  3.6341  2.7458  2.5798  2.5735  2.6118
 157  1.097404  3.8311  3.8822  0.8739  3.6213  2.7315  2.5588  2.5488  2.5850
 158  1.098533  3.8284  3.8645  0.8814  3.6097  2.7183  2.5378  2.5236  2.5576
 159  1.099637  3.8255  3.8456  0.8888  3.5996  2.7061  2.5170  2.4982  2.5296
 160  1.100713  3.8222  3.8255  0.8961  3.5915  2.6953  2.4965  2.4725  2.5008
 161  1.101766  3.8185  3.8042  0.9032  3.5858  2.6864  2.4761  2.4461  2.4713
 162  1.102429  3.8159  3.7898  0.9076  3.5834  2.6815  2.4629  2.4288  2.4517
 163  1.103094  3.8131  3.7744  0.9118  3.5832  2.6780  2.4503  2.4114  2.4318
 164  1.103759  3.8100  3.7583  0.9157  3.5848  2.6758  2.4380  2.3942  2.4118
 165  1.104425  3.8066  3.7412  0.9194  3.5892  2.6753  2.4266  2.3772  2.3916
 166  1.105093  3.8028  3.7233  0.9226  3.5973  2.6769  2.4164  2.3611  2.3720
 167  1.105759  3.7986  3.7045  0.9249  3.6101  2.6821  2.4085  2.3467  2.3536
 168  1.106417  3.7940  3.6852  0.9262  3.6281  2.6913  2.4033  2.3344  2.3368
 169  1.107047  3.7892  3.6664  0.9259  3.6505  2.7055  2.4030  2.3264  2.3238
 170  1.107632  3.7844  3.6495  0.9240  3.6787  2.7250  2.4075  2.3234  2.3157
 171  1.108150  3.7798  3.6345  0.9208  3.7124  2.7473  2.4148  2.3232  2.3107
 172  1.108616  3.7755  3.6216  0.9164  3.7536  2.7720  2.4238  2.3254  2.3085
 173  1.109035  3.7715  3.6110  0.9113  3.7976  2.7979  2.4343  2.3297  2.3088
 174  1.109439  3.7676  3.6009  0.9059  3.8438  2.8244  2.4456  2.3349  2.3101
 175  1.109835  3.7638  3.5913  0.9003  3.8912  2.8515  2.4579  2.3412  2.3125
 176  1.110277  3.7598  3.5813  0.8946  3.9401  2.8801  2.4718  2.3488  2.3159
 177  1.110805  3.7554  3.5673  0.8911  3.9900  2.9057  2.4810  2.3509  2.3131
 178  1.111416  3.7507  3.5495  0.8906  4.0365  2.9249  2.4834  2.3459  2.3029
 179  1.111968  3.7473  3.5323  0.8941  4.0635  2.9299  2.4754  2.3326  2.2855
 180  1.112460  3.7441  3.5157  0.8986  4.0860  2.9316  2.4655  2.3177  2.2671
 181  1.112928  3.7418  3.4999  0.9049  4.0968  2.9256  2.4506  2.2991  2.2457
 182  1.113447  3.7396  3.4813  0.9152  4.0960  2.9091  2.4261  2.2711  2.2152
 183  1.113956  3.7377  3.4619  0.9270  4.0887  2.8878  2.3977  2.2396  2.1814
 184  1.114455  3.7360  3.4422  0.9401  4.0764  2.8627  2.3663  2.2055  2.1452
 185  1.114944  3.7347  3.4231  0.9542  4.0566  2.8331  2.3320  2.1692  2.1073
 186  1.115428  3.7334  3.4039  0.9686  4.0366  2.8032  2.2975  2.1324  2.0690
 187  1.115908  3.7322  3.3844  0.9834  4.0144  2.7715  2.2613  2.0944  2.0294
 188  1.116383  3.7312  3.3653  0.9986  3.9890  2.7381  2.2241  2.0557  1.9894
 189  1.116856  3.7304  3.3466  1.0141  3.9610  2.7032  2.1862  2.0164  1.9491
 190  1.117327  3.7296  3.3279  1.0299  3.9317  2.6675  2.1477  1.9766  1.9083
 191  1.117798  3.7288  3.3089  1.0457  3.9029  2.6319  2.1090  1.9366  1.8673
 192  1.118265  3.7279  3.2898  1.0617  3.8734  2.5957  2.0699  1.8960  1.8256
 193  1.118730  3.7273  3.2709  1.0781  3.8411  2.5580  2.0297  1.8548  1.7835
 194  1.119193  3.7266  3.2518  1.0945  3.8086  2.5200  1.9893  1.8134  1.7412
 195  1.119654  3.7260  3.2329  1.1113  3.7746  2.4811  1.9483  1.7713  1.6984
 196  1.120112  3.7254  3.2139  1.1282  3.7390  2.4414  1.9067  1.7288  1.6551
 197  1.120569  3.7247  3.1942  1.1453  3.7053  2.4020  1.8649  1.6858  1.6112
 198  1.121012  3.7243  3.1747  1.1631  3.6662  2.3596  1.8210  1.6411  1.5659
 199  1.121437  3.7235  3.1529  1.1819  3.6293  2.3164  1.7749  1.5939  1.5176
 200  1.121854  3.7229  3.1315  1.2012  3.5887  2.2712  1.7277  1.5456  1.4685
 201  1.122253  3.7222  3.1089  1.2213  3.5469  2.2243  1.6785  1.4952  1.4172
 202  1.122641  3.7215  3.0859  1.2418  3.5044  2.1764  1.6281  1.4438  1.3649
 203  1.123020  3.7208  3.0624  1.2627  3.4610  2.1276  1.5768  1.3913  1.3116
 204  1.123385  3.7201  3.0382  1.2840  3.4168  2.0777  1.5245  1.3378  1.2569
 205  1.123743  3.7194  3.0138  1.3058  3.3717  2.0271  1.4713  1.2832  1.2015
 206  1.124090  3.7186  2.9888  1.3278  3.3266  1.9759  1.4172  1.2279  1.1451
 207  1.124426  3.7178  2.9633  1.3502  3.2816  1.9242  1.3623  1.1717  1.0877
 208  1.124752  3.7169  2.9372  1.3730  3.2366  1.8721  1.3069  1.1146  1.0295
 209  1.125069  3.7160  2.9107  1.3960  3.1909  1.8194  1.2507  1.0569  0.9705
 210  1.125375  3.7151  2.8839  1.4193  3.1439  1.7661  1.1940  0.9985  0.9108
 211  1.125672  3.7142  2.8567  1.4428  3.0966  1.7123  1.1367  0.9396  0.8505
 212  1.125958  3.7132  2.8290  1.4667  3.0494  1.6583  1.0790  0.8801  0.7895
 213  1.126233  3.7121  2.8010  1.4907  3.0021  1.6038  1.0205  0.8198  0.7278
 214  1.126500  3.7112  2.7726  1.5150  2.9548  1.5491  0.9618  0.7591  0.6656
 215  1.126758  3.7101  2.7441  1.5394  2.9071  1.4939  0.9026  0.6981  0.6030
 216  1.127005  3.7090  2.7152  1.5640  2.8597  1.4386  0.8431  0.6365  0.5399
 217  1.127047  3.7088  2.7102  1.5683  2.8516  1.4291  0.8328  0.6259  0.5288
 218  1.127088  3.7086  2.7052  1.5726  2.8435  1.4196  0.8225  0.6152  0.5179
 219  1.127130  3.7084  2.7001  1.5769  2.8353  1.4100  0.8120  0.6044  0.5069
 220  1.127171  3.7082  2.6951  1.5812  2.8272  1.4004  0.8017  0.5937  0.4959
 221  1.127212  3.7080  2.6900  1.5855  2.8191  1.3908  0.7913  0.5830  0.4849
 222  1.127253  3.7078  2.6848  1.5898  2.8109  1.3811  0.7808  0.5721  0.4737
 223  1.127293  3.7077  2.6797  1.5942  2.8025  1.3712  0.7702  0.5611  0.4625
 224  1.127335  3.7074  2.6745  1.5986  2.7943  1.3614  0.7596  0.5502  0.4512
 225  1.127375  3.7072  2.6693  1.6030  2.7860  1.3516  0.7490  0.5392  0.4399
 226  1.127416  3.7070  2.6640  1.6075  2.7777  1.3418  0.7383  0.5281  0.4285
 227  1.127818  3.7048  2.6091  1.6538  2.6922  1.2391  0.6269  0.4127  0.3098
 228  1.128176  3.7027  2.5559  1.6986  2.6114  1.1404  0.5196  0.3013  0.1952
 229  1.128501  3.7005  2.5035  1.7425  2.5349  1.0443  0.4146  0.1922  0.0830
 230  1.128793  3.6982  2.4523  1.7847  2.4678  0.9531  0.3139  0.0872 -0.0253
 231  1.129074  3.6958  2.3985  1.8288  2.4044  0.8587  0.2086 -0.0227 -0.1387
 232  1.129328  3.6933  2.3458  1.8718  2.3468  0.7678  0.1065 -0.1297 -0.2490
 233  1.129563  3.6909  2.2931  1.9146  2.2927  0.6782  0.0049 -0.2361 -0.3589
 234  1.129776  3.6885  2.2431  1.9552  2.2441  0.5939 -0.0910 -0.3370 -0.4631
 235  1.129972  3.6862  2.1966  1.9927  2.2007  0.5163 -0.1799 -0.4304 -0.5597
 236  1.130151  3.6843  2.1571  2.0247  2.1645  0.4506 -0.2554 -0.5099 -0.6419
 237  1.130329  3.6834  2.1366  2.0418  2.1422  0.4148 -0.2957 -0.5521 -0.6854
 238  1.130505  3.6856  2.1751  2.0117  2.1686  0.4740 -0.2258 -0.4778 -0.6080
 239  1.130714  3.6867  2.1878  2.0034  2.1653  0.4868 -0.2076 -0.4574 -0.5862
 240  1.130933  3.6831  2.1187  2.0583  2.1098  0.3763 -0.3365 -0.5936 -0.7274
 241  1.131124  3.6800  2.0578  2.1072  2.0558  0.2773 -0.4508 -0.7145 -0.8528
 242  1.131298  3.6771  1.9986  2.1547  2.0026  0.1822 -0.5609 -0.8310 -0.9739
 243  1.131453  3.6742  1.9410  2.2005  1.9554  0.0920 -0.6663 -0.9430 -1.0904
 244  1.131592  3.6713  1.8865  2.2438  1.9136  0.0082 -0.7648 -1.0479 -1.2000
 245  1.131719  3.6684  1.8325  2.2864  1.8748 -0.0736 -0.8617 -1.1514 -1.3081
 246  1.131835  3.6656  1.7783  2.3292  1.8386 -0.1545 -0.9583 -1.2546 -1.4162
 247  1.131941  3.6628  1.7253  2.3711  1.8062 -0.2328 -1.0522 -1.3553 -1.5215
 248  1.132036  3.6601  1.6733  2.4120  1.7773 -0.3085 -1.1436 -1.4535 -1.6246
 249  1.132123  3.6573  1.6226  2.4518  1.7518 -0.3811 -1.2319 -1.5485 -1.7244
 250  1.132203  3.6546  1.5725  2.4911  1.7288 -0.4520 -1.3185 -1.6420 -1.8228
 251  1.132275  3.6519  1.5234  2.5295  1.7089 -0.5200 -1.4025 -1.7328 -1.9184
 252  1.132343  3.6493  1.4755  2.5667  1.6932 -0.5846 -1.4831 -1.8205 -2.0110
 253  1.132404  3.6465  1.4281  2.6032  1.6819 -0.6464 -1.5614 -1.9060 -2.1016
 254  1.132460  3.6438  1.3814  2.6390  1.6734 -0.7059 -1.6378 -1.9897 -2.1903
 255  1.132512  3.6411  1.3358  2.6740  1.6683 -0.7625 -1.7117 -2.0709 -2.2765
 256  1.132560  3.6385  1.2911  2.7080  1.6655 -0.8168 -1.7832 -2.1499 -2.3604
 257  1.132606  3.6358  1.2471  2.7415  1.6653 -0.8689 -1.8529 -2.2271 -2.4427
 258  1.132647  3.6332  1.2039  2.7743  1.6676 -0.9188 -1.9205 -2.3023 -2.5230
 259  1.132685  3.6307  1.1618  2.8062  1.6716 -0.9664 -1.9856 -2.3751 -2.6010
 260  1.132720  3.6281  1.1205  2.8375  1.6776 -1.0120 -2.0489 -2.4462 -2.6772
 261  1.132754  3.6256  1.0797  2.8683  1.6858 -1.0556 -2.1105 -2.5158 -2.7521
 262  1.132785  3.6232  1.0402  2.8981  1.6956 -1.0967 -2.1695 -2.5826 -2.8242
 263  1.132814  3.6208  1.0012  2.9274  1.7080 -1.1360 -2.2273 -2.6482 -2.8950
 264  1.132841  3.6184  0.9628  2.9561  1.7237 -1.1726 -2.2826 -2.7116 -2.9638
 265  1.132866  3.6160  0.9252  2.9842  1.7404 -1.2075 -2.3362 -2.7734 -3.0312
 266  1.132890  3.6136  0.8883  3.0118  1.7584 -1.2404 -2.3879 -2.8335 -3.0968
 267  1.132913  3.6113  0.8519  3.0388  1.7771 -1.2721 -2.4381 -2.8924 -3.1613
 268  1.132934  3.6090  0.8165  3.0652  1.7959 -1.3021 -2.4866 -2.9494 -3.2240
 269  1.132954  3.6068  0.7817  3.0910  1.8153 -1.3308 -2.5333 -3.0050 -3.2855
 270  1.132972  3.6046  0.7476  3.1163  1.8352 -1.3579 -2.5784 -3.0591 -3.3455
 271  1.132990  3.6024  0.7142  3.1412  1.8555 -1.3837 -2.6222 -3.1119 -3.4041
 272  1.133007  3.6003  0.6816  3.1653  1.8765 -1.4080 -2.6649 -3.1631 -3.4610
 273  1.133023  3.5982  0.6496  3.1890  1.8976 -1.4311 -2.7063 -3.2130 -3.5168
 274  1.133038  3.5962  0.6183  3.2122  1.9191 -1.4528 -2.7459 -3.2616 -3.5715
 275  1.133052  3.5942  0.5877  3.2349  1.9406 -1.4729 -2.7835 -3.3086 -3.6246
 276  1.133065  3.5923  0.5579  3.2571  1.9617 -1.4919 -2.8196 -3.3542 -3.6765
 277  1.133078  3.5904  0.5290  3.2784  1.9822 -1.5094 -2.8536 -3.3980 -3.7265
 278  1.133090  3.5886  0.5013  3.2990  2.0023 -1.5254 -2.8855 -3.4398 -3.7748
