#NUMBER OF AGES= 1
#----------------------------------------------------       
#MIX-LEN  Y      Z          Zeff        [Fe/H] [a/Fe]
# 1.9380  0.2488 2.3381E-03 1.7027E-03  -1.00   0.20 
#----------------------------------------------------       
#**PHOTOMETRIC SYSTEM**: SDSS (AB)                          
#----------------------------------------------------       
#AGE= 4.750 EEPS=271
#EEP   M/Mo    LogTeff  LogG   LogL/Lo sdss_u  sdss_g  sdss_r  sdss_i  sdss_z
   8  0.106592  3.5209  5.3338 -2.8313 18.0153 14.5511 12.9076 11.9105 11.3526
   9  0.119058  3.5236  5.2771 -2.7154 17.5887 14.2035 12.5758 11.6100 11.0644
  10  0.134371  3.5270  5.2179 -2.5906 17.1321 13.8281 12.2176 11.2856 10.7538
  11  0.156632  3.5325  5.1579 -2.4417 16.5594 13.3587 11.7734 10.8922 10.3840
  12  0.188286  3.5428  5.1116 -2.2743 15.8491 12.7823 11.2365 10.4354  9.9689
  13  0.216297  3.5502  5.0776 -2.1504 15.3492 12.3662 10.8493 10.1000  9.6623
  14  0.237630  3.5549  5.0536 -2.0666 15.0266 12.0921 10.5941  9.8754  9.4555
  15  0.255770  3.5584  5.0347 -2.0018 14.7840 11.8832 10.3996  9.7026  9.2956
  16  0.274586  3.5616  5.0177 -1.9413 14.5627 11.6906 10.2200  9.5420  9.1465
  17  0.290140  3.5641  5.0033 -1.8932 14.3893 11.5388 10.0786  9.4148  9.0282
  18  0.301016  3.5658  4.9920 -1.8590 14.2684 11.4320  9.9792  9.3250  8.9442
  19  0.308395  3.5669  4.9836 -1.8355 14.1867 11.3596  9.9116  9.2635  8.8866
  20  0.313922  3.5677  4.9769 -1.8180 14.1263 11.3058  9.8613  9.2176  8.8435
  21  0.318230  3.5683  4.9716 -1.8043 14.0794 11.2640  9.8222  9.1818  8.8098
  22  0.321832  3.5688  4.9671 -1.7929 14.0405 11.2291  9.7896  9.1521  8.7818
  23  0.325274  3.5693  4.9631 -1.7823 14.0040 11.1965  9.7592  9.1243  8.7557
  24  0.329310  3.5699  4.9591 -1.7706 13.9633 11.1602  9.7255  9.0936  8.7270
  25  0.335542  3.5708  4.9547 -1.7544 13.9053 11.1089  9.6779  9.0509  8.6875
  26  0.345147  3.5723  4.9479 -1.7294 13.8150 11.0293  9.6048  8.9851  8.6265
  27  0.398629  3.5834  4.8941 -1.5690 13.2103 10.5004  9.1256  8.5594  8.2363
  28  0.418009  3.5883  4.8708 -1.5052 12.9615 10.2853  8.9351  8.3906  8.0816
  29  0.432511  3.5923  4.8523 -1.4556 12.7649 10.1164  8.7875  8.2597  7.9615
  30  0.446729  3.5967  4.8340 -1.4056 12.5625  9.9426  8.6373  8.1273  7.8407
  31  0.463624  3.6026  4.8127 -1.3445 12.3097  9.7263  8.4536  7.9659  7.6936
  32  0.480680  3.6094  4.7917 -1.2808 12.0412  9.4958  8.2620  7.7979  7.5405
  33  0.494629  3.6156  4.7758 -1.2280 11.8126  9.2993  8.1023  7.6587  7.4139
  34  0.505236  3.6205  4.7648 -1.1879 11.6360  9.1476  7.9810  7.5534  7.3185
  35  0.513336  3.6246  4.7571 -1.1569 11.4967  9.0275  7.8865  7.4719  7.2451
  36  0.520211  3.6283  4.7509 -1.1303 11.3759  8.9221  7.8041  7.4016  7.1821
  37  0.526846  3.6320  4.7454 -1.1042 11.2558  8.8180  7.7234  7.3332  7.1211
  38  0.534443  3.6364  4.7396 -1.0748 11.1158  8.6982  7.6316  7.2558  7.0521
  39  0.544313  3.6422  4.7332 -1.0373 10.9301  8.5429  7.5140  7.1565  6.9641
  40  0.557535  3.6503  4.7256 -0.9869 10.6597  8.3310  7.3562  7.0236  6.8462
  41  0.573158  3.6607  4.7191 -0.9269 10.3039  8.0721  7.1673  6.8643  6.7052
  42  0.590425  3.6723  4.7129 -0.8612  9.8909  7.7928  6.9642  6.6897  6.5493
  43  0.608517  3.6839  4.7055 -0.7944  9.4576  7.5217  6.7651  6.5148  6.3912
  44  0.627130  3.6954  4.6974 -0.7272  9.0101  7.2616  6.5719  6.3435  6.2351
  45  0.645698  3.7063  4.6885 -0.6617  8.6402  7.0244  6.3867  6.1776  6.0840
  46  0.663492  3.7164  4.6789 -0.6003  8.3372  6.8143  6.2165  6.0242  5.9439
  47  0.680375  3.7255  4.6690 -0.5430  8.0401  6.6237  6.0628  5.8847  5.8158
  48  0.696482  3.7337  4.6585 -0.4892  7.7704  6.4503  5.9222  5.7566  5.6974
  49  0.711579  3.7411  4.6476 -0.4395  7.5372  6.2942  5.7948  5.6403  5.5897
  50  0.725444  3.7475  4.6367 -0.3945  7.3359  6.1554  5.6809  5.5361  5.4929
  51  0.738019  3.7531  4.6261 -0.3541  7.1641  6.0331  5.5794  5.4430  5.4060
  52  0.744244  3.7558  4.6205 -0.3341  7.0822  5.9736  5.5299  5.3974  5.3633
  53  0.750433  3.7584  4.6147 -0.3144  7.0026  5.9151  5.4809  5.3523  5.3210
  54  0.756579  3.7609  4.6085 -0.2947  6.9252  5.8575  5.4325  5.3076  5.2790
  55  0.762681  3.7633  4.6022 -0.2753  6.8498  5.8009  5.3849  5.2635  5.2375
  56  0.768746  3.7656  4.5957 -0.2560  6.7752  5.7452  5.3380  5.2200  5.1963
  57  0.774771  3.7679  4.5893 -0.2368  6.7023  5.6905  5.2918  5.1770  5.1557
  58  0.780754  3.7702  4.5826 -0.2179  6.6312  5.6366  5.2463  5.1347  5.1156
  59  0.786690  3.7724  4.5760 -0.1993  6.5620  5.5836  5.2014  5.0929  5.0760
  60  0.792572  3.7745  4.5694 -0.1809  6.4950  5.5315  5.1573  5.0518  5.0370
  61  0.798398  3.7767  4.5629 -0.1628  6.4301  5.4805  5.1138  5.0114  4.9987
  62  0.804166  3.7788  4.5566 -0.1451  6.3675  5.4303  5.0712  4.9719  4.9613
  63  0.809870  3.7808  4.5505 -0.1277  6.3085  5.3809  5.0291  4.9329  4.9245
  64  0.815496  3.7828  4.5445 -0.1106  6.2515  5.3324  4.9877  4.8947  4.8885
  65  0.821037  3.7848  4.5386 -0.0940  6.1964  5.2850  4.9471  4.8573  4.8531
  66  0.826478  3.7867  4.5328 -0.0777  6.1431  5.2387  4.9073  4.8206  4.8186
  67  0.831809  3.7886  4.5271 -0.0616  6.0913  5.1932  4.8684  4.7847  4.7846
  68  0.837038  3.7904  4.5214 -0.0458  6.0409  5.1485  4.8301  4.7494  4.7512
  69  0.842164  3.7922  4.5158 -0.0303  5.9917  5.1048  4.7924  4.7146  4.7183
  70  0.847176  3.7940  4.5101 -0.0149  5.9430  5.0619  4.7555  4.6804  4.6858
  71  0.852095  3.7957  4.5042  0.0003  5.8951  5.0198  4.7191  4.6465  4.6537
  72  0.856906  3.7973  4.4984  0.0152  5.8484  4.9784  4.6833  4.6132  4.6219
  73  0.861622  3.7990  4.4925  0.0300  5.8027  4.9378  4.6480  4.5803  4.5905
  74  0.866251  3.8005  4.4866  0.0445  5.7581  4.8979  4.6131  4.5477  4.5595
  75  0.870803  3.8021  4.4806  0.0589  5.7144  4.8585  4.5787  4.5155  4.5288
  76  0.875284  3.8035  4.4746  0.0731  5.6716  4.8197  4.5447  4.4837  4.4984
  77  0.879695  3.8050  4.4686  0.0871  5.6297  4.7815  4.5111  4.4523  4.4683
  78  0.884043  3.8064  4.4625  0.1009  5.5887  4.7437  4.4779  4.4212  4.4383
  79  0.888336  3.8078  4.4564  0.1145  5.5487  4.7064  4.4449  4.3904  4.4088
  80  0.892575  3.8091  4.4502  0.1280  5.5095  4.6696  4.4124  4.3597  4.3794
  81  0.896762  3.8103  4.4439  0.1414  5.4712  4.6333  4.3802  4.3295  4.3504
  82  0.901523  3.8117  4.4367  0.1566  5.4277  4.5920  4.3434  4.2950  4.3171
  83  0.906246  3.8131  4.4293  0.1717  5.3850  4.5510  4.3068  4.2605  4.2839
  84  0.910916  3.8144  4.4217  0.1868  5.3429  4.5103  4.2704  4.2262  4.2507
  85  0.915525  3.8156  4.4139  0.2018  5.3013  4.4700  4.2342  4.1919  4.2176
  86  0.920063  3.8169  4.4062  0.2166  5.2606  4.4302  4.1983  4.1580  4.1848
  87  0.924527  3.8181  4.3985  0.2311  5.2205  4.3909  4.1629  4.1246  4.1524
  88  0.928911  3.8193  4.3908  0.2455  5.1811  4.3521  4.1279  4.0914  4.1202
  89  0.933218  3.8204  4.3830  0.2598  5.1425  4.3138  4.0933  4.0587  4.0885
  90  0.937444  3.8215  4.3754  0.2738  5.1045  4.2762  4.0593  4.0265  4.0572
  91  0.941592  3.8226  4.3679  0.2876  5.0671  4.2392  4.0258  3.9947  4.0265
  92  0.945662  3.8236  4.3606  0.3011  5.0306  4.2027  3.9927  3.9635  3.9962
  93  0.949659  3.8248  4.3534  0.3145  4.9946  4.1668  3.9602  3.9327  3.9663
  94  0.953588  3.8258  4.3463  0.3277  4.9593  4.1314  3.9282  3.9025  3.9370
  95  0.957457  3.8269  4.3393  0.3406  4.9247  4.0966  3.8966  3.8727  3.9081
  96  0.961268  3.8279  4.3323  0.3534  4.8906  4.0621  3.8654  3.8432  3.8794
  97  0.965035  3.8289  4.3254  0.3660  4.8569  4.0280  3.8347  3.8140  3.8512
  98  0.968763  3.8299  4.3186  0.3786  4.8237  3.9943  3.8041  3.7852  3.8231
  99  0.972452  3.8309  4.3118  0.3909  4.7908  3.9610  3.7738  3.7566  3.7954
 100  0.976105  3.8318  4.3051  0.4032  4.7584  3.9280  3.7439  3.7282  3.7679
 101  0.979725  3.8329  4.2984  0.4154  4.7263  3.8952  3.7142  3.7002  3.7407
 102  0.983311  3.8338  4.2918  0.4274  4.6947  3.8628  3.6848  3.6724  3.7136
 103  0.986858  3.8347  4.2851  0.4393  4.6634  3.8308  3.6557  3.6449  3.6868
 104  0.990366  3.8356  4.2785  0.4511  4.6326  3.7991  3.6268  3.6176  3.6602
 105  0.993828  3.8365  4.2719  0.4627  4.6023  3.7678  3.5984  3.5907  3.6341
 106  0.997235  3.8373  4.2653  0.4742  4.5725  3.7371  3.5703  3.5640  3.6080
 107  1.000573  3.8381  4.2585  0.4855  4.5433  3.7067  3.5425  3.5376  3.5823
 108  1.003855  3.8389  4.2519  0.4966  4.5145  3.6768  3.5151  3.5115  3.5569
 109  1.007064  3.8396  4.2452  0.5077  4.4862  3.6473  3.4881  3.4858  3.5317
 110  1.010188  3.8404  4.2385  0.5185  4.4584  3.6184  3.4614  3.4604  3.5068
 111  1.013203  3.8411  4.2320  0.5292  4.4310  3.5898  3.4352  3.4355  3.4825
 112  1.014862  3.8415  4.2284  0.5351  4.4159  3.5739  3.4206  3.4217  3.4688
 113  1.016524  3.8419  4.2247  0.5411  4.4005  3.5578  3.4059  3.4076  3.4551
 114  1.018187  3.8423  4.2209  0.5472  4.3850  3.5416  3.3910  3.3935  3.4412
 115  1.019849  3.8426  4.2171  0.5533  4.3694  3.5253  3.3759  3.3791  3.4272
 116  1.021512  3.8430  4.2131  0.5595  4.3537  3.5088  3.3607  3.3646  3.4130
 117  1.023172  3.8434  4.2091  0.5657  4.3379  3.4922  3.3453  3.3500  3.3986
 118  1.024832  3.8437  4.2050  0.5720  4.3220  3.4754  3.3298  3.3352  3.3840
 119  1.026489  3.8441  4.2007  0.5784  4.3061  3.4586  3.3141  3.3201  3.3692
 120  1.028142  3.8444  4.1964  0.5848  4.2899  3.4416  3.2983  3.3050  3.3544
 121  1.029792  3.8448  4.1920  0.5912  4.2737  3.4245  3.2824  3.2897  3.3393
 122  1.031438  3.8451  4.1875  0.5977  4.2574  3.4072  3.2664  3.2742  3.3240
 123  1.033079  3.8454  4.1828  0.6043  4.2410  3.3898  3.2501  3.2586  3.3086
 124  1.034714  3.8457  4.1780  0.6108  4.2245  3.3724  3.2337  3.2428  3.2929
 125  1.036343  3.8459  4.1732  0.6174  4.2080  3.3549  3.2172  3.2268  3.2773
 126  1.037965  3.8462  4.1682  0.6242  4.1913  3.3373  3.2006  3.2107  3.2613
 127  1.039579  3.8464  4.1631  0.6309  4.1746  3.3195  3.1837  3.1944  3.2451
 128  1.041185  3.8466  4.1578  0.6377  4.1579  3.3017  3.1668  3.1780  3.2288
 129  1.042781  3.8468  4.1524  0.6446  4.1410  3.2838  3.1497  3.1614  3.2122
 130  1.044368  3.8471  4.1469  0.6515  4.1241  3.2658  3.1324  3.1446  3.1956
 131  1.045943  3.8472  4.1412  0.6584  4.1070  3.2477  3.1150  3.1275  3.1786
 132  1.047506  3.8473  4.1352  0.6654  4.0900  3.2297  3.0975  3.1102  3.1613
 133  1.049058  3.8474  4.1290  0.6725  4.0728  3.2115  3.0798  3.0927  3.1438
 134  1.050596  3.8474  4.1227  0.6796  4.0557  3.1933  3.0619  3.0750  3.1261
 135  1.052120  3.8474  4.1162  0.6867  4.0385  3.1750  3.0439  3.0572  3.1081
 136  1.053629  3.8474  4.1095  0.6939  4.0212  3.1567  3.0257  3.0390  3.0898
 137  1.055128  3.8473  4.1025  0.7012  4.0039  3.1384  3.0073  3.0207  3.0713
 138  1.056609  3.8471  4.0952  0.7085  3.9866  3.1201  2.9888  3.0020  3.0525
 139  1.058077  3.8469  4.0877  0.7158  3.9693  3.1017  2.9701  2.9832  3.0335
 140  1.059531  3.8467  4.0800  0.7232  3.9520  3.0834  2.9513  2.9641  3.0142
 141  1.060968  3.8464  4.0719  0.7306  3.9347  3.0650  2.9323  2.9447  2.9945
 142  1.062390  3.8460  4.0635  0.7381  3.9174  3.0467  2.9131  2.9251  2.9745
 143  1.063797  3.8456  4.0548  0.7456  3.9002  3.0283  2.8938  2.9052  2.9542
 144  1.065187  3.8450  4.0457  0.7531  3.8830  3.0101  2.8743  2.8850  2.9334
 145  1.066558  3.8444  4.0362  0.7607  3.8658  2.9919  2.8547  2.8645  2.9123
 146  1.067911  3.8437  4.0263  0.7683  3.8489  2.9738  2.8348  2.8436  2.8909
 147  1.069246  3.8429  4.0160  0.7760  3.8320  2.9558  2.8149  2.8225  2.8691
 148  1.070561  3.8421  4.0053  0.7837  3.8154  2.9380  2.7947  2.8010  2.8469
 149  1.071855  3.8410  3.9940  0.7914  3.7989  2.9204  2.7745  2.7792  2.8242
 150  1.073127  3.8398  3.9822  0.7991  3.7826  2.9031  2.7540  2.7570  2.8010
 151  1.074378  3.8385  3.9698  0.8069  3.7666  2.8860  2.7334  2.7345  2.7774
 152  1.075605  3.8371  3.9568  0.8146  3.7510  2.8693  2.7128  2.7116  2.7533
 153  1.076808  3.8355  3.9433  0.8224  3.7359  2.8530  2.6920  2.6885  2.7287
 154  1.077989  3.8338  3.9290  0.8301  3.7211  2.8370  2.6712  2.6649  2.7036
 155  1.079145  3.8319  3.9142  0.8378  3.7071  2.8215  2.6503  2.6410  2.6782
 156  1.080276  3.8298  3.8984  0.8455  3.6938  2.8066  2.6294  2.6169  2.6522
 157  1.081382  3.8274  3.8818  0.8531  3.6814  2.7925  2.6086  2.5924  2.6255
 158  1.082463  3.8248  3.8643  0.8607  3.6703  2.7793  2.5878  2.5675  2.5984
 159  1.083521  3.8218  3.8457  0.8681  3.6607  2.7672  2.5670  2.5421  2.5705
 160  1.084556  3.8186  3.8258  0.8753  3.6532  2.7566  2.5462  2.5162  2.5417
 161  1.085573  3.8150  3.8046  0.8823  3.6482  2.7477  2.5257  2.4898  2.5119
 162  1.086207  3.8124  3.7904  0.8867  3.6465  2.7431  2.5129  2.4727  2.4927
 163  1.086844  3.8096  3.7754  0.8908  3.6469  2.7396  2.5005  2.4559  2.4732
 164  1.087482  3.8066  3.7595  0.8947  3.6494  2.7377  2.4887  2.4392  2.4537
 165  1.088123  3.8033  3.7427  0.8982  3.6550  2.7375  2.4778  2.4230  2.4344
 166  1.088767  3.7995  3.7250  0.9011  3.6643  2.7397  2.4684  2.4077  2.4155
 167  1.089410  3.7953  3.7066  0.9031  3.6786  2.7460  2.4616  2.3944  2.3981
 168  1.090041  3.7908  3.6877  0.9040  3.6973  2.7564  2.4580  2.3837  2.3828
 169  1.090641  3.7860  3.6697  0.9034  3.7215  2.7721  2.4592  2.3774  2.3714
 170  1.091190  3.7814  3.6540  0.9008  3.7525  2.7928  2.4649  2.3759  2.3649
 171  1.091673  3.7769  3.6397  0.8973  3.7902  2.8156  2.4723  2.3760  2.3606
 172  1.092111  3.7727  3.6276  0.8928  3.8336  2.8404  2.4811  2.3783  2.3587
 173  1.092514  3.7688  3.6173  0.8877  3.8787  2.8661  2.4918  2.3828  2.3594
 174  1.092919  3.7649  3.6069  0.8825  3.9260  2.8925  2.5028  2.3877  2.3603
 175  1.093333  3.7609  3.5961  0.8777  3.9728  2.9188  2.5143  2.3931  2.3614
 176  1.093810  3.7568  3.5843  0.8731  4.0217  2.9455  2.5259  2.3979  2.3618
 177  1.094367  3.7523  3.5682  0.8715  4.0687  2.9667  2.5306  2.3957  2.3545
 178  1.095005  3.7478  3.5491  0.8730  4.1103  2.9805  2.5280  2.3860  2.3397
 179  1.095540  3.7448  3.5309  0.8791  4.1282  2.9776  2.5137  2.3669  2.3170
 180  1.095969  3.7422  3.5145  0.8857  4.1394  2.9715  2.4983  2.3475  2.2948
 181  1.096335  3.7405  3.5000  0.8931  4.1416  2.9608  2.4809  2.3272  2.2722
 182  1.096826  3.7386  3.4811  0.9047  4.1346  2.9400  2.4531  2.2963  2.2392
 183  1.097308  3.7368  3.4615  0.9174  4.1240  2.9161  2.4225  2.2631  2.2037
 184  1.097783  3.7351  3.4416  0.9308  4.1103  2.8899  2.3901  2.2279  2.1667
 185  1.098248  3.7340  3.4227  0.9454  4.0877  2.8586  2.3548  2.1908  2.1280
 186  1.098711  3.7328  3.4035  0.9599  4.0657  2.8275  2.3193  2.1533  2.0892
 187  1.099171  3.7316  3.3839  0.9749  4.0435  2.7955  2.2829  2.1150  2.0493
 188  1.099627  3.7306  3.3647  0.9903  4.0181  2.7619  2.2455  2.0760  2.0091
 189  1.100079  3.7298  3.3460  1.0060  3.9893  2.7265  2.2072  2.0365  1.9685
 190  1.100529  3.7291  3.3277  1.0218  3.9579  2.6898  2.1683  1.9964  1.9276
 191  1.100979  3.7283  3.3087  1.0377  3.9286  2.6540  2.1295  1.9563  1.8865
 192  1.101428  3.7275  3.2894  1.0537  3.8995  2.6179  2.0903  1.9157  1.8447
 193  1.101873  3.7268  3.2704  1.0702  3.8669  2.5800  2.0500  1.8744  1.8025
 194  1.102315  3.7262  3.2515  1.0867  3.8339  2.5418  2.0094  1.8328  1.7601
 195  1.102755  3.7255  3.2324  1.1035  3.7999  2.5029  1.9683  1.7907  1.7172
 196  1.103193  3.7249  3.2132  1.1204  3.7651  2.4633  1.9267  1.7480  1.6737
 197  1.103629  3.7243  3.1937  1.1377  3.7298  2.4233  1.8845  1.7047  1.6296
 198  1.104047  3.7240  3.1743  1.1558  3.6888  2.3795  1.8396  1.6593  1.5837
 199  1.104451  3.7231  3.1521  1.1747  3.6526  2.3365  1.7935  1.6117  1.5350
 200  1.104847  3.7225  3.1304  1.1941  3.6116  2.2908  1.7457  1.5630  1.4854
 201  1.105226  3.7218  3.1077  1.2143  3.5694  2.2435  1.6961  1.5123  1.4338
 202  1.105595  3.7211  3.0844  1.2351  3.5265  2.1952  1.6454  1.4604  1.3810
 203  1.105955  3.7205  3.0607  1.2561  3.4826  2.1460  1.5937  1.4075  1.3273
 204  1.106304  3.7197  3.0364  1.2777  3.4381  2.0958  1.5410  1.3536  1.2723
 205  1.106642  3.7190  3.0118  1.2996  3.3928  2.0447  1.4872  1.2986  1.2163
 206  1.106973  3.7182  2.9866  1.3218  3.3474  1.9932  1.4330  1.2430  1.1596
 207  1.107293  3.7174  2.9609  1.3443  3.3019  1.9412  1.3778  1.1865  1.1019
 208  1.107603  3.7165  2.9346  1.3672  3.2566  1.8888  1.3219  1.1289  1.0432
 209  1.107903  3.7156  2.9080  1.3904  3.2100  1.8356  1.2653  1.0708  0.9838
 210  1.108195  3.7147  2.8809  1.4139  3.1626  1.7819  1.2082  1.0120  0.9237
 211  1.108476  3.7137  2.8536  1.4376  3.1150  1.7279  1.1506  0.9527  0.8630
 212  1.108748  3.7127  2.8256  1.4616  3.0676  1.6735  1.0923  0.8926  0.8016
 213  1.109010  3.7118  2.7973  1.4858  3.0200  1.6186  1.0336  0.8320  0.7394
 214  1.109262  3.7107  2.7689  1.5102  2.9722  1.5635  0.9744  0.7710  0.6768
 215  1.109506  3.7097  2.7400  1.5349  2.9244  1.5080  0.9148  0.7094  0.6136
 216  1.109742  3.7085  2.7109  1.5597  2.8769  1.4524  0.8548  0.6474  0.5501
 217  1.109783  3.7083  2.7056  1.5642  2.8683  1.4422  0.8439  0.6361  0.5385
 218  1.109824  3.7081  2.7003  1.5688  2.8596  1.4320  0.8330  0.6248  0.5269
 219  1.109865  3.7079  2.6949  1.5733  2.8510  1.4219  0.8220  0.6134  0.5152
 220  1.109906  3.7077  2.6895  1.5779  2.8425  1.4118  0.8111  0.6021  0.5036
 221  1.109947  3.7075  2.6842  1.5824  2.8339  1.4016  0.8001  0.5908  0.4919
 222  1.109987  3.7073  2.6787  1.5870  2.8252  1.3914  0.7890  0.5793  0.4801
 223  1.110027  3.7071  2.6733  1.5917  2.8164  1.3810  0.7778  0.5677  0.4682
 224  1.110067  3.7069  2.6678  1.5963  2.8078  1.3707  0.7667  0.5562  0.4563
 225  1.110107  3.7067  2.6623  1.6009  2.7991  1.3604  0.7555  0.5446  0.4444
 226  1.110147  3.7064  2.6568  1.6056  2.7905  1.3501  0.7443  0.5330  0.4325
 227  1.110519  3.7043  2.6028  1.6512  2.7066  1.2490  0.6347  0.4193  0.3157
 228  1.110851  3.7021  2.5501  1.6955  2.6270  1.1515  0.5285  0.3092  0.2025
 229  1.111159  3.6999  2.4971  1.7397  2.5504  1.0546  0.4226  0.1991  0.0891
 230  1.111435  3.6976  2.4454  1.7825  2.4845  0.9626  0.3207  0.0929 -0.0204
 231  1.111696  3.6952  2.3923  1.8260  2.4229  0.8697  0.2171 -0.0154 -0.1322
 232  1.111935  3.6927  2.3393  1.8692  2.3656  0.7785  0.1143 -0.1230 -0.2432
 233  1.112156  3.6903  2.2867  1.9120  2.3118  0.6889  0.0129 -0.2293 -0.3530
 234  1.112354  3.6879  2.2376  1.9518  2.2644  0.6064 -0.0812 -0.3283 -0.4551
 235  1.112540  3.6857  2.1910  1.9894  2.2210  0.5286 -0.1702 -0.4219 -0.5520
 236  1.112711  3.6839  2.1538  2.0195  2.1866  0.4666 -0.2415 -0.4968 -0.6294
 237  1.112878  3.6834  2.1412  2.0304  2.1703  0.4430 -0.2675 -0.5238 -0.6571
 238  1.113050  3.6864  2.1947  1.9885  2.2082  0.5259 -0.1698 -0.4201 -0.5492
 239  1.113256  3.6856  2.1733  2.0070  2.1799  0.4855 -0.2141 -0.4660 -0.5962
 240  1.113458  3.6822  2.1073  2.0597  2.1251  0.3790 -0.3378 -0.5968 -0.7318
 241  1.113634  3.6793  2.0471  2.1080  2.0706  0.2814 -0.4505 -0.7159 -0.8554
 242  1.113795  3.6763  1.9881  2.1554  2.0181  0.1867 -0.5602 -0.8320 -0.9761
 243  1.113940  3.6734  1.9305  2.2011  1.9713  0.0970 -0.6653 -0.9437 -1.0924
 244  1.114069  3.6705  1.8763  2.2441  1.9303  0.0140 -0.7631 -1.0479 -1.2013
 245  1.114188  3.6677  1.8216  2.2872  1.8917 -0.0686 -0.8610 -1.1524 -1.3105
 246  1.114295  3.6648  1.7679  2.3298  1.8561 -0.1489 -0.9569 -1.2549 -1.4178
 247  1.114392  3.6621  1.7150  2.3714  1.8245 -0.2266 -1.0501 -1.3551 -1.5227
 248  1.114481  3.6593  1.6629  2.4125  1.7962 -0.3021 -1.1415 -1.4532 -1.6257
 249  1.114561  3.6566  1.6124  2.4521  1.7712 -0.3743 -1.2293 -1.5479 -1.7250
 250  1.114636  3.6538  1.5620  2.4917  1.7486 -0.4454 -1.3164 -1.6418 -1.8240
 251  1.114704  3.6511  1.5134  2.5297  1.7293 -0.5126 -1.3993 -1.7317 -1.9186
 252  1.114766  3.6485  1.4652  2.5670  1.7148 -0.5770 -1.4801 -1.8196 -2.0115
 253  1.114823  3.6457  1.4176  2.6036  1.7040 -0.6386 -1.5585 -1.9053 -2.1022
 254  1.114875  3.6430  1.3711  2.6393  1.6963 -0.6975 -1.6344 -1.9885 -2.1905
 255  1.114923  3.6403  1.3256  2.6741  1.6917 -0.7537 -1.7079 -2.0692 -2.2764
 256  1.114969  3.6376  1.2809  2.7082  1.6896 -0.8076 -1.7794 -2.1482 -2.3603
 257  1.115010  3.6350  1.2368  2.7417  1.6900 -0.8596 -1.8490 -2.2255 -2.4427
 258  1.115048  3.6324  1.1938  2.7744  1.6925 -0.9091 -1.9161 -2.3003 -2.5226
 259  1.115084  3.6298  1.1516  2.8063  1.6973 -0.9564 -1.9812 -2.3731 -2.6006
 260  1.115117  3.6273  1.1102  2.8377  1.7039 -1.0017 -2.0444 -2.4441 -2.6769
 261  1.115148  3.6248  1.0695  2.8684  1.7124 -1.0450 -2.1055 -2.5134 -2.7515
 262  1.115177  3.6224  1.0300  2.8982  1.7230 -1.0859 -2.1645 -2.5802 -2.8235
 263  1.115204  3.6199  0.9909  2.9276  1.7364 -1.1246 -2.2220 -2.6456 -2.8943
 264  1.115229  3.6175  0.9526  2.9561  1.7526 -1.1607 -2.2769 -2.7087 -2.9628
 265  1.115252  3.6151  0.9149  2.9843  1.7698 -1.1952 -2.3304 -2.7705 -3.0301
 266  1.115274  3.6127  0.8781  3.0118  1.7879 -1.2278 -2.3817 -2.8304 -3.0956
 267  1.115296  3.6104  0.8416  3.0389  1.8067 -1.2593 -2.4320 -2.8892 -3.1603
 268  1.115316  3.6081  0.8061  3.0653  1.8260 -1.2892 -2.4801 -2.9462 -3.2230
 269  1.115334  3.6059  0.7714  3.0911  1.8455 -1.3174 -2.5266 -3.0016 -3.2843
 270  1.115351  3.6037  0.7374  3.1164  1.8653 -1.3444 -2.5716 -3.0557 -3.3443
 271  1.115368  3.6016  0.7040  3.1412  1.8863 -1.3697 -2.6153 -3.1082 -3.4027
 272  1.115383  3.5994  0.6714  3.1654  1.9076 -1.3938 -2.6579 -3.1594 -3.4597
 273  1.115398  3.5974  0.6395  3.1890  1.9285 -1.4167 -2.6989 -3.2091 -3.5154
 274  1.115412  3.5954  0.6081  3.2123  1.9503 -1.4379 -2.7381 -3.2576 -3.5700
 275  1.115425  3.5934  0.5775  3.2349  1.9717 -1.4577 -2.7756 -3.3045 -3.6232
 276  1.115438  3.5914  0.5477  3.2570  1.9928 -1.4764 -2.8111 -3.3498 -3.6749
 277  1.115450  3.5896  0.5189  3.2784  2.0134 -1.4936 -2.8448 -3.3936 -3.7251
 278  1.115461  3.5877  0.4909  3.2990  2.0351 -1.5085 -2.8759 -3.4352 -3.7734
