#NUMBER OF AGES= 1
#----------------------------------------------------       
#MIX-LEN  Y      Z          Zeff        [Fe/H] [a/Fe]
# 1.9380  0.2488 2.3381E-03 1.7027E-03  -1.00   0.20 
#----------------------------------------------------       
#**PHOTOMETRIC SYSTEM**: SDSS (AB)                          
#----------------------------------------------------       
#AGE= 5.000 EEPS=272
#EEP   M/Mo    LogTeff  LogG   LogL/Lo sdss_u  sdss_g  sdss_r  sdss_i  sdss_z
   8  0.103895  3.5202  5.3465 -2.8579 18.1150 14.6315 12.9843 11.9796 11.4187
   9  0.116120  3.5230  5.2899 -2.7415 17.6839 14.2814 12.6502 11.6776 11.1292
  10  0.130585  3.5261  5.2311 -2.6195 17.2387 13.9158 12.3013 11.3611 10.8259
  11  0.150785  3.5309  5.1705 -2.4774 16.7024 13.4752 11.8831 10.9877 10.4725
  12  0.180693  3.5404  5.1207 -2.3109 16.0049 12.9096 11.3545 10.5355 10.0595
  13  0.209513  3.5485  5.0850 -2.1781 15.4587 12.4583 10.9350 10.1748  9.7309
  14  0.231448  3.5537  5.0595 -2.0892 15.1127 12.1656 10.6625  9.9358  9.5111
  15  0.249154  3.5572  5.0402 -2.0235 14.8652 11.9534 10.4649  9.7606  9.3492
  16  0.267600  3.5605  5.0227 -1.9620 14.6385 11.7567 10.2816  9.5970  9.1974
  17  0.284466  3.5632  5.0075 -1.9094 14.4482 11.5904 10.1265  9.4578  9.0680
  18  0.297238  3.5652  4.9950 -1.8697 14.3068 11.4660 10.0107  9.3533  8.9705
  19  0.305690  3.5665  4.9856 -1.8429 14.2128 11.3827  9.9331  9.2830  8.9047
  20  0.311909  3.5674  4.9784 -1.8234 14.1451 11.3224  9.8768  9.2316  8.8565
  21  0.316677  3.5681  4.9726 -1.8083 14.0935 11.2763  9.8337  9.1922  8.8196
  22  0.320529  3.5686  4.9679 -1.7962 14.0520 11.2393  9.7991  9.1606  8.7898
  23  0.323986  3.5691  4.9639 -1.7855 14.0152 11.2065  9.7684  9.1326  8.7635
  24  0.327735  3.5696  4.9600 -1.7744 13.9769 11.1723  9.7366  9.1037  8.7364
  25  0.333111  3.5704  4.9560 -1.7603 13.9263 11.1275  9.6951  9.0663  8.7017
  26  0.341214  3.5717  4.9503 -1.7392 13.8504 11.0604  9.6333  9.0107  8.6503
  27  0.366068  3.5761  4.9290 -1.6698 13.5948 10.8355  9.4276  8.8269  8.4810
  28  0.410871  3.5865  4.8788 -1.5281 13.0519 10.3633  9.0038  8.4513  8.1371
  29  0.426764  3.5907  4.8589 -1.4746 12.8412 10.1819  8.8444  8.3100  8.0074
  30  0.440495  3.5948  4.8411 -1.4266 12.6487 10.0164  8.7007  8.1830  7.8914
  31  0.456106  3.6000  4.8214 -1.3709 12.4201  9.8206  8.5331  8.0355  7.7569
  32  0.473550  3.6066  4.7994 -1.3063 12.1504  9.5894  8.3391  7.8653  7.6017
  33  0.488781  3.6131  4.7812 -1.2486 11.9035  9.3772  8.1651  7.7131  7.4634
  34  0.500887  3.6186  4.7681 -1.2028 11.7036  9.2055  8.0268  7.5928  7.3542
  35  0.509877  3.6230  4.7594 -1.1687 11.5506  9.0740  7.9228  7.5029  7.2728
  36  0.517200  3.6269  4.7526 -1.1404 11.4233  8.9630  7.8357  7.4284  7.2059
  37  0.523837  3.6305  4.7468 -1.1143 11.3040  8.8594  7.7551  7.3600  7.1447
  38  0.530927  3.6346  4.7412 -1.0867 11.1738  8.7473  7.6688  7.2870  7.0798
  39  0.539684  3.6397  4.7351 -1.0529 11.0103  8.6090  7.5635  7.1981  7.0009
  40  0.551397  3.6466  4.7278 -1.0083 10.7801  8.4229  7.4238  7.0803  6.8964
  41  0.565913  3.6560  4.7208 -0.9525 10.4616  8.1840  7.2482  6.9324  6.7654
  42  0.582252  3.6671  4.7146 -0.8896 10.0743  7.9138  7.0520  6.7654  6.6170
  43  0.599615  3.6786  4.7080 -0.8242  9.6575  7.6427  6.8537  6.5927  6.4616
  44  0.617482  3.6899  4.7003 -0.7588  9.2212  7.3836  6.6627  6.4240  6.3083
  45  0.635480  3.7008  4.6919 -0.6943  8.8136  7.1410  6.4791  6.2602  6.1590
  46  0.653023  3.7109  4.6827 -0.6327  8.4976  6.9250  6.3061  6.1048  6.0174
  47  0.669609  3.7201  4.6732 -0.5755  8.2110  6.7320  6.1497  5.9634  5.8880
  48  0.685316  3.7285  4.6635 -0.5221  7.9367  6.5568  6.0082  5.8347  5.7693
  49  0.700167  3.7360  4.6532 -0.4724  7.6928  6.3979  5.8789  5.7168  5.6603
  50  0.714001  3.7427  4.6427 -0.4266  7.4815  6.2551  5.7621  5.6102  5.5614
  51  0.726662  3.7486  4.6324 -0.3853  7.2986  6.1282  5.6576  5.5144  5.4724
  52  0.732817  3.7513  4.6270 -0.3653  7.2137  6.0676  5.6074  5.4683  5.4293
  53  0.738937  3.7540  4.6215 -0.3454  7.1313  6.0081  5.5578  5.4227  5.3868
  54  0.745015  3.7566  4.6158 -0.3257  7.0512  5.9496  5.5090  5.3778  5.3446
  55  0.751054  3.7591  4.6100 -0.3062  6.9735  5.8922  5.4608  5.3333  5.3028
  56  0.757049  3.7616  4.6037 -0.2869  6.8979  5.8357  5.4133  5.2894  5.2615
  57  0.762995  3.7639  4.5973 -0.2677  6.8239  5.7800  5.3664  5.2459  5.2205
  58  0.768894  3.7662  4.5908 -0.2487  6.7507  5.7254  5.3203  5.2031  5.1800
  59  0.774752  3.7684  4.5843 -0.2299  6.6794  5.6716  5.2749  5.1608  5.1400
  60  0.780558  3.7706  4.5776 -0.2113  6.6100  5.6188  5.2302  5.1191  5.1004
  61  0.786315  3.7727  4.5709 -0.1930  6.5426  5.5668  5.1860  5.0780  5.0614
  62  0.792012  3.7748  4.5643 -0.1749  6.4772  5.5158  5.1427  5.0376  5.0231
  63  0.797638  3.7769  4.5578 -0.1572  6.4139  5.4658  5.1000  4.9980  4.9856
  64  0.803193  3.7789  4.5515 -0.1399  6.3530  5.4167  5.0583  4.9592  4.9488
  65  0.808688  3.7809  4.5455 -0.1229  6.2955  5.3683  5.0170  4.9210  4.9128
  66  0.814103  3.7828  4.5395 -0.1062  6.2399  5.3210  4.9765  4.8837  4.8774
  67  0.819424  3.7847  4.5336 -0.0899  6.1862  5.2748  4.9369  4.8471  4.8428
  68  0.824655  3.7866  4.5279 -0.0739  6.1341  5.2294  4.8980  4.8112  4.8091
  69  0.829786  3.7884  4.5222 -0.0582  6.0836  5.1850  4.8600  4.7761  4.7758
  70  0.834809  3.7902  4.5166 -0.0428  6.0344  5.1414  4.8225  4.7416  4.7432
  71  0.839738  3.7920  4.5110 -0.0276  5.9865  5.0987  4.7857  4.7076  4.7110
  72  0.844565  3.7937  4.5054 -0.0126  5.9391  5.0568  4.7497  4.6742  4.6793
  73  0.849296  3.7953  4.4996  0.0022  5.8924  5.0158  4.7141  4.6411  4.6479
  74  0.853931  3.7969  4.4936  0.0168  5.8469  4.9754  4.6790  4.6084  4.6166
  75  0.858469  3.7985  4.4877  0.0312  5.8024  4.9358  4.6444  4.5760  4.5858
  76  0.862919  3.8000  4.4818  0.0455  5.7588  4.8966  4.6103  4.5442  4.5554
  77  0.867284  3.8015  4.4759  0.0595  5.7161  4.8582  4.5766  4.5127  4.5254
  78  0.871575  3.8029  4.4701  0.0733  5.6743  4.8203  4.5434  4.4816  4.4956
  79  0.875792  3.8043  4.4641  0.0870  5.6334  4.7830  4.5106  4.4509  4.4662
  80  0.879948  3.8057  4.4581  0.1005  5.5933  4.7462  4.4782  4.4205  4.4370
  81  0.884039  3.8070  4.4520  0.1138  5.5542  4.7099  4.4461  4.3904  4.4081
  82  0.888732  3.8085  4.4448  0.1291  5.5097  4.6681  4.4091  4.3557  4.3747
  83  0.893377  3.8099  4.4376  0.1443  5.4659  4.6268  4.3724  4.3211  4.3416
  84  0.897976  3.8113  4.4303  0.1595  5.4230  4.5858  4.3359  4.2869  4.3085
  85  0.902531  3.8126  4.4228  0.1744  5.3806  4.5452  4.2996  4.2527  4.2755
  86  0.907036  3.8139  4.4152  0.1893  5.3388  4.5049  4.2635  4.2185  4.2426
  87  0.911480  3.8151  4.4075  0.2042  5.2977  4.4649  4.2277  4.1847  4.2098
  88  0.915854  3.8164  4.3997  0.2189  5.2572  4.4254  4.1920  4.1509  4.1771
  89  0.920156  3.8175  4.3917  0.2334  5.2175  4.3864  4.1568  4.1175  4.1447
  90  0.924381  3.8186  4.3838  0.2477  5.1784  4.3479  4.1219  4.0845  4.1128
  91  0.928530  3.8197  4.3760  0.2618  5.1400  4.3099  4.0875  4.0519  4.0810
  92  0.932600  3.8207  4.3682  0.2758  5.1023  4.2725  4.0536  4.0197  4.0497
  93  0.936593  3.8218  4.3605  0.2896  5.0652  4.2355  4.0200  3.9879  4.0188
  94  0.940514  3.8228  4.3528  0.3031  5.0287  4.1992  3.9869  3.9565  3.9884
  95  0.944367  3.8239  4.3452  0.3165  4.9930  4.1634  3.9544  3.9256  3.9583
  96  0.948152  3.8248  4.3378  0.3297  4.9579  4.1282  3.9223  3.8951  3.9287
  97  0.951879  3.8258  4.3305  0.3425  4.9233  4.0934  3.8907  3.8653  3.8997
  98  0.955554  3.8268  4.3233  0.3553  4.8893  4.0591  3.8595  3.8356  3.8709
  99  0.959183  3.8277  4.3161  0.3680  4.8558  4.0252  3.8286  3.8063  3.8425
 100  0.962770  3.8286  4.3090  0.3805  4.8228  3.9917  3.7982  3.7775  3.8143
 101  0.966326  3.8295  4.3019  0.3928  4.7902  3.9586  3.7680  3.7487  3.7864
 102  0.969851  3.8304  4.2949  0.4051  4.7580  3.9258  3.7380  3.7204  3.7588
 103  0.973345  3.8314  4.2879  0.4172  4.7262  3.8933  3.7084  3.6923  3.7313
 104  0.976810  3.8323  4.2810  0.4292  4.6948  3.8612  3.6790  3.6643  3.7041
 105  0.980241  3.8331  4.2740  0.4411  4.6638  3.8293  3.6499  3.6367  3.6772
 106  0.983634  3.8339  4.2671  0.4528  4.6332  3.7978  3.6211  3.6093  3.6505
 107  0.986973  3.8347  4.2601  0.4644  4.6031  3.7668  3.5926  3.5822  3.6240
 108  0.990250  3.8355  4.2532  0.4758  4.5734  3.7362  3.5644  3.5554  3.5978
 109  0.993446  3.8362  4.2462  0.4872  4.5443  3.7061  3.5367  3.5289  3.5719
 110  0.996548  3.8369  4.2391  0.4982  4.5157  3.6764  3.5093  3.5028  3.5463
 111  0.999533  3.8376  4.2323  0.5092  4.4877  3.6473  3.4825  3.4771  3.5212
 112  1.001120  3.8379  4.2286  0.5151  4.4725  3.6315  3.4680  3.4633  3.5076
 113  1.002716  3.8383  4.2248  0.5211  4.4572  3.6156  3.4533  3.4493  3.4940
 114  1.004315  3.8388  4.2210  0.5271  4.4418  3.5996  3.4385  3.4352  3.4801
 115  1.005918  3.8391  4.2171  0.5332  4.4262  3.5832  3.4234  3.4209  3.4660
 116  1.007524  3.8395  4.2130  0.5393  4.4106  3.5669  3.4083  3.4063  3.4518
 117  1.009131  3.8398  4.2090  0.5456  4.3948  3.5503  3.3929  3.3916  3.4373
 118  1.010742  3.8402  4.2048  0.5518  4.3789  3.5337  3.3774  3.3768  3.4228
 119  1.012353  3.8405  4.2004  0.5582  4.3629  3.5169  3.3617  3.3617  3.4080
 120  1.013962  3.8408  4.1960  0.5646  4.3467  3.4999  3.3459  3.3465  3.3929
 121  1.015573  3.8411  4.1914  0.5710  4.3304  3.4829  3.3299  3.3312  3.3778
 122  1.017181  3.8414  4.1868  0.5775  4.3141  3.4657  3.3138  3.3156  3.3624
 123  1.018787  3.8417  4.1821  0.5840  4.2976  3.4484  3.2976  3.2999  3.3469
 124  1.020391  3.8420  4.1773  0.5906  4.2811  3.4309  3.2811  3.2840  3.3312
 125  1.021991  3.8422  4.1723  0.5973  4.2645  3.4134  3.2645  3.2679  3.3153
 126  1.023587  3.8424  4.1672  0.6040  4.2478  3.3958  3.2478  3.2516  3.2992
 127  1.025176  3.8427  4.1620  0.6108  4.2310  3.3780  3.2309  3.2352  3.2829
 128  1.026759  3.8429  4.1566  0.6177  4.2141  3.3602  3.2139  3.2187  3.2664
 129  1.028335  3.8430  4.1511  0.6245  4.1971  3.3423  3.1967  3.2019  3.2497
 130  1.029903  3.8432  4.1455  0.6315  4.1800  3.3242  3.1793  3.1849  3.2329
 131  1.031462  3.8433  4.1397  0.6385  4.1629  3.3061  3.1618  3.1678  3.2158
 132  1.033010  3.8434  4.1336  0.6455  4.1458  3.2880  3.1441  3.1503  3.1984
 133  1.034547  3.8435  4.1274  0.6526  4.1286  3.2698  3.1263  3.1327  3.1808
 134  1.036072  3.8435  4.1210  0.6597  4.1113  3.2514  3.1083  3.1149  3.1629
 135  1.037586  3.8435  4.1143  0.6669  4.0941  3.2331  3.0902  3.0968  3.1448
 136  1.039087  3.8434  4.1075  0.6742  4.0767  3.2147  3.0719  3.0786  3.1265
 137  1.040576  3.8433  4.1005  0.6814  4.0594  3.1963  3.0535  3.0602  3.1079
 138  1.042048  3.8432  4.0932  0.6888  4.0421  3.1779  3.0349  3.0415  3.0891
 139  1.043507  3.8430  4.0857  0.6961  4.0247  3.1595  3.0162  3.0227  3.0699
 140  1.044951  3.8427  4.0779  0.7035  4.0074  3.1411  2.9973  3.0036  3.0506
 141  1.046377  3.8424  4.0699  0.7110  3.9901  3.1227  2.9783  2.9842  3.0309
 142  1.047785  3.8421  4.0615  0.7184  3.9728  3.1043  2.9592  2.9645  3.0110
 143  1.049177  3.8416  4.0529  0.7260  3.9555  3.0859  2.9399  2.9447  2.9907
 144  1.050548  3.8411  4.0439  0.7335  3.9384  3.0677  2.9205  2.9246  2.9701
 145  1.051899  3.8405  4.0345  0.7411  3.9214  3.0495  2.9009  2.9042  2.9492
 146  1.053230  3.8399  4.0248  0.7487  3.9045  3.0314  2.8812  2.8836  2.9280
 147  1.054539  3.8391  4.0146  0.7563  3.8878  3.0135  2.8613  2.8626  2.9064
 148  1.055828  3.8383  4.0041  0.7640  3.8712  2.9957  2.8414  2.8414  2.8843
 149  1.057094  3.8373  3.9930  0.7717  3.8548  2.9782  2.8212  2.8199  2.8618
 150  1.058337  3.8362  3.9815  0.7794  3.8387  2.9609  2.8010  2.7979  2.8389
 151  1.059557  3.8350  3.9693  0.7871  3.8229  2.9439  2.7806  2.7756  2.8156
 152  1.060752  3.8336  3.9566  0.7948  3.8075  2.9273  2.7601  2.7530  2.7919
 153  1.061924  3.8321  3.9433  0.8025  3.7924  2.9109  2.7396  2.7302  2.7676
 154  1.063073  3.8304  3.9294  0.8102  3.7780  2.8949  2.7189  2.7070  2.7430
 155  1.064197  3.8285  3.9147  0.8178  3.7642  2.8795  2.6982  2.6835  2.7179
 156  1.065295  3.8265  3.8993  0.8255  3.7511  2.8646  2.6775  2.6596  2.6921
 157  1.066370  3.8242  3.8830  0.8330  3.7390  2.8506  2.6568  2.6354  2.6659
 158  1.067422  3.8217  3.8659  0.8405  3.7283  2.8374  2.6360  2.6107  2.6390
 159  1.068451  3.8189  3.8476  0.8479  3.7190  2.8254  2.6153  2.5854  2.6112
 160  1.069462  3.8157  3.8281  0.8551  3.7120  2.8148  2.5945  2.5595  2.5824
 161  1.070457  3.8121  3.8073  0.8621  3.7075  2.8059  2.5742  2.5334  2.5531
 162  1.071069  3.8097  3.7935  0.8664  3.7062  2.8012  2.5617  2.5169  2.5344
 163  1.071682  3.8070  3.7789  0.8705  3.7070  2.7980  2.5496  2.5005  2.5155
 164  1.072299  3.8040  3.7633  0.8742  3.7102  2.7960  2.5383  2.4845  2.4966
 165  1.072919  3.8007  3.7469  0.8777  3.7162  2.7959  2.5279  2.4689  2.4780
 166  1.073542  3.7970  3.7297  0.8805  3.7260  2.7984  2.5190  2.4543  2.4598
 167  1.074163  3.7929  3.7118  0.8823  3.7409  2.8051  2.5129  2.4419  2.4433
 168  1.074769  3.7885  3.6937  0.8830  3.7593  2.8160  2.5103  2.4323  2.4291
 169  1.075341  3.7839  3.6764  0.8821  3.7846  2.8321  2.5120  2.4268  2.4187
 170  1.075860  3.7794  3.6613  0.8795  3.8168  2.8526  2.5180  2.4256  2.4128
 171  1.076318  3.7751  3.6477  0.8759  3.8568  2.8752  2.5248  2.4256  2.4083
 172  1.076739  3.7710  3.6360  0.8714  3.9009  2.9000  2.5338  2.4282  2.4068
 173  1.077140  3.7670  3.6255  0.8662  3.9474  2.9261  2.5446  2.4328  2.4077
 174  1.077562  3.7630  3.6148  0.8609  3.9964  2.9536  2.5565  2.4382  2.4089
 175  1.078019  3.7587  3.6026  0.8566  4.0445  2.9795  2.5670  2.4422  2.4084
 176  1.078538  3.7545  3.5885  0.8536  4.0924  3.0032  2.5749  2.4434  2.4046
 177  1.079092  3.7503  3.5711  0.8543  4.1323  3.0178  2.5741  2.4359  2.3924
 178  1.079666  3.7463  3.5527  0.8574  4.1653  3.0256  2.5674  2.4231  2.3751
 179  1.080144  3.7437  3.5353  0.8640  4.1785  3.0202  2.5519  2.4033  2.3522
 180  1.080527  3.7415  3.5200  0.8711  4.1847  3.0115  2.5352  2.3832  2.3297
 181  1.080849  3.7399  3.5060  0.8785  4.1854  3.0001  2.5177  2.3630  2.3074
 182  1.081322  3.7380  3.4868  0.8908  4.1755  2.9770  2.4880  2.3304  2.2727
 183  1.081788  3.7363  3.4668  0.9040  4.1631  2.9515  2.4560  2.2957  2.2359
 184  1.082246  3.7347  3.4465  0.9180  4.1480  2.9240  2.4225  2.2596  2.1978
 185  1.082696  3.7336  3.4273  0.9329  4.1238  2.8915  2.3860  2.2214  2.1582
 186  1.083142  3.7324  3.4079  0.9479  4.1007  2.8593  2.3496  2.1831  2.1184
 187  1.083586  3.7312  3.3879  0.9632  4.0779  2.8266  2.3124  2.1439  2.0778
 188  1.084027  3.7302  3.3685  0.9789  4.0516  2.7921  2.2743  2.1043  2.0369
 189  1.084463  3.7295  3.3495  0.9948  4.0217  2.7560  2.2352  2.0639  1.9955
 190  1.084897  3.7288  3.3310  1.0110  3.9892  2.7184  2.1955  2.0232  1.9540
 191  1.085331  3.7280  3.3117  1.0271  3.9595  2.6820  2.1561  1.9824  1.9121
 192  1.085764  3.7272  3.2922  1.0435  3.9295  2.6452  2.1163  1.9411  1.8699
 193  1.086191  3.7265  3.2731  1.0601  3.8963  2.6066  2.0754  1.8992  1.8270
 194  1.086617  3.7258  3.2538  1.0769  3.8626  2.5677  2.0342  1.8569  1.7839
 195  1.087040  3.7252  3.2344  1.0939  3.8281  2.5282  1.9925  1.8142  1.7403
 196  1.087461  3.7246  3.2151  1.1111  3.7925  2.4881  1.9503  1.7710  1.6963
 197  1.087879  3.7241  3.1954  1.1286  3.7561  2.4472  1.9073  1.7272  1.6517
 198  1.088280  3.7236  3.1755  1.1470  3.7152  2.4032  1.8620  1.6811  1.6050
 199  1.088668  3.7228  3.1531  1.1662  3.6780  2.3592  1.8151  1.6327  1.5556
 200  1.089046  3.7222  3.1310  1.1860  3.6362  2.3128  1.7665  1.5832  1.5053
 201  1.089409  3.7215  3.1080  1.2065  3.5933  2.2648  1.7161  1.5318  1.4529
 202  1.089760  3.7208  3.0843  1.2275  3.5497  2.2157  1.6646  1.4790  1.3993
 203  1.090103  3.7201  3.0603  1.2489  3.5052  2.1657  1.6121  1.4254  1.3446
 204  1.090437  3.7194  3.0358  1.2708  3.4599  2.1149  1.5587  1.3708  1.2890
 205  1.090759  3.7186  3.0106  1.2930  3.4140  2.0631  1.5042  1.3150  1.2322
 206  1.091074  3.7179  2.9851  1.3155  3.3680  2.0109  1.4492  1.2586  1.1747
 207  1.091380  3.7170  2.9592  1.3384  3.3218  1.9581  1.3932  1.2012  1.1162
 208  1.091674  3.7161  2.9325  1.3616  3.2757  1.9048  1.3365  1.1429  1.0567
 209  1.091960  3.7152  2.9054  1.3850  3.2281  1.8510  1.2793  1.0840  0.9965
 210  1.092236  3.7143  2.8781  1.4088  3.1800  1.7965  1.2214  1.0245  0.9357
 211  1.092505  3.7133  2.8502  1.4329  3.1321  1.7419  1.1631  0.9644  0.8741
 212  1.092763  3.7123  2.8219  1.4572  3.0841  1.6868  1.1040  0.9036  0.8119
 213  1.093010  3.7113  2.7934  1.4818  3.0358  1.6312  1.0445  0.8422  0.7489
 214  1.093250  3.7103  2.7644  1.5065  2.9875  1.5754  0.9846  0.7804  0.6855
 215  1.093481  3.7092  2.7353  1.5315  2.9390  1.5192  0.9241  0.7179  0.6215
 216  1.093705  3.7080  2.7056  1.5567  2.8910  1.4628  0.8634  0.6551  0.5571
 217  1.093744  3.7078  2.7003  1.5613  2.8822  1.4525  0.8523  0.6437  0.5453
 218  1.093783  3.7076  2.6948  1.5659  2.8735  1.4422  0.8412  0.6321  0.5335
 219  1.093822  3.7074  2.6893  1.5706  2.8647  1.4319  0.8300  0.6206  0.5216
 220  1.093862  3.7072  2.6840  1.5752  2.8561  1.4217  0.8189  0.6091  0.5098
 221  1.093901  3.7070  2.6785  1.5798  2.8474  1.4113  0.8078  0.5975  0.4979
 222  1.093939  3.7068  2.6729  1.5845  2.8385  1.4008  0.7964  0.5858  0.4858
 223  1.093978  3.7066  2.6674  1.5893  2.8296  1.3903  0.7850  0.5740  0.4737
 224  1.094016  3.7063  2.6617  1.5940  2.8208  1.3798  0.7736  0.5621  0.4615
 225  1.094054  3.7061  2.6561  1.5988  2.8120  1.3691  0.7622  0.5503  0.4494
 226  1.094092  3.7059  2.6505  1.6035  2.8031  1.3585  0.7507  0.5384  0.4371
 227  1.094436  3.7038  2.5970  1.6485  2.7206  1.2588  0.6424  0.4262  0.3218
 228  1.094745  3.7016  2.5448  1.6926  2.6419  1.1619  0.5369  0.3167  0.2092
 229  1.095036  3.6994  2.4913  1.7372  2.5652  1.0644  0.4303  0.2058  0.0950
 230  1.095307  3.6970  2.4367  1.7823  2.4978  0.9675  0.3227  0.0936 -0.0206
 231  1.095547  3.6945  2.3840  1.8253  2.4378  0.8759  0.2202 -0.0135 -0.1311
 232  1.095770  3.6921  2.3312  1.8684  2.3810  0.7849  0.1177 -0.1208 -0.2418
 233  1.095976  3.6897  2.2790  1.9107  2.3283  0.6963  0.0174 -0.2261 -0.3506
 234  1.096159  3.6873  2.2308  1.9497  2.2820  0.6154 -0.0751 -0.3232 -0.4509
 235  1.096335  3.6851  2.1849  1.9870  2.2393  0.5388 -0.1628 -0.4155 -0.5463
 236  1.096495  3.6835  2.1510  2.0145  2.2071  0.4818 -0.2280 -0.4841 -0.6172
 237  1.096653  3.6835  2.1480  2.0177  2.1992  0.4739 -0.2359 -0.4919 -0.6250
 238  1.096826  3.6868  2.2050  1.9735  2.2362  0.5604 -0.1331 -0.3827 -0.5112
 239  1.097028  3.6845  2.1567  2.0126  2.1916  0.4800 -0.2254 -0.4797 -0.6115
 240  1.097209  3.6814  2.0946  2.0626  2.1375  0.3784 -0.3428 -0.6036 -0.7398
 241  1.097376  3.6783  2.0330  2.1121  2.0807  0.2786 -0.4580 -0.7253 -0.8663
 242  1.097524  3.6754  1.9742  2.1591  2.0297  0.1852 -0.5664 -0.8403 -0.9858
 243  1.097657  3.6724  1.9172  2.2043  1.9840  0.0966 -0.6702 -0.9507 -1.1009
 244  1.097778  3.6696  1.8626  2.2476  1.9434  0.0133 -0.7686 -1.0556 -1.2104
 245  1.097887  3.6667  1.8078  2.2909  1.9054 -0.0692 -0.8666 -1.1602 -1.3199
 246  1.097987  3.6639  1.7536  2.3337  1.8703 -0.1498 -0.9630 -1.2635 -1.4279
 247  1.098077  3.6611  1.7006  2.3755  1.8391 -0.2276 -1.0565 -1.3638 -1.5330
 248  1.098160  3.6583  1.6488  2.4163  1.8117 -0.3026 -1.1472 -1.4613 -1.6354
 249  1.098234  3.6556  1.5980  2.4562  1.7873 -0.3747 -1.2353 -1.5562 -1.7352
 250  1.098303  3.6529  1.5482  2.4952  1.7658 -0.4445 -1.3209 -1.6487 -1.8327
 251  1.098365  3.6502  1.4990  2.5336  1.7474 -0.5120 -1.4045 -1.7394 -1.9283
 252  1.098423  3.6474  1.4508  2.5709  1.7343 -0.5757 -1.4848 -1.8270 -2.0208
 253  1.098476  3.6447  1.4031  2.6076  1.7243 -0.6371 -1.5633 -1.9129 -2.1118
 254  1.098524  3.6420  1.3569  2.6430  1.7177 -0.6952 -1.6386 -1.9953 -2.1993
 255  1.098569  3.6392  1.3108  2.6782  1.7137 -0.7517 -1.7127 -2.0771 -2.2861
 256  1.098611  3.6366  1.2659  2.7124  1.7123 -0.8054 -1.7842 -2.1561 -2.3703
 257  1.098650  3.6339  1.2217  2.7461  1.7137 -0.8570 -1.8537 -2.2333 -2.4527
 258  1.098685  3.6313  1.1786  2.7787  1.7169 -0.9062 -1.9206 -2.3081 -2.5326
 259  1.098718  3.6287  1.1363  2.8107  1.7224 -0.9531 -1.9856 -2.3808 -2.6108
 260  1.098748  3.6262  1.0952  2.8418  1.7298 -0.9976 -2.0479 -2.4512 -2.6864
 261  1.098777  3.6237  1.0545  2.8725  1.7392 -1.0404 -2.1088 -2.5202 -2.7607
 262  1.098803  3.6213  1.0150  2.9023  1.7506 -1.0808 -2.1677 -2.5869 -2.8327
 263  1.098828  3.6188  0.9758  2.9318  1.7656 -1.1187 -2.2248 -2.6522 -2.9034
 264  1.098852  3.6163  0.9372  2.9605  1.7824 -1.1545 -2.2797 -2.7155 -2.9723
 265  1.098874  3.6139  0.8995  2.9886  1.7999 -1.1887 -2.3329 -2.7770 -3.0394
 266  1.098894  3.6116  0.8628  3.0160  1.8186 -1.2208 -2.3837 -2.8366 -3.1046
 267  1.098913  3.6093  0.8265  3.0430  1.8376 -1.2519 -2.4334 -2.8950 -3.1689
 268  1.098931  3.6070  0.7909  3.0696  1.8571 -1.2814 -2.4814 -2.9521 -3.2319
 269  1.098948  3.6047  0.7560  3.0954  1.8774 -1.3092 -2.5277 -3.0074 -3.2933
 270  1.098965  3.6025  0.7219  3.1207  1.8978 -1.3354 -2.5722 -3.0612 -3.3531
 271  1.098980  3.6004  0.6886  3.1453  1.9193 -1.3604 -2.6160 -3.1135 -3.4112
 272  1.098995  3.5983  0.6561  3.1695  1.9403 -1.3842 -2.6582 -3.1645 -3.4682
 273  1.099008  3.5962  0.6240  3.1934  1.9622 -1.4064 -2.6987 -3.2143 -3.5241
 274  1.099021  3.5942  0.5929  3.2164  1.9836 -1.4271 -2.7373 -3.2622 -3.5782
 275  1.099034  3.5922  0.5622  3.2392  2.0054 -1.4465 -2.7743 -3.3091 -3.6316
 276  1.099045  3.5903  0.5327  3.2611  2.0257 -1.4650 -2.8094 -3.3541 -3.6831
 277  1.099056  3.5884  0.5035  3.2826  2.0469 -1.4815 -2.8424 -3.3977 -3.7334
 278  1.099067  3.5867  0.4758  3.3030  2.0707 -1.4946 -2.8721 -3.4385 -3.7813
 279  1.099076  3.5852  0.4530  3.3199  2.0890 -1.5055 -2.8963 -3.4722 -3.8208
