#NUMBER OF AGES= 1
#----------------------------------------------------       
#MIX-LEN  Y      Z          Zeff        [Fe/H] [a/Fe]
# 1.9380  0.2488 2.3381E-03 1.7027E-03  -1.00   0.20 
#----------------------------------------------------       
#**PHOTOMETRIC SYSTEM**: SDSS (AB)                          
#----------------------------------------------------       
#AGE= 5.500 EEPS=271
#EEP   M/Mo    LogTeff  LogG   LogL/Lo sdss_u  sdss_g  sdss_r  sdss_i  sdss_z
   9  0.110860  3.5219  5.3135 -2.7899 17.8618 14.4266 12.7889 11.8032 11.2497
  10  0.124181  3.5247  5.2556 -2.6712 17.4274 14.0711 12.4494 11.4953 10.9544
  11  0.141542  3.5286  5.1949 -2.5383 16.9365 13.6673 12.0649 11.1488 10.6241
  12  0.167190  3.5359  5.1390 -2.3808 16.3045 13.1525 11.5804 10.7271 10.2329
  13  0.197001  3.5454  5.0996 -2.2323 15.6750 12.6390 11.1033 10.3210  9.8648
  14  0.220027  3.5512  5.0710 -2.1327 15.2814 12.3089 10.7958 10.0529  9.6186
  15  0.238219  3.5551  5.0501 -2.0615 15.0084 12.0764 10.5794  9.8620  9.4426
  16  0.254471  3.5583  5.0327 -2.0028 14.7893 11.8877 10.4035  9.7056  9.2980
  17  0.272452  3.5613  5.0161 -1.9443 14.5752 11.7014 10.2298  9.5504  9.1539
  18  0.288150  3.5638  5.0017 -1.8955 14.3997 11.5477 10.0866  9.4216  9.0340
  19  0.299656  3.5656  4.9901 -1.8597 14.2727 11.4356  9.9822  9.3271  8.9459
  20  0.307482  3.5668  4.9815 -1.8351 14.1868 11.3594  9.9111  9.2627  8.8855
  21  0.313348  3.5676  4.9748 -1.8169 14.1237 11.3033  9.8587  9.2149  8.8407
  22  0.317892  3.5683  4.9696 -1.8027 14.0753 11.2600  9.8184  9.1781  8.8061
  23  0.321623  3.5688  4.9652 -1.7913 14.0358 11.2247  9.7853  9.1479  8.7777
  24  0.325158  3.5693  4.9614 -1.7806 13.9990 11.1919  9.7548  9.1200  8.7516
  25  0.329514  3.5700  4.9579 -1.7688 13.9569 11.1546  9.7203  9.0889  8.7227
  26  0.335401  3.5708  4.9535 -1.7532 13.9014 11.1054  9.6748  9.0480  8.6846
  27  0.343778  3.5721  4.9475 -1.7314 13.8226 11.0359  9.6108  8.9903  8.6311
  28  0.380815  3.5792  4.9122 -1.6231 13.4199 10.6821  9.2883  8.7031  8.3674
  29  0.413873  3.5873  4.8735 -1.5163 13.0068 10.3240  8.9688  8.4202  8.1084
  30  0.429403  3.5915  4.8539 -1.4635 12.7984 10.1447  8.8117  8.2809  7.9806
  31  0.443227  3.5958  4.8360 -1.4148 12.6020  9.9760  8.6656  8.1519  7.8628
  32  0.459346  3.6013  4.8155 -1.3568 12.3630  9.7714  8.4911  7.9985  7.7231
  33  0.476350  3.6079  4.7942 -1.2933 12.0966  9.5427  8.3002  7.8309  7.5703
  34  0.490861  3.6142  4.7770 -1.2380 11.8593  9.3388  8.1335  7.6855  7.4380
  35  0.502217  3.6195  4.7649 -1.1949 11.6701  9.1762  8.0031  7.5721  7.3351
  36  0.510896  3.6238  4.7565 -1.1617 11.5213  9.0483  7.9021  7.4848  7.2562
  37  0.518055  3.6276  4.7498 -1.1338 11.3955  8.9384  7.8159  7.4113  7.1904
  38  0.524801  3.6314  4.7440 -1.1072 11.2732  8.8322  7.7336  7.3414  7.1279
  39  0.532208  3.6357  4.7381 -1.0781 11.1360  8.7144  7.6431  7.2648  7.0598
  40  0.541388  3.6411  4.7319 -1.0427 10.9618  8.5681  7.5320  7.1712  6.9767
  41  0.553477  3.6484  4.7245 -0.9963 10.7172  8.3737  7.3866  7.0487  6.8680
  42  0.567933  3.6580  4.7177 -0.9403 10.3920  8.1331  7.2105  6.9000  6.7364
  43  0.583829  3.6688  4.7117 -0.8787 10.0100  7.8698  7.0192  6.7366  6.5908
  44  0.600436  3.6798  4.7051 -0.8159  9.6081  7.6106  6.8293  6.5708  6.4415
  45  0.617276  3.6905  4.6974 -0.7537  9.1926  7.3655  6.6483  6.4108  6.2960
  46  0.634016  3.7007  4.6893 -0.6930  8.8110  7.1381  6.4759  6.2569  6.1556
  47  0.650247  3.7102  4.6805 -0.6352  8.5144  6.9354  6.3137  6.1112  6.0229
  48  0.665523  3.7188  4.6714 -0.5817  8.2489  6.7547  6.1670  5.9787  5.9015
  49  0.679879  3.7266  4.6623 -0.5321  7.9932  6.5909  6.0347  5.8584  5.7907
  50  0.693412  3.7336  4.6529 -0.4858  7.7627  6.4423  5.9139  5.7482  5.6889
  51  0.706057  3.7400  4.6430 -0.4432  7.5623  6.3080  5.8042  5.6479  5.5959
  52  0.712069  3.7429  4.6381 -0.4230  7.4707  6.2455  5.7529  5.6010  5.5523
  53  0.718056  3.7456  4.6330 -0.4030  7.3819  6.1840  5.7023  5.5547  5.5093
  54  0.724003  3.7484  4.6278 -0.3832  7.2957  6.1237  5.6525  5.5091  5.4666
  55  0.729914  3.7510  4.6225 -0.3636  7.2126  6.0645  5.6033  5.4638  5.4244
  56  0.735778  3.7536  4.6169 -0.3441  7.1322  6.0063  5.5548  5.4192  5.3827
  57  0.741597  3.7562  4.6112 -0.3249  7.0540  5.9492  5.5070  5.3751  5.3414
  58  0.747364  3.7586  4.6053 -0.3059  6.9781  5.8930  5.4598  5.3316  5.3005
  59  0.753091  3.7610  4.5993 -0.2870  6.9041  5.8378  5.4134  5.2887  5.2601
  60  0.758760  3.7633  4.5929 -0.2683  6.8322  5.7835  5.3675  5.2461  5.2200
  61  0.764381  3.7655  4.5863 -0.2497  6.7611  5.7301  5.3225  5.2042  5.1804
  62  0.769946  3.7676  4.5798 -0.2314  6.6916  5.6777  5.2781  5.1628  5.1412
  63  0.775457  3.7697  4.5731 -0.2132  6.6239  5.6261  5.2343  5.1220  5.1025
  64  0.780903  3.7717  4.5664 -0.1953  6.5582  5.5755  5.1912  5.0819  5.0643
  65  0.786291  3.7737  4.5596 -0.1777  6.4944  5.5257  5.1487  5.0423  5.0267
  66  0.791604  3.7757  4.5530 -0.1604  6.4326  5.4769  5.1071  5.0034  4.9897
  67  0.796839  3.7776  4.5465 -0.1434  6.3727  5.4291  5.0662  4.9654  4.9536
  68  0.801996  3.7795  4.5403 -0.1268  6.3157  5.3821  5.0261  4.9280  4.9183
  69  0.807077  3.7814  4.5342 -0.1105  6.2612  5.3360  4.9866  4.8914  4.8836
  70  0.812072  3.7832  4.5282 -0.0947  6.2086  5.2910  4.9480  4.8558  4.8498
  71  0.816984  3.7850  4.5224 -0.0791  6.1577  5.2470  4.9101  4.8208  4.8168
  72  0.821803  3.7867  4.5168 -0.0639  6.1083  5.2038  4.8731  4.7866  4.7845
  73  0.826524  3.7885  4.5112 -0.0489  6.0604  5.1616  4.8368  4.7531  4.7527
  74  0.831158  3.7901  4.5057 -0.0342  6.0139  5.1202  4.8012  4.7201  4.7216
  75  0.835698  3.7917  4.5000 -0.0198  5.9684  5.0797  4.7661  4.6876  4.6908
  76  0.840150  3.7933  4.4944 -0.0055  5.9237  5.0398  4.7317  4.6557  4.6604
  77  0.844511  3.7949  4.4888  0.0086  5.8796  5.0008  4.6978  4.6241  4.6304
  78  0.848789  3.7963  4.4830  0.0225  5.8364  4.9625  4.6644  4.5930  4.6006
  79  0.852970  3.7978  4.4772  0.0362  5.7940  4.9246  4.6314  4.5621  4.5712
  80  0.857071  3.7992  4.4715  0.0498  5.7526  4.8875  4.5987  4.5315  4.5420
  81  0.861085  3.8006  4.4656  0.0631  5.7120  4.8508  4.5666  4.5015  4.5132
  82  0.865754  3.8022  4.4586  0.0788  5.6648  4.8080  4.5289  4.4662  4.4793
  83  0.870355  3.8037  4.4515  0.0943  5.6186  4.7656  4.4916  4.4311  4.4457
  84  0.874884  3.8052  4.4443  0.1097  5.5731  4.7238  4.4545  4.3962  4.4122
  85  0.879348  3.8066  4.4370  0.1250  5.5285  4.6823  4.4177  4.3616  4.3789
  86  0.883747  3.8080  4.4297  0.1401  5.4847  4.6411  4.3811  4.3271  4.3458
  87  0.888083  3.8094  4.4222  0.1552  5.4419  4.6004  4.3449  4.2930  4.3129
  88  0.892358  3.8107  4.4147  0.1701  5.3997  4.5602  4.3089  4.2590  4.2801
  89  0.896578  3.8120  4.4071  0.1848  5.3583  4.5204  4.2731  4.2253  4.2476
  90  0.900746  3.8132  4.3993  0.1994  5.3174  4.4809  4.2377  4.1919  4.2152
  91  0.904854  3.8144  4.3915  0.2139  5.2772  4.4418  4.2024  4.1585  4.1829
  92  0.908892  3.8155  4.3836  0.2283  5.2376  4.4030  4.1675  4.1253  4.1508
  93  0.912859  3.8166  4.3754  0.2426  5.1986  4.3648  4.1328  4.0924  4.1187
  94  0.916752  3.8176  4.3674  0.2567  5.1603  4.3270  4.0985  4.0598  4.0870
  95  0.920576  3.8186  4.3592  0.2706  5.1228  4.2897  4.0645  4.0275  4.0555
  96  0.924324  3.8195  4.3510  0.2844  5.0858  4.2528  4.0310  3.9955  4.0245
  97  0.928008  3.8205  4.3429  0.2980  5.0494  4.2166  3.9978  3.9638  3.9936
  98  0.931624  3.8215  4.3348  0.3114  5.0137  4.1808  3.9650  3.9325  3.9631
  99  0.935179  3.8223  4.3268  0.3247  4.9786  4.1455  3.9326  3.9017  3.9330
 100  0.938677  3.8232  4.3188  0.3376  4.9440  4.1108  3.9007  3.8712  3.9032
 101  0.942127  3.8240  4.3108  0.3505  4.9100  4.0764  3.8691  3.8410  3.8738
 102  0.945530  3.8248  4.3029  0.3633  4.8767  4.0426  3.8380  3.8113  3.8447
 103  0.948895  3.8256  4.2951  0.3758  4.8437  4.0093  3.8072  3.7819  3.8160
 104  0.952228  3.8263  4.2874  0.3881  4.8113  3.9763  3.7768  3.7528  3.7876
 105  0.955535  3.8271  4.2797  0.4004  4.7793  3.9437  3.7467  3.7241  3.7595
 106  0.958815  3.8279  4.2720  0.4126  4.7477  3.9115  3.7169  3.6955  3.7314
 107  0.962063  3.8286  4.2642  0.4245  4.7166  3.8796  3.6873  3.6672  3.7037
 108  0.965268  3.8293  4.2566  0.4365  4.6858  3.8481  3.6581  3.6392  3.6763
 109  0.968411  3.8300  4.2489  0.4483  4.6555  3.8169  3.6291  3.6114  3.6490
 110  0.971472  3.8306  4.2413  0.4598  4.6256  3.7861  3.6005  3.5838  3.6220
 111  0.974433  3.8313  4.2339  0.4713  4.5960  3.7557  3.5723  3.5568  3.5955
 112  0.975932  3.8316  4.2300  0.4772  4.5809  3.7401  3.5578  3.5429  3.5819
 113  0.977435  3.8319  4.2261  0.4831  4.5656  3.7242  3.5432  3.5290  3.5682
 114  0.978941  3.8323  4.2221  0.4891  4.5503  3.7083  3.5284  3.5148  3.5543
 115  0.980447  3.8326  4.2181  0.4952  4.5347  3.6922  3.5134  3.5004  3.5402
 116  0.981955  3.8329  4.2140  0.5013  4.5191  3.6760  3.4983  3.4859  3.5259
 117  0.983465  3.8332  4.2097  0.5075  4.5033  3.6597  3.4830  3.4712  3.5114
 118  0.984975  3.8336  4.2054  0.5137  4.4874  3.6432  3.4676  3.4563  3.4968
 119  0.986485  3.8338  4.2009  0.5200  4.4714  3.6265  3.4520  3.4412  3.4820
 120  0.987993  3.8341  4.1964  0.5263  4.4553  3.6098  3.4362  3.4260  3.4670
 121  0.989503  3.8344  4.1917  0.5327  4.4392  3.5929  3.4204  3.4108  3.4519
 122  0.991009  3.8347  4.1870  0.5392  4.4229  3.5759  3.4043  3.3952  3.4365
 123  0.992514  3.8349  4.1822  0.5457  4.4065  3.5588  3.3881  3.3795  3.4210
 124  0.994014  3.8352  4.1773  0.5523  4.3900  3.5416  3.3718  3.3637  3.4053
 125  0.995512  3.8354  4.1722  0.5589  4.3734  3.5243  3.3553  3.3476  3.3895
 126  0.997004  3.8356  4.1670  0.5656  4.3568  3.5069  3.3388  3.3314  3.3734
 127  0.998492  3.8359  4.1617  0.5723  4.3401  3.4894  3.3220  3.3151  3.3572
 128  0.999972  3.8360  4.1562  0.5791  4.3233  3.4718  3.3051  3.2985  3.3408
 129  1.001450  3.8362  4.1506  0.5859  4.3065  3.4541  3.2881  3.2818  3.3241
 130  1.002925  3.8363  4.1449  0.5928  4.2895  3.4363  3.2708  3.2649  3.3073
 131  1.004396  3.8364  4.1390  0.5997  4.2725  3.4184  3.2534  3.2477  3.2902
 132  1.005861  3.8365  4.1328  0.6067  4.2555  3.4004  3.2357  3.2303  3.2728
 133  1.007319  3.8365  4.1264  0.6138  4.2384  3.3822  3.2179  3.2127  3.2551
 134  1.008770  3.8365  4.1199  0.6209  4.2212  3.3641  3.2000  3.1949  3.2373
 135  1.010215  3.8364  4.1132  0.6281  4.2040  3.3459  3.1819  3.1769  3.2192
 136  1.011651  3.8364  4.1063  0.6353  4.1867  3.3276  3.1637  3.1586  3.2008
 137  1.013076  3.8363  4.0992  0.6426  4.1695  3.3093  3.1453  3.1402  3.1822
 138  1.014491  3.8361  4.0919  0.6499  4.1522  3.2910  3.1268  3.1215  3.1634
 139  1.015894  3.8359  4.0843  0.6574  4.1349  3.2726  3.1081  3.1026  3.1443
 140  1.017286  3.8356  4.0765  0.6648  4.1176  3.2542  3.0892  3.0835  3.1249
 141  1.018665  3.8354  4.0685  0.6722  4.1003  3.2359  3.0703  3.0642  3.1052
 142  1.020028  3.8350  4.0601  0.6797  4.0831  3.2174  3.0511  3.0446  3.0852
 143  1.021376  3.8346  4.0515  0.6872  4.0660  3.1991  3.0319  3.0248  3.0650
 144  1.022708  3.8341  4.0426  0.6948  4.0489  3.1808  3.0125  3.0048  3.0445
 145  1.024023  3.8335  4.0333  0.7024  4.0319  3.1627  2.9928  2.9844  3.0237
 146  1.025321  3.8329  4.0237  0.7100  4.0151  3.1446  2.9732  2.9639  3.0025
 147  1.026599  3.8321  4.0138  0.7176  3.9984  3.1266  2.9534  2.9431  2.9811
 148  1.027858  3.8313  4.0035  0.7253  3.9818  3.1087  2.9336  2.9221  2.9593
 149  1.029096  3.8304  3.9926  0.7330  3.9655  3.0911  2.9135  2.9007  2.9372
 150  1.030313  3.8294  3.9813  0.7406  3.9495  3.0737  2.8934  2.8790  2.9145
 151  1.031508  3.8283  3.9695  0.7483  3.9338  3.0566  2.8732  2.8571  2.8916
 152  1.032681  3.8270  3.9572  0.7560  3.9185  3.0398  2.8527  2.8348  2.8681
 153  1.033830  3.8256  3.9444  0.7637  3.9038  3.0233  2.8323  2.8123  2.8443
 154  1.034957  3.8240  3.9310  0.7714  3.8895  3.0074  2.8118  2.7894  2.8200
 155  1.036062  3.8223  3.9168  0.7791  3.8760  2.9918  2.7913  2.7661  2.7953
 156  1.037141  3.8203  3.9019  0.7867  3.8633  2.9769  2.7707  2.7426  2.7700
 157  1.038200  3.8182  3.8863  0.7942  3.8518  2.9628  2.7499  2.7184  2.7438
 158  1.039237  3.8158  3.8698  0.8017  3.8416  2.9496  2.7291  2.6937  2.7171
 159  1.040257  3.8132  3.8522  0.8091  3.8329  2.9376  2.7083  2.6687  2.6897
 160  1.041261  3.8102  3.8334  0.8163  3.8264  2.9267  2.6878  2.6434  2.6615
 161  1.042255  3.8068  3.8132  0.8233  3.8227  2.9177  2.6678  2.6179  2.6329
 162  1.042872  3.8044  3.7997  0.8277  3.8221  2.9127  2.6554  2.6019  2.6148
 163  1.043491  3.8018  3.7855  0.8316  3.8239  2.9094  2.6439  2.5863  2.5966
 164  1.044111  3.7988  3.7704  0.8352  3.8281  2.9077  2.6332  2.5710  2.5785
 165  1.044730  3.7957  3.7544  0.8384  3.8355  2.9083  2.6236  2.5564  2.5608
 166  1.045348  3.7920  3.7375  0.8409  3.8465  2.9121  2.6162  2.5433  2.5439
 167  1.045960  3.7880  3.7205  0.8423  3.8615  2.9199  2.6120  2.5328  2.5292
 168  1.046554  3.7838  3.7035  0.8427  3.8821  2.9316  2.6105  2.5247  2.5166
 169  1.047112  3.7794  3.6877  0.8416  3.9097  2.9478  2.6127  2.5202  2.5075
 170  1.047618  3.7752  3.6734  0.8390  3.9464  2.9673  2.6169  2.5178  2.5008
 171  1.048082  3.7711  3.6603  0.8359  3.9872  2.9885  2.6224  2.5168  2.4958
 172  1.048523  3.7671  3.6481  0.8321  4.0309  3.0112  2.6296  2.5178  2.4927
 173  1.048955  3.7631  3.6362  0.8283  4.0760  3.0346  2.6377  2.5196  2.4905
 174  1.049423  3.7589  3.6235  0.8246  4.1223  3.0589  2.6467  2.5222  2.4886
 175  1.049951  3.7545  3.6077  0.8230  4.1683  3.0797  2.6513  2.5197  2.4812
 176  1.050527  3.7501  3.5896  0.8236  4.2103  3.0952  2.6507  2.5123  2.4687
 177  1.051045  3.7466  3.5715  0.8281  4.2354  3.0976  2.6404  2.4965  2.4490
 178  1.051466  3.7441  3.5558  0.8335  4.2501  3.0946  2.6277  2.4797  2.4291
 179  1.051828  3.7420  3.5415  0.8401  4.2564  3.0868  2.6124  2.4613  2.4083
 180  1.052150  3.7406  3.5288  0.8468  4.2567  3.0762  2.5962  2.4426  2.3878
 181  1.052442  3.7390  3.5159  0.8536  4.2583  3.0662  2.5802  2.4241  2.3675
 182  1.052904  3.7372  3.4968  0.8661  4.2470  3.0422  2.5499  2.3911  2.3326
 183  1.053359  3.7356  3.4769  0.8795  4.2333  3.0160  2.5176  2.3561  2.2955
 184  1.053807  3.7340  3.4567  0.8937  4.2170  2.9877  2.4835  2.3196  2.2570
 185  1.054247  3.7330  3.4375  0.9089  4.1921  2.9547  2.4466  2.2809  2.2171
 186  1.054684  3.7318  3.4178  0.9240  4.1686  2.9219  2.4097  2.2422  2.1768
 187  1.055119  3.7307  3.3978  0.9395  4.1450  2.8885  2.3719  2.2025  2.1357
 188  1.055552  3.7297  3.3782  0.9555  4.1174  2.8532  2.3331  2.1621  2.0942
 189  1.055979  3.7290  3.3591  0.9717  4.0866  2.8161  2.2933  2.1212  2.0522
 190  1.056405  3.7283  3.3403  0.9882  4.0534  2.7779  2.2528  2.0796  2.0099
 191  1.056830  3.7275  3.3205  1.0046  4.0234  2.7408  2.2127  2.0380  1.9672
 192  1.057252  3.7267  3.3008  1.0214  3.9917  2.7028  2.1717  1.9959  1.9239
 193  1.057670  3.7260  3.2812  1.0385  3.9573  2.6633  2.1299  1.9530  1.8802
 194  1.058086  3.7254  3.2615  1.0557  3.9224  2.6232  2.0875  1.9095  1.8359
 195  1.058499  3.7247  3.2417  1.0732  3.8870  2.5827  2.0448  1.8656  1.7913
 196  1.058908  3.7242  3.2220  1.0909  3.8488  2.5406  2.0010  1.8212  1.7460
 197  1.059315  3.7237  3.2020  1.1089  3.8109  2.4984  1.9570  1.7761  1.7002
 198  1.059712  3.7230  3.1810  1.1274  3.7734  2.4556  1.9117  1.7298  1.6529
 199  1.060089  3.7223  3.1587  1.1473  3.7319  2.4090  1.8628  1.6798  1.6021
 200  1.060453  3.7217  3.1356  1.1678  3.6887  2.3609  1.8124  1.6283  1.5497
 201  1.060806  3.7210  3.1120  1.1890  3.6442  2.3112  1.7605  1.5752  1.4958
 202  1.061147  3.7203  3.0875  1.2108  3.5988  2.2603  1.7071  1.5207  1.4402
 203  1.061478  3.7196  3.0625  1.2330  3.5525  2.2084  1.6526  1.4650  1.3835
 204  1.061798  3.7188  3.0370  1.2557  3.5051  2.1554  1.5970  1.4081  1.3257
 205  1.062108  3.7181  3.0110  1.2788  3.4572  2.1015  1.5404  1.3502  1.2666
 206  1.062409  3.7173  2.9844  1.3023  3.4092  2.0471  1.4829  1.2913  1.2067
 207  1.062700  3.7164  2.9572  1.3261  3.3614  1.9923  1.4247  1.2316  1.1458
 208  1.062983  3.7155  2.9297  1.3503  3.3121  1.9367  1.3659  1.1711  1.0840
 209  1.063254  3.7145  2.9015  1.3748  3.2625  1.8807  1.3062  1.1099  1.0214
 210  1.063517  3.7136  2.8731  1.3995  3.2119  1.8238  1.2460  1.0479  0.9581
 211  1.063771  3.7125  2.8439  1.4246  3.1631  1.7673  1.1853  0.9853  0.8940
 212  1.064014  3.7114  2.8144  1.4498  3.1130  1.7100  1.1240  0.9221  0.8291
 213  1.064249  3.7105  2.7847  1.4753  3.0629  1.6522  1.0621  0.8583  0.7637
 214  1.064474  3.7093  2.7546  1.5011  3.0128  1.5942  0.9999  0.7939  0.6978
 215  1.064691  3.7082  2.7243  1.5271  2.9627  1.5359  0.9371  0.7291  0.6313
 216  1.064899  3.7070  2.6935  1.5532  2.9130  1.4774  0.8741  0.6639  0.5644
 217  1.064933  3.7068  2.6883  1.5577  2.9045  1.4674  0.8633  0.6528  0.5530
 218  1.064968  3.7066  2.6830  1.5622  2.8961  1.4574  0.8525  0.6416  0.5415
 219  1.065002  3.7064  2.6777  1.5667  2.8876  1.4474  0.8417  0.6304  0.5300
 220  1.065036  3.7062  2.6724  1.5712  2.8792  1.4374  0.8308  0.6192  0.5184
 221  1.065070  3.7060  2.6671  1.5757  2.8709  1.4274  0.8200  0.6079  0.5069
 222  1.065104  3.7058  2.6617  1.5803  2.8625  1.4171  0.8090  0.5965  0.4951
 223  1.065138  3.7056  2.6562  1.5849  2.8540  1.4070  0.7979  0.5851  0.4834
 224  1.065171  3.7054  2.6507  1.5895  2.8454  1.3968  0.7868  0.5736  0.4716
 225  1.065204  3.7051  2.6453  1.5941  2.8369  1.3865  0.7757  0.5620  0.4597
 226  1.065239  3.7049  2.6398  1.5988  2.8282  1.3761  0.7644  0.5504  0.4478
 227  1.065541  3.7029  2.5875  1.6428  2.7479  1.2786  0.6586  0.4406  0.3350
 228  1.065821  3.7007  2.5346  1.6872  2.6695  1.1810  0.5523  0.3303  0.2215
 229  1.066085  3.6984  2.4806  1.7323  2.5952  1.0829  0.4444  0.2182  0.1059
 230  1.066331  3.6959  2.4255  1.7776  2.5288  0.9855  0.3362  0.1053 -0.0103
 231  1.066547  3.6935  2.3726  1.8209  2.4693  0.8935  0.2332 -0.0024 -0.1214
 232  1.066742  3.6912  2.3208  1.8631  2.4145  0.8047  0.1331 -0.1074 -0.2297
 233  1.066927  3.6887  2.2693  1.9050  2.3631  0.7173  0.0338 -0.2115 -0.3373
 234  1.067092  3.6864  2.2217  1.9436  2.3176  0.6374 -0.0575 -0.3075 -0.4364
 235  1.067251  3.6843  2.1778  1.9791  2.2769  0.5643 -0.1413 -0.3956 -0.5276
 236  1.067397  3.6830  2.1502  2.0018  2.2495  0.5173 -0.1948 -0.4518 -0.5856
 237  1.067543  3.6842  2.1681  1.9883  2.2572  0.5424 -0.1641 -0.4187 -0.5509
 238  1.067710  3.6861  2.1993  1.9647  2.2736  0.5875 -0.1095 -0.3603 -0.4899
 239  1.067891  3.6830  2.1370  2.0149  2.2182  0.4849 -0.2277 -0.4849 -0.6188
 240  1.068051  3.6800  2.0750  2.0649  2.1618  0.3835 -0.3446 -0.6083 -0.7467
 241  1.068197  3.6770  2.0144  2.1135  2.1064  0.2857 -0.4575 -0.7278 -0.8708
 242  1.068326  3.6740  1.9558  2.1603  2.0569  0.1933 -0.5651 -0.8421 -0.9898
 243  1.068442  3.6711  1.8998  2.2047  2.0131  0.1069 -0.6667 -0.9501 -1.1024
 244  1.068548  3.6682  1.8449  2.2482  1.9732  0.0234 -0.7654 -1.0554 -1.2124
 245  1.068645  3.6653  1.7895  2.2920  1.9355 -0.0596 -0.8643 -1.1611 -1.3230
 246  1.068732  3.6624  1.7353  2.3348  1.9015 -0.1400 -0.9605 -1.2641 -1.4309
 247  1.068811  3.6597  1.6827  2.3763  1.8717 -0.2168 -1.0530 -1.3634 -1.5351
 248  1.068882  3.6569  1.6308  2.4171  1.8453 -0.2912 -1.1435 -1.4609 -1.6374
 249  1.068948  3.6541  1.5798  2.4571  1.8216 -0.3634 -1.2316 -1.5559 -1.7374
 250  1.069007  3.6514  1.5301  2.4961  1.8010 -0.4326 -1.3168 -1.6482 -1.8345
 251  1.069063  3.6487  1.4808  2.5344  1.7845 -0.4993 -1.4001 -1.7385 -1.9299
 252  1.069113  3.6460  1.4327  2.5715  1.7729 -0.5619 -1.4795 -1.8253 -2.0218
 253  1.069159  3.6433  1.3853  2.6080  1.7640 -0.6226 -1.5574 -1.9106 -2.1122
 254  1.069201  3.6405  1.3387  2.6437  1.7586 -0.6805 -1.6328 -1.9936 -2.2002
 255  1.069240  3.6378  1.2928  2.6787  1.7557 -0.7361 -1.7063 -2.0746 -2.2865
 256  1.069277  3.6351  1.2478  2.7129  1.7554 -0.7894 -1.7776 -2.1536 -2.3706
 257  1.069310  3.6324  1.2038  2.7463  1.7576 -0.8402 -1.8464 -2.2302 -2.4525
 258  1.069341  3.6298  1.1609  2.7789  1.7620 -0.8885 -1.9126 -2.3044 -2.5319
 259  1.069371  3.6273  1.1185  2.8110  1.7683 -0.9350 -1.9773 -2.3770 -2.6100
 260  1.069397  3.6247  1.0772  2.8422  1.7765 -0.9793 -2.0397 -2.4476 -2.6859
 261  1.069422  3.6222  1.0367  2.8728  1.7872 -1.0212 -2.1002 -2.5162 -2.7598
 262  1.069446  3.6198  0.9968  2.9027  1.8003 -1.0609 -2.1588 -2.5829 -2.8319
 263  1.069467  3.6173  0.9577  2.9320  1.8163 -1.0979 -2.2152 -2.6475 -2.9021
 264  1.069488  3.6148  0.9193  2.9607  1.8337 -1.1330 -2.2695 -2.7104 -2.9707
 265  1.069507  3.6124  0.8815  2.9889  1.8519 -1.1667 -2.3222 -2.7719 -3.0379
 266  1.069525  3.6101  0.8448  3.0162  1.8708 -1.1984 -2.3728 -2.8311 -3.1029
 267  1.069541  3.6078  0.8084  3.0433  1.8902 -1.2290 -2.4222 -2.8897 -3.1674
 268  1.069557  3.6055  0.7730  3.0696  1.9099 -1.2578 -2.4696 -2.9462 -3.2299
 269  1.069572  3.6032  0.7380  3.0956  1.9305 -1.2851 -2.5153 -3.0013 -3.2912
 270  1.069586  3.6010  0.7040  3.1208  1.9517 -1.3110 -2.5602 -3.0550 -3.3508
 271  1.069599  3.5989  0.6708  3.1455  1.9734 -1.3354 -2.6034 -3.1070 -3.4089
 272  1.069612  3.5968  0.6383  3.1696  1.9944 -1.3587 -2.6451 -3.1578 -3.4658
 273  1.069624  3.5947  0.6062  3.1934  2.0168 -1.3801 -2.6849 -3.2073 -3.5215
 274  1.069635  3.5927  0.5750  3.2166  2.0383 -1.4004 -2.7229 -3.2550 -3.5758
 275  1.069646  3.5907  0.5445  3.2393  2.0590 -1.4197 -2.7595 -3.3017 -3.6291
 276  1.069656  3.5888  0.5146  3.2612  2.0807 -1.4369 -2.7935 -3.3465 -3.6807
 277  1.069666  3.5869  0.4855  3.2827  2.1044 -1.4514 -2.8251 -3.3894 -3.7309
 278  1.069675  3.5850  0.4577  3.3032  2.1278 -1.4640 -2.8541 -3.4302 -3.7789
 279  1.069717  3.5835  0.4335  3.3211  2.1465 -1.4754 -2.8794 -3.4659 -3.8211
