#NUMBER OF AGES= 1
#----------------------------------------------------       
#MIX-LEN  Y      Z          Zeff        [Fe/H] [a/Fe]
# 1.9380  0.2488 2.3381E-03 1.7027E-03  -1.00   0.20 
#----------------------------------------------------       
#**PHOTOMETRIC SYSTEM**: SDSS (AB)                          
#----------------------------------------------------       
#AGE= 6.000 EEPS=271
#EEP   M/Mo    LogTeff  LogG   LogL/Lo sdss_u  sdss_g  sdss_r  sdss_i  sdss_z
   9  0.106181  3.5208  5.3353 -2.8349 18.0287 14.5620 12.9180 11.9198 11.3614
  10  0.118845  3.5236  5.2777 -2.7168 17.5936 14.2076 12.5797 11.6137 11.0678
  11  0.134362  3.5270  5.2176 -2.5902 17.1298 13.8264 12.2161 11.2844 10.7529
  12  0.156223  3.5325  5.1582 -2.4433 16.5653 13.3638 11.7783 10.8965 10.3880
  13  0.185200  3.5419  5.1136 -2.2871 15.9037 12.8272 11.2780 10.4705 10.0005
  14  0.209651  3.5486  5.0824 -2.1748 15.4466 12.4481 10.9255 10.1661  9.7226
  15  0.228441  3.5531  5.0596 -2.0972 15.1454 12.1934 10.6882  9.9579  9.5310
  16  0.244304  3.5564  5.0415 -2.0369 14.9168 11.9978 10.5060  9.7966  9.3819
  17  0.260615  3.5594  5.0249 -1.9800 14.7065 11.8158 10.3364  9.6454  9.2419
  18  0.277875  3.5622  5.0092 -1.9250 14.5068 11.6415 10.1739  9.4998  9.1066
  19  0.292277  3.5645  4.9956 -1.8805 14.3475 11.5015 10.0435  9.3822  8.9971
  20  0.302441  3.5661  4.9851 -1.8488 14.2356 11.4026  9.9513  9.2989  8.9192
  21  0.309641  3.5671  4.9774 -1.8266 14.1579 11.3335  9.8869  9.2403  8.8644
  22  0.315089  3.5679  4.9713 -1.8099 14.1003 11.2822  9.8390  9.1967  8.8234
  23  0.319338  3.5685  4.9666 -1.7969 14.0556 11.2424  9.8018  9.1627  8.7915
  24  0.322990  3.5690  4.9626 -1.7859 14.0175 11.2084  9.7701  9.1338  8.7644
  25  0.326887  3.5696  4.9593 -1.7750 13.9791 11.1742  9.7385  9.1052  8.7378
  26  0.331598  3.5703  4.9555 -1.7622 13.9337 11.1340  9.7012  9.0716  8.7066
  27  0.338003  3.5713  4.9506 -1.7454 13.8734 11.0806  9.6518  9.0272  8.6653
  28  0.347943  3.5728  4.9434 -1.7192 13.7782 10.9967  9.5749  8.9580  8.6014
  29  0.396978  3.5831  4.8924 -1.5699 13.2168 10.5055  9.1298  8.5624  8.2384
  30  0.417899  3.5884  4.8671 -1.5011 12.9481 10.2732  8.9240  8.3802  8.0716
  31  0.432595  3.5926  4.8483 -1.4504 12.7469 10.1002  8.7728  8.2463  7.9489
  32  0.446760  3.5970  4.8299 -1.4001 12.5433  9.9254  8.6220  8.1133  7.8274
  33  0.463190  3.6029  4.8089 -1.3402 12.2954  9.7133  8.4419  7.9551  7.6832
  34  0.479342  3.6094  4.7887 -1.2792 12.0379  9.4919  8.2580  7.7939  7.5365
  35  0.493198  3.6155  4.7726 -1.2263 11.8102  9.2962  8.0988  7.6549  7.4100
  36  0.503857  3.6205  4.7613 -1.1857 11.6313  9.1424  7.9758  7.5481  7.3131
  37  0.512102  3.6247  4.7534 -1.1538 11.4884  9.0191  7.8786  7.4644  7.2377
  38  0.519176  3.6286  4.7469 -1.1261 11.3626  8.9094  7.7928  7.3913  7.1722
  39  0.526099  3.6325  4.7409 -1.0987 11.2359  8.7995  7.7078  7.3192  7.1079
  40  0.533848  3.6370  4.7350 -1.0682 11.0905  8.6753  7.6127  7.2389  7.0365
  41  0.543503  3.6428  4.7285 -1.0307 10.9041  8.5200  7.4953  7.1399  6.9487
  42  0.555956  3.6505  4.7210 -0.9825 10.6436  8.3168  7.3441  7.0124  6.8355
  43  0.570283  3.6602  4.7145 -0.9265 10.3127  8.0761  7.1683  6.8639  6.7040
  44  0.585717  3.6707  4.7086 -0.8664  9.9370  7.8206  6.9824  6.7044  6.5616
  45  0.601553  3.6812  4.7019 -0.8062  9.5511  7.5740  6.8014  6.5459  6.4185
  46  0.617416  3.6913  4.6944 -0.7471  9.1552  7.3424  6.6303  6.3944  6.2807
  47  0.633042  3.7009  4.6865 -0.6899  8.7990  7.1289  6.4678  6.2493  6.1483
  48  0.648047  3.7098  4.6779 -0.6358  8.5214  6.9393  6.3160  6.1129  6.0239
  49  0.662190  3.7178  4.6693 -0.5856  8.2744  6.7694  6.1780  5.9881  5.9097
  50  0.675446  3.7251  4.6606 -0.5390  8.0345  6.6153  6.0534  5.8748  5.8055
  51  0.687870  3.7318  4.6516 -0.4958  7.8168  6.4757  5.9400  5.7713  5.7099
  52  0.693703  3.7348  4.6471 -0.4756  7.7196  6.4116  5.8878  5.7237  5.6657
  53  0.699541  3.7377  4.6424 -0.4556  7.6254  6.3485  5.8361  5.6765  5.6219
  54  0.705359  3.7405  4.6376 -0.4356  7.5337  6.2864  5.7852  5.6299  5.5786
  55  0.711153  3.7433  4.6326 -0.4158  7.4446  6.2253  5.7349  5.5839  5.5358
  56  0.716901  3.7461  4.6275 -0.3962  7.3583  6.1654  5.6855  5.5386  5.4936
  57  0.722610  3.7487  4.6222 -0.3769  7.2748  6.1066  5.6368  5.4939  5.4518
  58  0.728263  3.7513  4.6167 -0.3577  7.1942  6.0488  5.5887  5.4497  5.4106
  59  0.733869  3.7538  4.6111 -0.3387  7.1161  5.9921  5.5414  5.4061  5.3698
  60  0.739419  3.7562  4.6054 -0.3200  7.0404  5.9366  5.4948  5.3631  5.3294
  61  0.744919  3.7586  4.5995 -0.3014  6.9669  5.8820  5.4490  5.3208  5.2897
  62  0.750362  3.7609  4.5934 -0.2831  6.8951  5.8284  5.4038  5.2789  5.2503
  63  0.755754  3.7631  4.5872 -0.2649  6.8253  5.7756  5.3591  5.2375  5.2112
  64  0.761084  3.7652  4.5807 -0.2469  6.7563  5.7238  5.3153  5.1967  5.1726
  65  0.766365  3.7673  4.5741 -0.2290  6.6891  5.6728  5.2721  5.1564  5.1344
  66  0.771581  3.7693  4.5673 -0.2114  6.6237  5.6228  5.2295  5.1166  5.0966
  67  0.776736  3.7712  4.5605 -0.1939  6.5600  5.5736  5.1874  5.0773  5.0592
  68  0.781822  3.7731  4.5537 -0.1768  6.4981  5.5252  5.1461  5.0387  5.0225
  69  0.786833  3.7750  4.5470 -0.1599  6.4381  5.4778  5.1055  5.0008  4.9864
  70  0.791766  3.7768  4.5404 -0.1434  6.3800  5.4314  5.0656  4.9635  4.9509
  71  0.796619  3.7786  4.5339 -0.1272  6.3239  5.3858  5.0265  4.9271  4.9162
  72  0.801387  3.7803  4.5277 -0.1113  6.2708  5.3410  4.9881  4.8913  4.8824
  73  0.806066  3.7821  4.5217 -0.0958  6.2195  5.2972  4.9504  4.8564  4.8493
  74  0.810669  3.7838  4.5158 -0.0807  6.1700  5.2544  4.9136  4.8223  4.8169
  75  0.815184  3.7854  4.5100 -0.0659  6.1219  5.2126  4.8775  4.7889  4.7854
  76  0.819611  3.7870  4.5044 -0.0514  6.0753  5.1717  4.8423  4.7564  4.7545
  77  0.823949  3.7886  4.4989 -0.0372  6.0301  5.1316  4.8077  4.7243  4.7242
  78  0.828203  3.7902  4.4933 -0.0232  5.9861  5.0923  4.7737  4.6928  4.6943
  79  0.832364  3.7917  4.4878 -0.0095  5.9431  5.0539  4.7404  4.6620  4.6650
  80  0.836447  3.7932  4.4823  0.0041  5.9010  5.0161  4.7077  4.6315  4.6361
  81  0.840450  3.7946  4.4767  0.0174  5.8593  4.9791  4.6755  4.6015  4.6075
  82  0.845167  3.7962  4.4700  0.0333  5.8102  4.9353  4.6372  4.5658  4.5733
  83  0.849824  3.7979  4.4630  0.0492  5.7617  4.8918  4.5990  4.5300  4.5391
  84  0.854402  3.7994  4.4558  0.0649  5.7138  4.8486  4.5610  4.4943  4.5050
  85  0.858895  3.8010  4.4486  0.0806  5.6670  4.8060  4.5233  4.4589  4.4710
  86  0.863303  3.8024  4.4413  0.0961  5.6208  4.7638  4.4860  4.4238  4.4373
  87  0.867627  3.8039  4.4339  0.1115  5.5756  4.7221  4.4490  4.3890  4.4038
  88  0.871869  3.8053  4.4264  0.1266  5.5312  4.6808  4.4124  4.3544  4.3705
  89  0.876036  3.8066  4.4189  0.1417  5.4876  4.6401  4.3760  4.3200  4.3373
  90  0.880124  3.8080  4.4112  0.1566  5.4448  4.5997  4.3398  4.2860  4.3046
  91  0.884143  3.8093  4.4035  0.1714  5.4030  4.5598  4.3042  4.2522  4.2719
  92  0.888092  3.8105  4.3957  0.1860  5.3619  4.5204  4.2687  4.2187  4.2395
  93  0.891975  3.8117  4.3879  0.2005  5.3214  4.4813  4.2336  4.1855  4.2073
  94  0.895798  3.8128  4.3799  0.2148  5.2817  4.4428  4.1987  4.1525  4.1753
  95  0.899567  3.8139  4.3719  0.2290  5.2425  4.4046  4.1642  4.1197  4.1436
  96  0.903273  3.8149  4.3637  0.2431  5.2040  4.3667  4.1299  4.0871  4.1120
  97  0.906913  3.8159  4.3556  0.2571  5.1661  4.3294  4.0959  4.0549  4.0805
  98  0.910485  3.8169  4.3473  0.2709  5.1289  4.2925  4.0622  4.0227  4.0492
  99  0.913993  3.8178  4.3388  0.2845  5.0922  4.2561  4.0290  3.9909  4.0182
 100  0.917437  3.8186  4.3304  0.2980  5.0563  4.2202  3.9960  3.9593  3.9873
 101  0.920825  3.8195  4.3220  0.3114  5.0209  4.1846  3.9633  3.9281  3.9567
 102  0.924160  3.8203  4.3135  0.3246  4.9861  4.1496  3.9310  3.8971  3.9265
 103  0.927447  3.8210  4.3050  0.3376  4.9518  4.1151  3.8990  3.8664  3.8964
 104  0.930690  3.8217  4.2965  0.3504  4.9181  4.0811  3.8674  3.8359  3.8666
 105  0.933896  3.8224  4.2880  0.3632  4.8850  4.0474  3.8361  3.8059  3.8370
 106  0.937065  3.8230  4.2795  0.3757  4.8524  4.0143  3.8051  3.7760  3.8077
 107  0.940198  3.8236  4.2709  0.3882  4.8203  3.9816  3.7745  3.7465  3.7787
 108  0.943282  3.8242  4.2625  0.4004  4.7887  3.9493  3.7442  3.7173  3.7500
 109  0.946307  3.8247  4.2539  0.4125  4.7576  3.9175  3.7144  3.6884  3.7215
 110  0.949243  3.8254  4.2456  0.4245  4.7270  3.8861  3.6849  3.6600  3.6936
 111  0.952078  3.8259  4.2375  0.4362  4.6967  3.8551  3.6559  3.6319  3.6660
 112  0.953456  3.8262  4.2335  0.4419  4.6818  3.8399  3.6416  3.6181  3.6525
 113  0.954837  3.8265  4.2294  0.4478  4.6668  3.8245  3.6272  3.6042  3.6387
 114  0.956223  3.8268  4.2252  0.4537  4.6517  3.8089  3.6126  3.5901  3.6248
 115  0.957610  3.8270  4.2209  0.4597  4.6365  3.7932  3.5978  3.5759  3.6108
 116  0.959001  3.8273  4.2165  0.4657  4.6212  3.7774  3.5828  3.5614  3.5966
 117  0.960395  3.8275  4.2121  0.4718  4.6057  3.7614  3.5677  3.5468  3.5821
 118  0.961791  3.8278  4.2075  0.4780  4.5900  3.7452  3.5524  3.5320  3.5675
 119  0.963190  3.8280  4.2028  0.4842  4.5742  3.7289  3.5370  3.5170  3.5527
 120  0.964591  3.8283  4.1982  0.4905  4.5584  3.7124  3.5214  3.5018  3.5377
 121  0.965994  3.8285  4.1934  0.4968  4.5424  3.6958  3.5057  3.4865  3.5225
 122  0.967399  3.8287  4.1885  0.5032  4.5263  3.6791  3.4898  3.4710  3.5072
 123  0.968805  3.8289  4.1835  0.5097  4.5100  3.6623  3.4737  3.4553  3.4917
 124  0.970207  3.8291  4.1784  0.5162  4.4936  3.6452  3.4574  3.4395  3.4760
 125  0.971612  3.8293  4.1732  0.5228  4.4771  3.6281  3.4410  3.4235  3.4601
 126  0.973018  3.8295  4.1679  0.5294  4.4606  3.6108  3.4245  3.4073  3.4441
 127  0.974424  3.8296  4.1625  0.5361  4.4439  3.5935  3.4078  3.3910  3.4278
 128  0.975829  3.8298  4.1570  0.5429  4.4273  3.5760  3.3910  3.3745  3.4114
 129  0.977232  3.8299  4.1513  0.5497  4.4105  3.5585  3.3740  3.3578  3.3948
 130  0.978631  3.8300  4.1455  0.5565  4.3936  3.5408  3.3568  3.3409  3.3780
 131  0.980028  3.8301  4.1396  0.5634  4.3767  3.5230  3.3396  3.3238  3.3610
 132  0.981417  3.8302  4.1334  0.5704  4.3597  3.5051  3.3221  3.3065  3.3437
 133  0.982800  3.8302  4.1271  0.5774  4.3427  3.4872  3.3044  3.2890  3.3261
 134  0.984177  3.8302  4.1206  0.5845  4.3255  3.4692  3.2866  3.2713  3.3084
 135  0.985546  3.8301  4.1139  0.5916  4.3084  3.4512  3.2687  3.2534  3.2904
 136  0.986907  3.8300  4.1070  0.5988  4.2913  3.4331  3.2506  3.2353  3.2722
 137  0.988257  3.8299  4.0999  0.6060  4.2741  3.4149  3.2324  3.2170  3.2537
 138  0.989598  3.8298  4.0926  0.6133  4.2570  3.3968  3.2140  3.1984  3.2350
 139  0.990927  3.8296  4.0851  0.6207  4.2398  3.3785  3.1954  3.1797  3.2160
 140  0.992242  3.8293  4.0773  0.6280  4.2227  3.3603  3.1767  3.1608  3.1968
 141  0.993546  3.8290  4.0694  0.6354  4.2056  3.3421  3.1579  3.1416  3.1774
 142  0.994833  3.8287  4.0611  0.6429  4.1885  3.3238  3.1389  3.1221  3.1576
 143  0.996106  3.8283  4.0525  0.6503  4.1716  3.3057  3.1198  3.1025  3.1375
 144  0.997363  3.8278  4.0436  0.6578  4.1547  3.2876  3.1006  3.0827  3.1173
 145  0.998602  3.8273  4.0345  0.6654  4.1380  3.2696  3.0812  3.0626  3.0967
 146  0.999824  3.8267  4.0250  0.6729  4.1213  3.2516  3.0618  3.0423  3.0758
 147  1.001030  3.8260  4.0152  0.6805  4.1049  3.2338  3.0422  3.0217  3.0545
 148  1.002220  3.8252  4.0050  0.6881  4.0887  3.2161  3.0224  3.0009  3.0330
 149  1.003393  3.8244  3.9944  0.6958  4.0726  3.1986  3.0025  2.9798  3.0111
 150  1.004549  3.8234  3.9833  0.7034  4.0569  3.1813  2.9825  2.9582  2.9886
 151  1.005687  3.8223  3.9718  0.7111  4.0416  3.1643  2.9624  2.9365  2.9659
 152  1.006807  3.8210  3.9597  0.7187  4.0266  3.1476  2.9421  2.9145  2.9427
 153  1.007907  3.8197  3.9472  0.7264  4.0122  3.1312  2.9217  2.8920  2.9191
 154  1.008988  3.8182  3.9341  0.7340  3.9983  3.1153  2.9011  2.8691  2.8947
 155  1.010051  3.8166  3.9204  0.7417  3.9852  3.0998  2.8805  2.8458  2.8700
 156  1.011093  3.8148  3.9059  0.7493  3.9730  3.0849  2.8598  2.8222  2.8447
 157  1.012119  3.8128  3.8907  0.7569  3.9619  3.0708  2.8390  2.7983  2.8190
 158  1.013128  3.8105  3.8745  0.7644  3.9522  3.0575  2.8184  2.7740  2.7926
 159  1.014123  3.8079  3.8574  0.7718  3.9442  3.0453  2.7979  2.7494  2.7656
 160  1.015109  3.8050  3.8390  0.7790  3.9385  3.0343  2.7777  2.7247  2.7382
 161  1.016093  3.8017  3.8191  0.7860  3.9360  3.0249  2.7582  2.7000  2.7103
 162  1.016754  3.7993  3.8051  0.7906  3.9357  3.0195  2.7452  2.6833  2.6914
 163  1.017416  3.7965  3.7902  0.7948  3.9384  3.0163  2.7335  2.6673  2.6726
 164  1.018081  3.7934  3.7744  0.7984  3.9443  3.0153  2.7230  2.6520  2.6542
 165  1.018735  3.7898  3.7569  0.8013  3.9544  3.0185  2.7148  2.6381  2.6365
 166  1.019366  3.7853  3.7375  0.8031  3.9720  3.0269  2.7096  2.6259  2.6195
 167  1.019998  3.7808  3.7193  0.8038  3.9951  3.0388  2.7073  2.6165  2.6053
 168  1.020615  3.7764  3.7029  0.8031  4.0261  3.0539  2.7073  2.6099  2.5943
 169  1.021198  3.7721  3.6876  0.8011  4.0659  3.0731  2.7100  2.6058  2.5858
 170  1.021754  3.7676  3.6730  0.7982  4.1112  3.0950  2.7149  2.6038  2.5793
 171  1.022312  3.7630  3.6572  0.7957  4.1582  3.1168  2.7191  2.6009  2.5717
 172  1.022868  3.7585  3.6405  0.7947  4.2014  3.1355  2.7214  2.5961  2.5621
 173  1.023381  3.7545  3.6237  0.7957  4.2367  3.1479  2.7193  2.5877  2.5491
 174  1.023861  3.7509  3.6074  0.7979  4.2666  3.1563  2.7146  2.5775  2.5349
 175  1.024338  3.7475  3.5906  0.8014  4.2930  3.1609  2.7068  2.5643  2.5178
 176  1.024817  3.7444  3.5736  0.8061  4.3156  3.1621  2.6962  2.5487  2.4986
 177  1.025245  3.7420  3.5576  0.8128  4.3255  3.1551  2.6804  2.5292  2.4763
 178  1.025595  3.7404  3.5439  0.8201  4.3262  3.1441  2.6632  2.5094  2.4545
 179  1.025911  3.7389  3.5306  0.8275  4.3244  3.1316  2.6452  2.4891  2.4325
 180  1.026204  3.7379  3.5188  0.8353  4.3173  3.1167  2.6264  2.4686  2.4107
 181  1.026478  3.7367  3.5062  0.8430  4.3131  3.1030  2.6081  2.4482  2.3889
 182  1.026911  3.7353  3.4876  0.8561  4.2975  3.0766  2.5764  2.4142  2.3531
 183  1.027339  3.7338  3.4685  0.8699  4.2798  3.0483  2.5430  2.3787  2.3160
 184  1.027763  3.7325  3.4492  0.8842  4.2600  3.0184  2.5084  2.3419  2.2776
 185  1.028182  3.7315  3.4305  0.8992  4.2350  2.9854  2.4718  2.3038  2.2382
 186  1.028600  3.7305  3.4115  0.9143  4.2101  2.9522  2.4349  2.2653  2.1984
 187  1.029016  3.7295  3.3922  0.9298  4.1846  2.9183  2.3974  2.2261  2.1579
 188  1.029430  3.7287  3.3732  0.9455  4.1561  2.8831  2.3590  2.1863  2.1171
 189  1.029843  3.7280  3.3546  0.9614  4.1251  2.8464  2.3198  2.1460  2.0760
 190  1.030252  3.7274  3.3360  0.9777  4.0924  2.8087  2.2799  2.1051  2.0343
 191  1.030662  3.7266  3.3167  0.9940  4.0618  2.7717  2.2401  2.0641  1.9921
 192  1.031070  3.7259  3.2975  1.0106  4.0292  2.7336  2.1995  2.0223  1.9494
 193  1.031476  3.7253  3.2784  1.0275  3.9948  2.6943  2.1581  1.9799  1.9062
 194  1.031879  3.7246  3.2589  1.0446  3.9599  2.6545  2.1160  1.9368  1.8624
 195  1.032280  3.7240  3.2393  1.0619  3.9244  2.6143  2.0736  1.8934  1.8181
 196  1.032678  3.7236  3.2199  1.0796  3.8862  2.5724  2.0301  1.8491  1.7732
 197  1.033071  3.7230  3.1998  1.0977  3.8478  2.5298  1.9858  1.8039  1.7272
 198  1.033457  3.7223  3.1783  1.1163  3.8107  2.4868  1.9400  1.7569  1.6791
 199  1.033822  3.7217  3.1561  1.1365  3.7673  2.4392  1.8906  1.7065  1.6280
 200  1.034176  3.7210  3.1328  1.1573  3.7240  2.3906  1.8397  1.6545  1.5751
 201  1.034520  3.7204  3.1090  1.1786  3.6787  2.3406  1.7873  1.6010  1.5207
 202  1.034853  3.7196  3.0843  1.2005  3.6333  2.2894  1.7336  1.5461  1.4648
 203  1.035175  3.7189  3.0591  1.2230  3.5860  2.2367  1.6785  1.4898  1.4076
 204  1.035488  3.7182  3.0334  1.2460  3.5381  2.1832  1.6223  1.4323  1.3491
 205  1.035792  3.7174  3.0071  1.2693  3.4895  2.1287  1.5651  1.3739  1.2895
 206  1.036086  3.7166  2.9801  1.2931  3.4412  2.0737  1.5070  1.3143  1.2288
 207  1.036370  3.7157  2.9526  1.3172  3.3920  2.0182  1.4481  1.2537  1.1669
 208  1.036647  3.7148  2.9246  1.3417  3.3418  1.9617  1.3884  1.1925  1.1044
 209  1.036913  3.7138  2.8959  1.3666  3.2915  1.9049  1.3279  1.1303  1.0408
 210  1.037170  3.7129  2.8671  1.3917  3.2401  1.8471  1.2665  1.0673  0.9765
 211  1.037418  3.7117  2.8373  1.4172  3.1906  1.7897  1.2049  1.0036  0.9111
 212  1.037656  3.7108  2.8073  1.4430  3.1397  1.7313  1.1424  0.9391  0.8451
 213  1.037885  3.7097  2.7770  1.4691  3.0887  1.6724  1.0792  0.8740  0.7784
 214  1.038105  3.7085  2.7462  1.4955  3.0375  1.6131  1.0156  0.8083  0.7110
 215  1.038316  3.7073  2.7150  1.5221  2.9868  1.5535  0.9514  0.7419  0.6428
 216  1.038520  3.7061  2.6834  1.5488  2.9364  1.4938  0.8868  0.6751  0.5742
 217  1.038553  3.7059  2.6782  1.5532  2.9282  1.4840  0.8762  0.6641  0.5630
 218  1.038585  3.7057  2.6730  1.5576  2.9199  1.4741  0.8656  0.6531  0.5516
 219  1.038617  3.7055  2.6678  1.5620  2.9116  1.4643  0.8550  0.6421  0.5403
 220  1.038649  3.7053  2.6625  1.5665  2.9033  1.4544  0.8442  0.6310  0.5290
 221  1.038681  3.7051  2.6573  1.5709  2.8950  1.4445  0.8335  0.6199  0.5175
 222  1.038713  3.7049  2.6520  1.5754  2.8864  1.4344  0.8227  0.6087  0.5060
 223  1.038744  3.7047  2.6467  1.5799  2.8778  1.4243  0.8118  0.5974  0.4945
 224  1.038776  3.7045  2.6415  1.5845  2.8694  1.4142  0.8009  0.5861  0.4830
 225  1.038807  3.7043  2.6361  1.5890  2.8610  1.4041  0.7900  0.5748  0.4714
 226  1.038838  3.7041  2.6307  1.5936  2.8526  1.3940  0.7790  0.5634  0.4597
 227  1.039141  3.7019  2.5755  1.6401  2.7685  1.2912  0.6673  0.4477  0.3406
 228  1.039406  3.6998  2.5231  1.6842  2.6912  1.1944  0.5618  0.3381  0.2279
 229  1.039647  3.6975  2.4711  1.7274  2.6234  1.1006  0.4585  0.2306  0.1173
 230  1.039882  3.6951  2.4158  1.7729  2.5576  1.0030  0.3498  0.1172  0.0004
 231  1.040088  3.6926  2.3625  1.8165  2.4985  0.9106  0.2462  0.0088 -0.1114
 232  1.040279  3.6902  2.3099  1.8594  2.4433  0.8204  0.1443 -0.0979 -0.2215
 233  1.040455  3.6878  2.2589  1.9009  2.3930  0.7340  0.0460 -0.2010 -0.3280
 234  1.040611  3.6856  2.2128  1.9384  2.3487  0.6564 -0.0425 -0.2941 -0.4241
 235  1.040763  3.6837  2.1727  1.9709  2.3107  0.5891 -0.1194 -0.3750 -0.5077
 236  1.040906  3.6830  2.1553  1.9854  2.2911  0.5583 -0.1539 -0.4110 -0.5448
 237  1.041055  3.6852  2.1938  1.9558  2.3153  0.6162 -0.0851 -0.3377 -0.4684
 238  1.041225  3.6849  2.1833  1.9652  2.2977  0.5945 -0.1081 -0.3613 -0.4923
 239  1.041397  3.6816  2.1164  2.0191  2.2393  0.4848 -0.2348 -0.4949 -0.6307
 240  1.041546  3.6786  2.0549  2.0687  2.1815  0.3846 -0.3502 -0.6167 -0.7572
 241  1.041680  3.6757  1.9951  2.1166  2.1275  0.2885 -0.4612 -0.7344 -0.8795
 242  1.041802  3.6727  1.9361  2.1636  2.0790  0.1963 -0.5690 -0.8489 -0.9986
 243  1.041910  3.6698  1.8804  2.2079  2.0362  0.1105 -0.6699 -0.9563 -1.1108
 244  1.042009  3.6668  1.8250  2.2518  1.9967  0.0266 -0.7694 -1.0624 -1.2217
 245  1.042099  3.6639  1.7698  2.2955  1.9600 -0.0559 -0.8677 -1.1677 -1.3319
 246  1.042179  3.6611  1.7158  2.3380  1.9274 -0.1355 -0.9634 -1.2701 -1.4392
 247  1.042254  3.6583  1.6623  2.3802  1.8982 -0.2131 -1.0571 -1.3709 -1.5449
 248  1.042320  3.6555  1.6106  2.4209  1.8728 -0.2870 -1.1471 -1.4678 -1.6467
 249  1.042381  3.6527  1.5593  2.4612  1.8496 -0.3594 -1.2356 -1.5634 -1.7474
 250  1.042436  3.6500  1.5098  2.4999  1.8305 -0.4276 -1.3200 -1.6548 -1.8438
 251  1.042487  3.6473  1.4606  2.5380  1.8160 -0.4930 -1.4022 -1.7443 -1.9384
 252  1.042535  3.6445  1.4119  2.5755  1.8052 -0.5560 -1.4824 -1.8321 -2.0313
 253  1.042577  3.6418  1.3647  2.6117  1.7978 -0.6155 -1.5594 -1.9165 -2.1208
 254  1.042617  3.6390  1.3177  2.6477  1.7935 -0.6733 -1.6353 -2.0000 -2.2095
 255  1.042653  3.6363  1.2723  2.6823  1.7919 -0.7279 -1.7076 -2.0801 -2.2947
 256  1.042687  3.6336  1.2271  2.7168  1.7926 -0.7809 -1.7788 -2.1592 -2.3791
 257  1.042718  3.6309  1.1831  2.7502  1.7958 -0.8310 -1.8473 -2.2355 -2.4607
 258  1.042746  3.6283  1.1401  2.7827  1.8012 -0.8787 -1.9131 -2.3095 -2.5401
 259  1.042773  3.6257  1.0977  2.8148  1.8087 -0.9246 -1.9775 -2.3821 -2.6182
 260  1.042798  3.6232  1.0564  2.8460  1.8180 -0.9681 -2.0395 -2.4522 -2.6937
 261  1.042821  3.6207  1.0157  2.8767  1.8300 -1.0095 -2.1001 -2.5209 -2.7679
 262  1.042843  3.6182  0.9759  2.9067  1.8445 -1.0483 -2.1580 -2.5872 -2.8396
 263  1.042863  3.6157  0.9367  2.9359  1.8617 -1.0846 -2.2137 -2.6514 -2.9095
 264  1.042883  3.6133  0.8981  2.9646  1.8798 -1.1193 -2.2679 -2.7143 -2.9783
 265  1.042901  3.6109  0.8604  2.9927  1.8983 -1.1525 -2.3202 -2.7756 -3.0453
 266  1.042917  3.6085  0.8236  3.0201  1.9177 -1.1837 -2.3705 -2.8348 -3.1105
 267  1.042933  3.6062  0.7874  3.0472  1.9375 -1.2136 -2.4191 -2.8927 -3.1746
 268  1.042948  3.6039  0.7518  3.0736  1.9578 -1.2420 -2.4663 -2.9493 -3.2374
 269  1.042962  3.6017  0.7168  3.0995  1.9790 -1.2687 -2.5121 -3.0043 -3.2985
 270  1.042975  3.5995  0.6829  3.1247  2.0007 -1.2941 -2.5566 -3.0577 -3.3578
 271  1.042987  3.5973  0.6496  3.1494  2.0223 -1.3181 -2.5995 -3.1098 -3.4161
 272  1.042999  3.5952  0.6169  3.1737  2.0445 -1.3404 -2.6405 -3.1603 -3.4731
 273  1.043010  3.5931  0.5851  3.1974  2.0664 -1.3613 -2.6795 -3.2092 -3.5286
 274  1.043020  3.5911  0.5539  3.2204  2.0883 -1.3806 -2.7166 -3.2567 -3.5828
 275  1.043030  3.5891  0.5233  3.2431  2.1097 -1.3989 -2.7521 -3.3029 -3.6359
 276  1.043040  3.5872  0.4935  3.2651  2.1318 -1.4153 -2.7855 -3.3475 -3.6876
 277  1.043048  3.5853  0.4645  3.2864  2.1569 -1.4281 -2.8156 -3.3898 -3.7375
 278  1.043057  3.5835  0.4367  3.3070  2.1799 -1.4401 -2.8436 -3.4301 -3.7854
 279  1.043057  3.5820  0.4135  3.3240  2.1983 -1.4498 -2.8665 -3.4637 -3.8254
