#NUMBER OF AGES= 1
#----------------------------------------------------       
#MIX-LEN  Y      Z          Zeff        [Fe/H] [a/Fe]
# 1.9380  0.2488 2.3381E-03 1.7027E-03  -1.00   0.20 
#----------------------------------------------------       
#**PHOTOMETRIC SYSTEM**: SDSS (AB)                          
#----------------------------------------------------       
#AGE= 6.500 EEPS=270
#EEP   M/Mo    LogTeff  LogG   LogL/Lo sdss_u  sdss_g  sdss_r  sdss_i  sdss_z
  10  0.114218  3.5226  5.2979 -2.7583 17.7451 14.3315 12.6981 11.7211 11.1709
  11  0.128513  3.5257  5.2384 -2.6354 17.2959 13.9632 12.3466 11.4022 10.8654
  12  0.147674  3.5301  5.1776 -2.4966 16.7760 13.5358 11.9404 11.0384 10.5201
  13  0.174349  3.5384  5.1275 -2.3413 16.1355 13.0157 11.4532 10.6190 10.1348
  14  0.200121  3.5463  5.0936 -2.2158 15.6094 12.5844 11.0525 10.2766  9.8239
  15  0.219564  3.5511  5.0687 -2.1314 15.2779 12.3058 10.7929 10.0497  9.6154
  16  0.235593  3.5546  5.0496 -2.0676 15.0335 12.0978 10.5990  9.8788  9.4578
  17  0.250314  3.5576  5.0332 -2.0132 14.8295 11.9224 10.4356  9.7336  9.3234
  18  0.267348  3.5606  5.0167 -1.9561 14.6202 11.7406 10.2661  9.5823  9.1830
  19  0.283648  3.5632  5.0018 -1.9051 14.4358 11.5793 10.1157  9.4472  9.0574
  20  0.296621  3.5652  4.9894 -1.8651 14.2937 11.4539  9.9989  9.3417  8.9591
  21  0.305487  3.5665  4.9802 -1.8376 14.1970 11.3682  9.9191  9.2694  8.8914
  22  0.312027  3.5675  4.9732 -1.8176 14.1279 11.3067  9.8618  9.2173  8.8426
  23  0.316982  3.5682  4.9679 -1.8027 14.0762 11.2606  9.8187  9.1780  8.8058
  24  0.320981  3.5688  4.9637 -1.7907 14.0347 11.2236  9.7842  9.1466  8.7763
  25  0.324766  3.5693  4.9603 -1.7800 13.9969 11.1901  9.7531  9.1185  8.7501
  26  0.328851  3.5699  4.9568 -1.7686 13.9567 11.1545  9.7200  9.0886  8.7223
  27  0.333943  3.5707  4.9528 -1.7550 13.9082 11.1113  9.6801  9.0525  8.6888
  28  0.341493  3.5718  4.9475 -1.7353 13.8371 11.0486  9.6223  9.0006  8.6407
  29  0.357837  3.5746  4.9341 -1.6906 13.6729 10.9041  9.4900  8.8822  8.5316
  30  0.404737  3.5851  4.8820 -1.5432 13.1139 10.4162  9.0502  8.4918  8.1737
  31  0.422299  3.5897  4.8602 -1.4844 12.8830 10.2170  8.8745  8.3361  8.0310
  32  0.436421  3.5938  4.8418 -1.4350 12.6859 10.0476  8.7270  8.2056  7.9116
  33  0.450890  3.5986  4.8230 -1.3831 12.4747  9.8664  8.5713  8.0685  7.7865
  34  0.467487  3.6047  4.8018 -1.3219 12.2198  9.6480  8.3870  7.9066  7.6390
  35  0.482795  3.6111  4.7828 -1.2634 11.9720  9.4350  8.2111  7.7526  7.4987
  36  0.495724  3.6169  4.7680 -1.2139 11.7576  9.2506  8.0617  7.6224  7.3803
  37  0.505578  3.6216  4.7577 -1.1760 11.5901  9.1066  7.9471  7.5230  7.2903
  38  0.513492  3.6257  4.7502 -1.1452 11.4518  8.9866  7.8527  7.4420  7.2174
  39  0.520558  3.6297  4.7436 -1.1174 11.3249  8.8760  7.7664  7.3685  7.1517
  40  0.527666  3.6338  4.7377 -1.0891 11.1929  8.7620  7.6785  7.2940  7.0852
  41  0.535811  3.6386  4.7316 -1.0569 11.0378  8.6303  7.5780  7.2093  7.0099
  42  0.545997  3.6448  4.7248 -1.0171 10.8363  8.4649  7.4534  7.1043  6.9167
  43  0.558686  3.6529  4.7176 -0.9676 10.5615  8.2548  7.2978  6.9730  6.8004
  44  0.572824  3.6625  4.7113 -0.9119 10.2267  8.0152  7.1234  6.8254  6.6694
  45  0.587744  3.6728  4.7054 -0.8535  9.8596  7.7688  6.9439  6.6704  6.5307
  46  0.602809  3.6828  4.6986 -0.7959  9.4875  7.5349  6.7719  6.5195  6.3942
  47  0.617763  3.6923  4.6912 -0.7398  9.1125  7.3162  6.6099  6.3758  6.2633
  48  0.632322  3.7013  4.6835 -0.6859  8.7818  7.1164  6.4571  6.2393  6.1388
  49  0.646266  3.7096  4.6752 -0.6351  8.5217  6.9382  6.3144  6.1109  6.0217
  50  0.659404  3.7171  4.6668 -0.5877  8.2907  6.7783  6.1842  5.9933  5.9140
  51  0.671668  3.7241  4.6585 -0.5439  8.0651  6.6332  6.0668  5.8865  5.8158
  52  0.677346  3.7272  4.6545 -0.5237  7.9627  6.5675  6.0136  5.8380  5.7710
  53  0.683018  3.7302  4.6502 -0.5037  7.8623  6.5030  5.9610  5.7900  5.7266
  54  0.688678  3.7332  4.6457 -0.4838  7.7643  6.4393  5.9092  5.7427  5.6827
  55  0.694334  3.7361  4.6410 -0.4639  7.6705  6.3768  5.8580  5.6959  5.6393
  56  0.699965  3.7389  4.6362 -0.4443  7.5790  6.3151  5.8075  5.6497  5.5965
  57  0.705573  3.7416  4.6312 -0.4247  7.4903  6.2545  5.7577  5.6040  5.5541
  58  0.711132  3.7443  4.6261 -0.4054  7.4043  6.1952  5.7088  5.5592  5.5122
  59  0.716642  3.7470  4.6209 -0.3863  7.3210  6.1369  5.6606  5.5150  5.4710
  60  0.722100  3.7495  4.6155 -0.3674  7.2407  6.0798  5.6131  5.4714  5.4303
  61  0.727499  3.7520  4.6100 -0.3487  7.1630  6.0238  5.5664  5.4283  5.3900
  62  0.732833  3.7544  4.6043 -0.3303  7.0878  5.9690  5.5204  5.3859  5.3502
  63  0.738110  3.7567  4.5986 -0.3121  7.0147  5.9151  5.4753  5.3442  5.3111
  64  0.743327  3.7590  4.5927 -0.2941  6.9437  5.8623  5.4308  5.3031  5.2724
  65  0.748495  3.7612  4.5866 -0.2762  6.8747  5.8103  5.3869  5.2624  5.2340
  66  0.753603  3.7633  4.5803 -0.2586  6.8074  5.7593  5.3436  5.2222  5.1960
  67  0.758657  3.7653  4.5738 -0.2411  6.7411  5.7091  5.3011  5.1826  5.1585
  68  0.763647  3.7673  4.5672 -0.2238  6.6761  5.6599  5.2591  5.1434  5.1213
  69  0.768574  3.7691  4.5605 -0.2067  6.6130  5.6114  5.2178  5.1048  5.0846
  70  0.773437  3.7710  4.5536 -0.1898  6.5516  5.5638  5.1769  5.0666  5.0482
  71  0.778233  3.7728  4.5468 -0.1731  6.4920  5.5170  5.1368  5.0290  5.0124
  72  0.782954  3.7746  4.5400 -0.1568  6.4340  5.4710  5.0973  4.9921  4.9772
  73  0.787590  3.7763  4.5333 -0.1407  6.3779  5.4260  5.0586  4.9558  4.9426
  74  0.792152  3.7780  4.5268 -0.1249  6.3234  5.3818  5.0206  4.9202  4.9088
  75  0.796630  3.7796  4.5205 -0.1095  6.2714  5.3384  4.9831  4.8853  4.8756
  76  0.801017  3.7813  4.5143 -0.0944  6.2216  5.2959  4.9464  4.8511  4.8432
  77  0.805322  3.7828  4.5082 -0.0797  6.1736  5.2544  4.9105  4.8179  4.8115
  78  0.809546  3.7844  4.5023 -0.0653  6.1270  5.2138  4.8755  4.7853  4.7807
  79  0.813686  3.7859  4.4966 -0.0512  6.0817  5.1742  4.8412  4.7535  4.7505
  80  0.817739  3.7874  4.4911 -0.0374  6.0379  5.1354  4.8077  4.7224  4.7209
  81  0.821716  3.7889  4.4855 -0.0239  5.9953  5.0974  4.7747  4.6919  4.6920
  82  0.826414  3.7906  4.4789 -0.0078  5.9452  5.0525  4.7357  4.6557  4.6575
  83  0.831066  3.7923  4.4722  0.0082  5.8958  5.0079  4.6969  4.6196  4.6233
  84  0.835665  3.7940  4.4653  0.0240  5.8465  4.9639  4.6586  4.5837  4.5891
  85  0.840208  3.7956  4.4582  0.0399  5.7977  4.9203  4.6204  4.5479  4.5549
  86  0.844684  3.7972  4.4511  0.0557  5.7495  4.8770  4.5823  4.5122  4.5207
  87  0.849083  3.7987  4.4438  0.0714  5.7020  4.8340  4.5444  4.4766  4.4865
  88  0.853391  3.8002  4.4363  0.0870  5.6553  4.7915  4.5066  4.4411  4.4524
  89  0.857605  3.8016  4.4287  0.1025  5.6096  4.7494  4.4693  4.4059  4.4185
  90  0.861719  3.8031  4.4211  0.1178  5.5647  4.7079  4.4323  4.3711  4.3850
  91  0.865746  3.8044  4.4132  0.1329  5.5206  4.6670  4.3958  4.3365  4.3516
  92  0.869683  3.8057  4.4055  0.1478  5.4774  4.6266  4.3595  4.3023  4.3186
  93  0.873533  3.8069  4.3976  0.1627  5.4351  4.5866  4.3237  4.2683  4.2859
  94  0.877303  3.8081  4.3897  0.1774  5.3937  4.5472  4.2882  4.2347  4.2533
  95  0.880996  3.8093  4.3816  0.1918  5.3530  4.5081  4.2531  4.2014  4.2211
  96  0.884618  3.8104  4.3736  0.2061  5.3132  4.4696  4.2183  4.1684  4.1890
  97  0.888173  3.8115  4.3654  0.2203  5.2739  4.4315  4.1838  4.1356  4.1572
  98  0.891667  3.8125  4.3572  0.2343  5.2354  4.3939  4.1496  4.1031  4.1257
  99  0.895103  3.8135  4.3490  0.2482  5.1974  4.3567  4.1158  4.0709  4.0944
 100  0.898491  3.8144  4.3406  0.2620  5.1601  4.3200  4.0822  4.0390  4.0632
 101  0.901830  3.8153  4.3323  0.2756  5.1234  4.2836  4.0490  4.0072  4.0323
 102  0.905113  3.8162  4.3237  0.2891  5.0873  4.2477  4.0159  3.9756  4.0014
 103  0.908343  3.8169  4.3151  0.3024  5.0517  4.2122  3.9832  3.9442  3.9707
 104  0.911527  3.8178  4.3064  0.3156  5.0169  4.1772  3.9509  3.9131  3.9402
 105  0.914666  3.8185  4.2976  0.3287  4.9825  4.1426  3.9188  3.8823  3.9099
 106  0.917769  3.8191  4.2887  0.3417  4.9487  4.1085  3.8870  3.8515  3.8798
 107  0.920831  3.8197  4.2798  0.3545  4.9156  4.0748  3.8554  3.8211  3.8498
 108  0.923848  3.8202  4.2707  0.3671  4.8829  4.0415  3.8242  3.7909  3.8201
 109  0.926806  3.8207  4.2616  0.3796  4.8508  4.0088  3.7933  3.7609  3.7904
 110  0.929676  3.8212  4.2526  0.3920  4.8192  3.9765  3.7628  3.7312  3.7613
 111  0.932431  3.8217  4.2437  0.4041  4.7880  3.9447  3.7327  3.7022  3.7325
 112  0.933713  3.8219  4.2396  0.4099  4.7733  3.9296  3.7185  3.6884  3.7189
 113  0.934995  3.8222  4.2353  0.4157  4.7585  3.9145  3.7042  3.6745  3.7052
 114  0.936276  3.8224  4.2309  0.4216  4.7436  3.8992  3.6897  3.6604  3.6912
 115  0.937557  3.8226  4.2264  0.4275  4.7286  3.8837  3.6750  3.6461  3.6771
 116  0.938837  3.8228  4.2218  0.4334  4.7135  3.8682  3.6602  3.6317  3.6629
 117  0.940116  3.8230  4.2171  0.4395  4.6983  3.8525  3.6453  3.6171  3.6484
 118  0.941393  3.8231  4.2123  0.4455  4.6830  3.8367  3.6302  3.6023  3.6338
 119  0.942671  3.8233  4.2074  0.4517  4.6676  3.8208  3.6149  3.5874  3.6190
 120  0.943950  3.8236  4.2025  0.4578  4.6521  3.8048  3.5996  3.5724  3.6041
 121  0.945227  3.8237  4.1974  0.4641  4.6365  3.7887  3.5840  3.5571  3.5889
 122  0.946506  3.8238  4.1924  0.4704  4.6208  3.7723  3.5684  3.5417  3.5737
 123  0.947784  3.8240  4.1871  0.4767  4.6050  3.7559  3.5526  3.5262  3.5582
 124  0.949055  3.8241  4.1819  0.4831  4.5890  3.7393  3.5365  3.5105  3.5426
 125  0.950330  3.8243  4.1765  0.4896  4.5729  3.7226  3.5203  3.4946  3.5269
 126  0.951609  3.8244  4.1710  0.4961  4.5568  3.7059  3.5041  3.4786  3.5110
 127  0.952889  3.8245  4.1655  0.5027  4.5405  3.6890  3.4877  3.4625  3.4949
 128  0.954172  3.8246  4.1598  0.5093  4.5242  3.6719  3.4712  3.4462  3.4786
 129  0.955454  3.8246  4.1540  0.5160  4.5078  3.6548  3.4545  3.4297  3.4621
 130  0.956738  3.8247  4.1481  0.5227  4.4913  3.6376  3.4376  3.4130  3.4455
 131  0.958020  3.8247  4.1420  0.5295  4.4747  3.6203  3.4206  3.3962  3.4287
 132  0.959300  3.8247  4.1357  0.5363  4.4582  3.6029  3.4035  3.3791  3.4115
 133  0.960577  3.8247  4.1293  0.5432  4.4416  3.5855  3.3861  3.3618  3.3942
 134  0.961850  3.8246  4.1227  0.5501  4.4249  3.5678  3.3685  3.3443  3.3766
 135  0.963121  3.8245  4.1160  0.5572  4.4082  3.5502  3.3509  3.3266  3.3588
 136  0.964387  3.8244  4.1090  0.5642  4.3914  3.5325  3.3331  3.3087  3.3407
 137  0.965646  3.8243  4.1019  0.5713  4.3746  3.5147  3.3151  3.2906  3.3224
 138  0.966900  3.8241  4.0946  0.5785  4.3578  3.4969  3.2970  3.2723  3.3039
 139  0.968147  3.8239  4.0870  0.5857  4.3409  3.4790  3.2787  3.2537  3.2852
 140  0.969385  3.8236  4.0793  0.5931  4.3241  3.4611  3.2602  3.2350  3.2662
 141  0.970616  3.8234  4.0713  0.6004  4.3073  3.4431  3.2416  3.2160  3.2469
 142  0.971835  3.8230  4.0631  0.6077  4.2905  3.4251  3.2228  3.1968  3.2274
 143  0.973043  3.8226  4.0547  0.6151  4.2738  3.4072  3.2039  3.1773  3.2075
 144  0.974242  3.8222  4.0460  0.6226  4.2571  3.3893  3.1848  3.1577  3.1874
 145  0.975426  3.8216  4.0369  0.6300  4.2406  3.3714  3.1656  3.1378  3.1670
 146  0.976599  3.8211  4.0276  0.6376  4.2242  3.3536  3.1463  3.1176  3.1462
 147  0.977757  3.8204  4.0179  0.6451  4.2080  3.3359  3.1267  3.0972  3.1251
 148  0.978900  3.8197  4.0080  0.6527  4.1918  3.3182  3.1070  3.0764  3.1037
 149  0.980027  3.8188  3.9975  0.6603  4.1761  3.3008  3.0872  3.0553  3.0818
 150  0.981138  3.8179  3.9867  0.6679  4.1606  3.2837  3.0672  3.0339  3.0595
 151  0.982231  3.8168  3.9754  0.6756  4.1455  3.2668  3.0470  3.0120  3.0368
 152  0.983308  3.8157  3.9636  0.6832  4.1308  3.2501  3.0267  2.9900  3.0137
 153  0.984366  3.8144  3.9514  0.6909  4.1168  3.2338  3.0063  2.9677  2.9901
 154  0.985408  3.8130  3.9385  0.6985  4.1032  3.2179  2.9859  2.9449  2.9661
 155  0.986433  3.8115  3.9252  0.7061  4.0904  3.2024  2.9654  2.9220  2.9417
 156  0.987439  3.8097  3.9111  0.7138  4.0786  3.1874  2.9449  2.8987  2.9168
 157  0.988430  3.8078  3.8961  0.7214  4.0678  3.1732  2.9243  2.8751  2.8914
 158  0.989407  3.8057  3.8804  0.7289  4.0586  3.1596  2.9039  2.8514  2.8656
 159  0.990373  3.8032  3.8636  0.7362  4.0513  3.1470  2.8838  2.8275  2.8394
 160  0.991332  3.8004  3.8456  0.7434  4.0463  3.1359  2.8640  2.8033  2.8125
 161  0.992292  3.7970  3.8258  0.7504  4.0447  3.1268  2.8448  2.7791  2.7851
 162  0.992974  3.7943  3.8102  0.7553  4.0463  3.1220  2.8314  2.7616  2.7647
 163  0.993659  3.7911  3.7938  0.7595  4.0507  3.1198  2.8198  2.7452  2.7451
 164  0.994348  3.7878  3.7767  0.7632  4.0580  3.1204  2.8099  2.7299  2.7263
 165  0.995027  3.7837  3.7580  0.7658  4.0724  3.1256  2.8026  2.7162  2.7082
 166  0.995676  3.7786  3.7368  0.7672  4.0989  3.1374  2.7981  2.7039  2.6906
 167  0.996326  3.7738  3.7176  0.7674  4.1352  3.1520  2.7951  2.6934  2.6752
 168  0.996965  3.7693  3.7008  0.7662  4.1765  3.1698  2.7955  2.6869  2.6641
 169  0.997575  3.7646  3.6846  0.7641  4.2235  3.1909  2.7987  2.6828  2.6554
 170  0.998179  3.7598  3.6680  0.7618  4.2719  3.2133  2.8036  2.6802  2.6477
 171  0.998806  3.7548  3.6490  0.7611  4.3201  3.2334  2.8055  2.6745  2.6364
 172  0.999445  3.7501  3.6283  0.7633  4.3625  3.2465  2.8014  2.6628  2.6193
 173  1.000013  3.7463  3.6078  0.7686  4.3899  3.2485  2.7892  2.6446  2.5967
 174  1.000487  3.7434  3.5894  0.7758  4.4039  3.2424  2.7723  2.6232  2.5719
 175  1.000893  3.7412  3.5728  0.7837  4.4090  3.2317  2.7535  2.6009  2.5470
 176  1.001256  3.7394  3.5574  0.7919  4.4096  3.2190  2.7340  2.5785  2.5224
 177  1.001591  3.7378  3.5431  0.8004  4.4059  3.2042  2.7135  2.5557  2.4979
 178  1.001900  3.7367  3.5299  0.8092  4.3980  3.1876  2.6926  2.5328  2.4736
 179  1.002192  3.7356  3.5165  0.8179  4.3905  3.1711  2.6716  2.5100  2.4493
 180  1.002470  3.7346  3.5042  0.8268  4.3790  3.1528  2.6500  2.4869  2.4252
 181  1.002737  3.7337  3.4917  0.8356  4.3683  3.1349  2.6287  2.4641  2.4011
 182  1.003134  3.7325  3.4734  0.8493  4.3486  3.1058  2.5953  2.4288  2.3644
 183  1.003527  3.7315  3.4550  0.8636  4.3267  3.0752  2.5606  2.3924  2.3267
 184  1.003919  3.7305  3.4367  0.8783  4.3025  3.0430  2.5249  2.3551  2.2882
 185  1.004308  3.7295  3.4182  0.8932  4.2765  3.0097  2.4883  2.3171  2.2491
 186  1.004696  3.7287  3.3999  0.9084  4.2492  2.9756  2.4512  2.2786  2.2095
 187  1.005082  3.7279  3.3815  0.9239  4.2205  2.9407  2.4135  2.2396  2.1695
 188  1.005468  3.7272  3.3632  0.9395  4.1907  2.9051  2.3753  2.2003  2.1293
 189  1.005852  3.7266  3.3449  0.9553  4.1594  2.8686  2.3366  2.1605  2.0887
 190  1.006235  3.7260  3.3265  0.9714  4.1271  2.8313  2.2971  2.1200  2.0474
 191  1.006617  3.7253  3.3079  0.9876  4.0946  2.7939  2.2574  2.0793  2.0058
 192  1.006996  3.7247  3.2893  1.0041  4.0609  2.7555  2.2170  2.0379  1.9637
 193  1.007374  3.7242  3.2704  1.0208  4.0262  2.7164  2.1760  1.9960  1.9209
 194  1.007751  3.7236  3.2513  1.0377  3.9911  2.6768  2.1343  1.9534  1.8776
 195  1.008126  3.7230  3.2321  1.0549  3.9551  2.6366  2.0922  1.9104  1.8339
 196  1.008498  3.7225  3.2127  1.0724  3.9180  2.5955  2.0494  1.8666  1.7893
 197  1.008861  3.7220  3.1924  1.0906  3.8793  2.5526  2.0046  1.8210  1.7430
 198  1.009214  3.7214  3.1710  1.1098  3.8391  2.5077  1.9577  1.7731  1.6942
 199  1.009550  3.7208  3.1486  1.1300  3.7959  2.4601  1.9079  1.7223  1.6427
 200  1.009879  3.7201  3.1254  1.1508  3.7521  2.4114  1.8570  1.6703  1.5897
 201  1.010196  3.7195  3.1014  1.1723  3.7066  2.3609  1.8042  1.6164  1.5350
 202  1.010507  3.7187  3.0766  1.1942  3.6616  2.3101  1.7507  1.5616  1.4791
 203  1.010807  3.7181  3.0518  1.2166  3.6130  2.2569  1.6954  1.5053  1.4220
 204  1.011099  3.7174  3.0261  1.2396  3.5651  2.2033  1.6392  1.4479  1.3636
 205  1.011383  3.7166  2.9999  1.2630  3.5165  2.1490  1.5822  1.3895  1.3041
 206  1.011657  3.7158  2.9729  1.2867  3.4677  2.0941  1.5241  1.3300  1.2434
 207  1.011923  3.7149  2.9453  1.3108  3.4182  2.0385  1.4653  1.2696  1.1817
 208  1.012181  3.7140  2.9172  1.3353  3.3682  1.9823  1.4057  1.2083  1.1191
 209  1.012430  3.7130  2.8886  1.3602  3.3178  1.9255  1.3452  1.1462  1.0555
 210  1.012671  3.7120  2.8597  1.3853  3.2671  1.8680  1.2841  1.0833  0.9913
 211  1.012901  3.7110  2.8301  1.4108  3.2167  1.8102  1.2223  1.0195  0.9260
 212  1.013125  3.7100  2.8001  1.4366  3.1658  1.7518  1.1599  0.9552  0.8600
 213  1.013340  3.7088  2.7697  1.4626  3.1153  1.6932  1.0969  0.8901  0.7933
 214  1.013546  3.7077  2.7391  1.4889  3.0640  1.6337  1.0332  0.8244  0.7260
 215  1.013746  3.7065  2.7076  1.5155  3.0145  1.5748  0.9693  0.7582  0.6580
 216  1.013936  3.7052  2.6756  1.5423  2.9656  1.5157  0.9050  0.6915  0.5893
 217  1.013967  3.7050  2.6703  1.5468  2.9573  1.5057  0.8942  0.6804  0.5778
 218  1.013997  3.7048  2.6652  1.5512  2.9489  1.4957  0.8834  0.6692  0.5663
 219  1.014028  3.7045  2.6598  1.5558  2.9406  1.4856  0.8725  0.6580  0.5548
 220  1.014059  3.7043  2.6545  1.5603  2.9322  1.4756  0.8617  0.6467  0.5432
 221  1.014089  3.7042  2.6492  1.5648  2.9232  1.4652  0.8506  0.6353  0.5317
 222  1.014119  3.7040  2.6442  1.5694  2.9135  1.4546  0.8394  0.6238  0.5200
 223  1.014149  3.7039  2.6391  1.5741  2.9038  1.4438  0.8282  0.6123  0.5083
 224  1.014179  3.7037  2.6337  1.5787  2.8952  1.4336  0.8171  0.6009  0.4966
 225  1.014209  3.7035  2.6282  1.5833  2.8867  1.4233  0.8060  0.5893  0.4847
 226  1.014239  3.7033  2.6227  1.5879  2.8782  1.4130  0.7948  0.5779  0.4728
 227  1.014526  3.7011  2.5671  1.6349  2.7938  1.3093  0.6821  0.4609  0.3527
 228  1.014768  3.6990  2.5157  1.6781  2.7193  1.2144  0.5786  0.3535  0.2423
 229  1.015002  3.6967  2.4620  1.7228  2.6511  1.1178  0.4719  0.2424  0.1278
 230  1.015223  3.6942  2.4064  1.7684  2.5859  1.0200  0.3628  0.1285  0.0107
 231  1.015416  3.6918  2.3532  1.8121  2.5272  0.9275  0.2592  0.0202 -0.1011
 232  1.015591  3.6894  2.3021  1.8536  2.4743  0.8402  0.1604 -0.0832 -0.2080
 233  1.015760  3.6870  2.2506  1.8955  2.4233  0.7529  0.0612 -0.1875 -0.3155
 234  1.015908  3.6849  2.2063  1.9317  2.3805  0.6781 -0.0241 -0.2770 -0.4081
 235  1.016050  3.6833  2.1711  1.9604  2.3464  0.6187 -0.0919 -0.3484 -0.4817
 236  1.016190  3.6834  2.1694  1.9626  2.3381  0.6122 -0.0978 -0.3540 -0.4872
 237  1.016338  3.6858  2.2151  1.9265  2.3728  0.6841 -0.0137 -0.2648 -0.3946
 238  1.016506  3.6837  2.1659  1.9673  2.3196  0.5980 -0.1106 -0.3662 -0.4990
 239  1.016664  3.6805  2.1006  2.0200  2.2608  0.4912 -0.2339 -0.4963 -0.6337
 240  1.016801  3.6775  2.0397  2.0690  2.2037  0.3920 -0.3480 -0.6169 -0.7590
 241  1.016927  3.6746  1.9797  2.1173  2.1502  0.2959 -0.4594 -0.7348 -0.8816
 242  1.017038  3.6716  1.9218  2.1634  2.1030  0.2056 -0.5649 -0.8472 -0.9985
 243  1.017138  3.6687  1.8666  2.2071  2.0615  0.1212 -0.6645 -0.9531 -1.1092
 244  1.017231  3.6658  1.8102  2.2519  2.0212  0.0356 -0.7658 -1.0613 -1.2223
 245  1.017313  3.6629  1.7551  2.2955  1.9854 -0.0466 -0.8640 -1.1664 -1.3323
 246  1.017387  3.6601  1.7011  2.3381  1.9537 -0.1258 -0.9593 -1.2685 -1.4394
 247  1.017456  3.6573  1.6482  2.3799  1.9252 -0.2026 -1.0522 -1.3684 -1.5443
 248  1.017518  3.6545  1.5965  2.4205  1.8999 -0.2764 -1.1420 -1.4652 -1.6459
 249  1.017574  3.6518  1.5455  2.4606  1.8777 -0.3480 -1.2298 -1.5600 -1.7457
 250  1.017625  3.6490  1.4957  2.4995  1.8594 -0.4161 -1.3144 -1.6519 -1.8425
 251  1.017672  3.6463  1.4465  2.5376  1.8460 -0.4811 -1.3964 -1.7412 -1.9371
 252  1.017715  3.6435  1.3981  2.5749  1.8358 -0.5435 -1.4760 -1.8283 -2.0294
 253  1.017756  3.6408  1.3506  2.6113  1.8290 -0.6030 -1.5532 -1.9131 -2.1193
 254  1.017793  3.6380  1.3036  2.6472  1.8254 -0.6605 -1.6288 -1.9964 -2.2079
 255  1.017826  3.6353  1.2582  2.6819  1.8242 -0.7146 -1.7010 -2.0763 -2.2930
 256  1.017857  3.6326  1.2130  2.7163  1.8257 -0.7672 -1.7719 -2.1552 -2.3772
 257  1.017886  3.6299  1.1690  2.7497  1.8295 -0.8171 -1.8402 -2.2315 -2.4588
 258  1.017913  3.6273  1.1259  2.7823  1.8354 -0.8646 -1.9060 -2.3056 -2.5383
 259  1.017938  3.6247  1.0837  2.8142  1.8433 -0.9100 -1.9699 -2.3777 -2.6159
 260  1.017961  3.6222  1.0423  2.8455  1.8535 -0.9532 -2.0321 -2.4479 -2.6916
 261  1.017982  3.6197  1.0015  2.8763  1.8664 -0.9941 -2.0923 -2.5165 -2.7656
 262  1.018002  3.6172  0.9617  2.9062  1.8819 -1.0322 -2.1498 -2.5823 -2.8371
 263  1.018021  3.6147  0.9224  2.9354  1.8996 -1.0682 -2.2054 -2.6467 -2.9072
 264  1.018038  3.6123  0.8841  2.9641  1.9176 -1.1026 -2.2591 -2.7092 -2.9755
 265  1.018055  3.6099  0.8464  2.9921  1.9365 -1.1353 -2.3111 -2.7702 -3.0424
 266  1.018070  3.6075  0.8094  3.0198  1.9560 -1.1665 -2.3614 -2.8296 -3.1080
 267  1.018085  3.6052  0.7732  3.0467  1.9762 -1.1959 -2.4098 -2.8873 -3.1718
 268  1.018098  3.6029  0.7377  3.0731  1.9967 -1.2239 -2.4566 -2.9438 -3.2345
 269  1.018111  3.6007  0.7029  3.0989  2.0182 -1.2505 -2.5026 -2.9986 -3.2955
 270  1.018123  3.5985  0.6689  3.1242  2.0402 -1.2754 -2.5468 -3.0520 -3.3550
 271  1.018135  3.5963  0.6357  3.1488  2.0619 -1.2989 -2.5890 -3.1036 -3.4129
 272  1.018146  3.5942  0.6030  3.1732  2.0839 -1.3211 -2.6298 -3.1542 -3.4700
 273  1.018156  3.5921  0.5710  3.1968  2.1067 -1.3412 -2.6682 -3.2029 -3.5254
 274  1.018165  3.5901  0.5399  3.2199  2.1275 -1.3609 -2.7054 -3.2504 -3.5797
 275  1.018175  3.5882  0.5094  3.2425  2.1493 -1.3784 -2.7401 -3.2962 -3.6326
 276  1.018183  3.5862  0.4795  3.2646  2.1738 -1.3931 -2.7724 -3.3405 -3.6844
 277  1.018192  3.5843  0.4504  3.2860  2.1985 -1.4056 -2.8021 -3.3828 -3.7345
 278  1.018201  3.5824  0.4226  3.3065  2.2207 -1.4177 -2.8299 -3.4231 -3.7826
 279  1.018200  3.5808  0.3974  3.3246  2.2444 -1.4245 -2.8514 -3.4574 -3.8247
