#NUMBER OF AGES= 1
#----------------------------------------------------       
#MIX-LEN  Y      Z          Zeff        [Fe/H] [a/Fe]
# 1.9380  0.2488 2.3381E-03 1.7027E-03  -1.00   0.20 
#----------------------------------------------------       
#**PHOTOMETRIC SYSTEM**: SDSS (AB)                          
#----------------------------------------------------       
#AGE= 7.000 EEPS=270
#EEP   M/Mo    LogTeff  LogG   LogL/Lo sdss_u  sdss_g  sdss_r  sdss_i  sdss_z
  10  0.110084  3.5217  5.3166 -2.7967 17.8868 14.4470 12.8083 11.8208 11.2666
  11  0.123565  3.5246  5.2577 -2.6758 17.4435 14.0846 12.4624 11.5072 10.9659
  12  0.140851  3.5285  5.1965 -2.5425 16.9513 13.6797 12.0768 11.1596 10.6344
  13  0.164809  3.5352  5.1417 -2.3926 16.3539 13.1926 11.6180 10.7590 10.2620
  14  0.191118  3.5438  5.1044 -2.2566 15.7762 12.7228 11.1810 10.3874  9.9251
  15  0.211413  3.5492  5.0776 -2.1644 15.4068 12.4147 10.8942 10.1384  9.6968
  16  0.227695  3.5530  5.0574 -2.0968 15.1450 12.1930 10.6878  9.9569  9.5297
  17  0.242309  3.5560  5.0403 -2.0405 14.9319 12.0106 10.5179  9.8066  9.3907
  18  0.257383  3.5589  5.0243 -1.9869 14.7334 11.8390 10.3579  9.6641  9.2587
  19  0.274463  3.5618  5.0085 -1.9316 14.5324 11.6638 10.1945  9.5177  9.1227
  20  0.289603  3.5641  4.9945 -1.8847 14.3647 11.5164 10.0570  9.3940  9.0075
  21  0.300830  3.5659  4.9834 -1.8502 14.2421 11.4081  9.9562  9.3029  8.9225
  22  0.308648  3.5670  4.9754 -1.8264 14.1588 11.3341  9.8872  9.2403  8.8640
  23  0.314467  3.5679  4.9694 -1.8090 14.0983 11.2802  9.8370  9.1945  8.8212
  24  0.318987  3.5685  4.9647 -1.7955 14.0517 11.2388  9.7982  9.1593  8.7882
  25  0.322902  3.5691  4.9612 -1.7843 14.0125 11.2040  9.7659  9.1301  8.7608
  26  0.326701  3.5696  4.9578 -1.7737 13.9746 11.1703  9.7347  9.1018  8.7345
  27  0.331022  3.5703  4.9542 -1.7617 13.9326 11.1329  9.7001  9.0705  8.7054
  28  0.336988  3.5712  4.9499 -1.7461 13.8764 11.0833  9.6542  9.0293  8.6672
  29  0.345400  3.5725  4.9438 -1.7242 13.7966 11.0129  9.5897  8.9713  8.6135
  30  0.374595  3.5781  4.9158 -1.6386 13.4802 10.7347  9.3356  8.7447  8.4052
  31  0.410802  3.5867  4.8732 -1.5214 13.0298 10.3433  8.9854  8.4342  8.1209
  32  0.427004  3.5911  4.8527 -1.4664 12.8123 10.1560  8.8210  8.2886  7.9873
  33  0.440664  3.5953  4.8347 -1.4179 12.6178  9.9888  8.6761  8.1605  7.8703
  34  0.455637  3.6004  4.8153 -1.3637 12.3955  9.7983  8.5133  8.0172  7.7396
  35  0.471646  3.6066  4.7947 -1.3035 12.1438  9.5822  8.3321  7.8583  7.5948
  36  0.486333  3.6129  4.7768 -1.2472 11.9040  9.3760  8.1627  7.7102  7.4599
  37  0.498181  3.6183  4.7635 -1.2016 11.7054  9.2052  8.0250  7.5902  7.3510
  38  0.507384  3.6228  4.7540 -1.1660 11.5469  9.0691  7.9170  7.4968  7.2664
  39  0.515070  3.6269  4.7467 -1.1359 11.4116  8.9511  7.8244  7.4175  7.1952
  40  0.522127  3.6308  4.7403 -1.1078 11.2828  8.8390  7.7373  7.3435  7.1291
  41  0.529490  3.6352  4.7344 -1.0784 11.1442  8.7198  7.6457  7.2660  7.0601
  42  0.538097  3.6404  4.7280 -1.0442 10.9776  8.5795  7.5390  7.1761  6.9802
  43  0.548777  3.6470  4.7210 -1.0023 10.7591  8.4039  7.4075  7.0652  6.8818
  44  0.561565  3.6553  4.7140 -0.9518 10.4731  8.1891  7.2491  6.9315  6.7633
  45  0.575438  3.6650  4.7079 -0.8968 10.1376  7.9529  7.0773  6.7855  6.6336
  46  0.589791  3.6749  4.7021 -0.8404  9.7804  7.7167  6.9049  6.6359  6.4994
  47  0.604108  3.6843  4.6953 -0.7853  9.4216  7.4949  6.7416  6.4923  6.3692
  48  0.618161  3.6933  4.6880 -0.7321  9.0681  7.2890  6.5885  6.3564  6.2453
  49  0.631782  3.7018  4.6803 -0.6812  8.7611  7.1013  6.4444  6.2275  6.1276
  50  0.644761  3.7095  4.6723 -0.6332  8.5172  6.9340  6.3102  6.1066  6.0173
  51  0.656959  3.7167  4.6643 -0.5887  8.3008  6.7834  6.1874  5.9957  5.9158
  52  0.662544  3.7199  4.6604 -0.5684  8.1963  6.7157  6.1326  5.9460  5.8701
  53  0.668107  3.7230  4.6564 -0.5482  8.0932  6.6493  6.0789  5.8970  5.8250
  54  0.673649  3.7261  4.6523 -0.5282  7.9915  6.5840  6.0259  5.8486  5.7804
  55  0.679175  3.7291  4.6480 -0.5084  7.8917  6.5199  5.9737  5.8010  5.7363
  56  0.684672  3.7321  4.6436 -0.4887  7.7942  6.4568  5.9223  5.7541  5.6928
  57  0.690153  3.7349  4.6389 -0.4691  7.7004  6.3948  5.8717  5.7077  5.6498
  58  0.695608  3.7377  4.6342 -0.4497  7.6097  6.3339  5.8217  5.6620  5.6074
  59  0.701030  3.7404  4.6292 -0.4304  7.5217  6.2739  5.7724  5.6169  5.5655
  60  0.706412  3.7430  4.6240 -0.4113  7.4365  6.2153  5.7240  5.5725  5.5240
  61  0.711735  3.7456  4.6188 -0.3925  7.3540  6.1578  5.6764  5.5288  5.4833
  62  0.716990  3.7481  4.6135 -0.3739  7.2741  6.1014  5.6297  5.4859  5.4432
  63  0.722185  3.7506  4.6080 -0.3555  7.1971  6.0462  5.5836  5.4435  5.4035
  64  0.727313  3.7529  4.6025 -0.3374  7.1226  5.9921  5.5383  5.4017  5.3645
  65  0.732379  3.7552  4.5967 -0.3196  7.0506  5.9391  5.4939  5.3607  5.3259
  66  0.737385  3.7574  4.5909 -0.3019  6.9805  5.8872  5.4501  5.3201  5.2877
  67  0.742331  3.7596  4.5849 -0.2844  6.9125  5.8362  5.4070  5.2802  5.2501
  68  0.747215  3.7617  4.5788 -0.2672  6.8462  5.7860  5.3645  5.2408  5.2129
  69  0.752041  3.7637  4.5725 -0.2501  6.7816  5.7368  5.3227  5.2019  5.1761
  70  0.756811  3.7656  4.5660 -0.2332  6.7177  5.6885  5.2816  5.1635  5.1398
  71  0.761522  3.7674  4.5594 -0.2165  6.6555  5.6409  5.2410  5.1256  5.1037
  72  0.766165  3.7692  4.5527 -0.1999  6.5948  5.5941  5.2010  5.0881  5.0680
  73  0.770739  3.7710  4.5459 -0.1836  6.5358  5.5482  5.1615  5.0512  5.0328
  74  0.775247  3.7727  4.5391 -0.1674  6.4785  5.5030  5.1226  5.0147  4.9980
  75  0.779685  3.7744  4.5323 -0.1516  6.4226  5.4585  5.0843  4.9788  4.9638
  76  0.784041  3.7760  4.5256 -0.1359  6.3684  5.4150  5.0467  4.9436  4.9301
  77  0.788321  3.7776  4.5189 -0.1206  6.3160  5.3723  5.0098  4.9089  4.8970
  78  0.792519  3.7792  4.5125 -0.1056  6.2657  5.3303  4.9734  4.8749  4.8646
  79  0.796636  3.7807  4.5062 -0.0909  6.2175  5.2891  4.9376  4.8416  4.8329
  80  0.800660  3.7822  4.5000 -0.0766  6.1708  5.2488  4.9028  4.8090  4.8020
  81  0.804612  3.7836  4.4940 -0.0627  6.1257  5.2094  4.8686  4.7773  4.7717
  82  0.809292  3.7854  4.4869 -0.0460  6.0728  5.1629  4.8282  4.7397  4.7360
  83  0.813919  3.7871  4.4799 -0.0297  6.0210  5.1170  4.7884  4.7026  4.7008
  84  0.818497  3.7888  4.4729 -0.0134  5.9702  5.0716  4.7489  4.6658  4.6658
  85  0.823025  3.7904  4.4659  0.0026  5.9204  5.0267  4.7097  4.6294  4.6311
  86  0.827501  3.7921  4.4589  0.0186  5.8712  4.9822  4.6707  4.5931  4.5965
  87  0.831916  3.7937  4.4518  0.0345  5.8223  4.9382  4.6322  4.5571  4.5621
  88  0.836267  3.7952  4.4445  0.0503  5.7739  4.8948  4.5940  4.5212  4.5278
  89  0.840546  3.7968  4.4371  0.0661  5.7261  4.8517  4.5560  4.4855  4.4935
  90  0.844740  3.7983  4.4295  0.0817  5.6791  4.8090  4.5182  4.4500  4.4594
  91  0.848849  3.7998  4.4217  0.0973  5.6330  4.7667  4.4806  4.4145  4.4253
  92  0.852857  3.8011  4.4139  0.1126  5.5877  4.7250  4.4433  4.3793  4.3913
  93  0.856760  3.8024  4.4059  0.1279  5.5432  4.6837  4.4065  4.3444  4.3577
  94  0.860566  3.8037  4.3979  0.1429  5.4996  4.6432  4.3701  4.3099  4.3244
  95  0.864274  3.8049  4.3898  0.1578  5.4570  4.6031  4.3340  4.2757  4.2913
  96  0.867893  3.8061  4.3816  0.1725  5.4152  4.5636  4.2984  4.2419  4.2585
  97  0.871427  3.8072  4.3735  0.1870  5.3742  4.5246  4.2631  4.2084  4.2261
  98  0.874881  3.8083  4.3651  0.2014  5.3342  4.4861  4.2282  4.1753  4.1939
  99  0.878259  3.8093  4.3568  0.2155  5.2949  4.4481  4.1937  4.1424  4.1620
 100  0.881570  3.8103  4.3485  0.2295  5.2564  4.4106  4.1596  4.1099  4.1303
 101  0.884820  3.8113  4.3400  0.2434  5.2185  4.3735  4.1258  4.0776  4.0990
 102  0.888016  3.8122  4.3315  0.2571  5.1813  4.3370  4.0924  4.0456  4.0678
 103  0.891163  3.8130  4.3229  0.2706  5.1446  4.3008  4.0592  4.0140  4.0369
 104  0.894271  3.8139  4.3143  0.2841  5.1087  4.2651  4.0263  3.9825  4.0062
 105  0.897345  3.8146  4.3055  0.2974  5.0732  4.2298  3.9937  3.9512  3.9755
 106  0.900393  3.8153  4.2968  0.3106  5.0382  4.1949  3.9614  3.9201  3.9450
 107  0.903405  3.8161  4.2879  0.3236  5.0039  4.1604  3.9292  3.8891  3.9146
 108  0.906373  3.8167  4.2787  0.3366  4.9701  4.1264  3.8974  3.8584  3.8844
 109  0.909290  3.8172  4.2695  0.3494  4.9370  4.0927  3.8659  3.8277  3.8542
 110  0.912124  3.8177  4.2602  0.3621  4.9044  4.0596  3.8346  3.7974  3.8242
 111  0.914837  3.8182  4.2511  0.3745  4.8722  4.0268  3.8038  3.7675  3.7948
 112  0.916058  3.8185  4.2469  0.3802  4.8574  4.0119  3.7897  3.7538  3.7814
 113  0.917278  3.8187  4.2426  0.3861  4.8426  3.9968  3.7755  3.7400  3.7677
 114  0.918497  3.8189  4.2381  0.3919  4.8278  3.9816  3.7611  3.7259  3.7538
 115  0.919712  3.8191  4.2336  0.3978  4.8127  3.9663  3.7465  3.7118  3.7398
 116  0.920925  3.8193  4.2290  0.4037  4.7977  3.9507  3.7317  3.6974  3.7256
 117  0.922136  3.8194  4.2242  0.4097  4.7825  3.9352  3.7168  3.6828  3.7111
 118  0.923342  3.8196  4.2193  0.4158  4.7673  3.9195  3.7017  3.6681  3.6965
 119  0.924546  3.8197  4.2144  0.4219  4.7520  3.9037  3.6865  3.6532  3.6817
 120  0.925749  3.8199  4.2093  0.4280  4.7366  3.8878  3.6712  3.6381  3.6668
 121  0.926948  3.8200  4.2042  0.4342  4.7211  3.8717  3.6558  3.6229  3.6515
 122  0.928144  3.8201  4.1989  0.4405  4.7056  3.8556  3.6402  3.6076  3.6362
 123  0.929337  3.8202  4.1935  0.4468  4.6899  3.8394  3.6244  3.5921  3.6208
 124  0.930521  3.8203  4.1880  0.4532  4.6741  3.8231  3.6084  3.5764  3.6051
 125  0.931703  3.8203  4.1825  0.4596  4.6583  3.8066  3.5924  3.5605  3.5893
 126  0.932884  3.8204  4.1768  0.4661  4.6423  3.7900  3.5762  3.5445  3.5734
 127  0.934064  3.8205  4.1711  0.4726  4.6263  3.7734  3.5600  3.5283  3.5573
 128  0.935240  3.8205  4.1652  0.4791  4.6104  3.7567  3.5436  3.5121  3.5410
 129  0.936415  3.8205  4.1592  0.4857  4.5943  3.7400  3.5271  3.4957  3.5246
 130  0.937587  3.8205  4.1531  0.4923  4.5783  3.7232  3.5105  3.4792  3.5081
 131  0.938756  3.8205  4.1469  0.4990  4.5622  3.7062  3.4936  3.4625  3.4913
 132  0.939919  3.8204  4.1405  0.5058  4.5461  3.6893  3.4767  3.4456  3.4742
 133  0.941079  3.8203  4.1339  0.5125  4.5299  3.6724  3.4597  3.4285  3.4570
 134  0.942235  3.8202  4.1272  0.5193  4.5138  3.6553  3.4425  3.4111  3.4396
 135  0.943385  3.8201  4.1203  0.5262  4.4976  3.6382  3.4252  3.3937  3.4220
 136  0.944532  3.8199  4.1132  0.5331  4.4815  3.6210  3.4076  3.3760  3.4042
 137  0.945671  3.8197  4.1060  0.5400  4.4652  3.6038  3.3900  3.3582  3.3861
 138  0.946807  3.8195  4.0985  0.5470  4.4490  3.5866  3.3723  3.3401  3.3677
 139  0.947936  3.8192  4.0910  0.5541  4.4328  3.5693  3.3543  3.3218  3.3492
 140  0.949059  3.8189  4.0832  0.5612  4.4166  3.5520  3.3363  3.3034  3.3305
 141  0.950175  3.8186  4.0752  0.5683  4.4004  3.5346  3.3180  3.2847  3.3115
 142  0.951284  3.8182  4.0670  0.5755  4.3842  3.5173  3.2996  3.2658  3.2922
 143  0.952386  3.8178  4.0586  0.5827  4.3681  3.4999  3.2810  3.2466  3.2725
 144  0.953480  3.8173  4.0499  0.5900  4.3522  3.4826  3.2623  3.2271  3.2526
 145  0.954565  3.8167  4.0408  0.5974  4.3362  3.4653  3.2434  3.2075  3.2325
 146  0.955640  3.8161  4.0316  0.6047  4.3205  3.4480  3.2244  3.1876  3.2119
 147  0.956705  3.8155  4.0220  0.6121  4.3048  3.4308  3.2052  3.1675  3.1912
 148  0.957758  3.8147  4.0122  0.6195  4.2895  3.4137  3.1859  3.1470  3.1701
 149  0.958800  3.8139  4.0019  0.6270  4.2742  3.3968  3.1663  3.1263  3.1486
 150  0.959830  3.8130  3.9912  0.6345  4.2594  3.3801  3.1467  3.1053  3.1266
 151  0.960847  3.8120  3.9801  0.6420  4.2450  3.3636  3.1270  3.0839  3.1044
 152  0.961849  3.8109  3.9686  0.6495  4.2310  3.3472  3.1072  3.0623  3.0817
 153  0.962840  3.8097  3.9565  0.6570  4.2175  3.3312  3.0871  3.0404  3.0586
 154  0.963817  3.8083  3.9440  0.6645  4.2046  3.3156  3.0671  3.0182  3.0352
 155  0.964782  3.8068  3.9309  0.6720  4.1925  3.3003  3.0471  2.9958  3.0113
 156  0.965732  3.8051  3.9170  0.6796  4.1813  3.2855  3.0271  2.9732  2.9871
 157  0.966674  3.8032  3.9025  0.6871  4.1714  3.2713  3.0070  2.9504  2.9626
 158  0.967607  3.8012  3.8873  0.6945  4.1625  3.2576  2.9872  2.9274  2.9375
 159  0.968534  3.7988  3.8710  0.7018  4.1555  3.2449  2.9674  2.9041  2.9120
 160  0.969463  3.7962  3.8535  0.7090  4.1506  3.2337  2.9480  2.8807  2.8858
 161  0.970391  3.7928  3.8338  0.7159  4.1503  3.2253  2.9294  2.8570  2.8588
 162  0.971064  3.7892  3.8148  0.7206  4.1557  3.2235  2.9167  2.8386  2.8366
 163  0.971744  3.7853  3.7953  0.7246  4.1655  3.2246  2.9057  2.8216  2.8154
 164  0.972430  3.7811  3.7753  0.7281  4.1807  3.2285  2.8963  2.8057  2.7949
 165  0.973126  3.7770  3.7568  0.7307  4.2016  3.2344  2.8884  2.7916  2.7766
 166  0.973807  3.7724  3.7375  0.7320  4.2344  3.2453  2.8827  2.7787  2.7592
 167  0.974486  3.7678  3.7190  0.7322  4.2738  3.2600  2.8796  2.7686  2.7444
 168  0.975155  3.7631  3.7013  0.7315  4.3181  3.2777  2.8795  2.7612  2.7323
 169  0.975806  3.7582  3.6828  0.7309  4.3633  3.2965  2.8807  2.7550  2.7208
 170  0.976443  3.7535  3.6634  0.7316  4.4076  3.3126  2.8795  2.7463  2.7067
 171  0.977069  3.7491  3.6429  0.7345  4.4459  3.3229  2.8735  2.7333  2.6886
 172  0.977670  3.7451  3.6223  0.7396  4.4759  3.3259  2.8618  2.7153  2.6661
 173  0.978202  3.7419  3.6024  0.7472  4.4927  3.3200  2.8442  2.6928  2.6399
 174  0.978650  3.7396  3.5841  0.7562  4.4977  3.3077  2.8231  2.6678  2.6121
 175  0.979033  3.7378  3.5674  0.7657  4.4952  3.2917  2.8002  2.6420  2.5842
 176  0.979372  3.7363  3.5519  0.7756  4.4882  3.2735  2.7765  2.6161  2.5565
 177  0.979687  3.7351  3.5374  0.7853  4.4785  3.2546  2.7531  2.5907  2.5296
 178  0.979988  3.7341  3.5236  0.7951  4.4664  3.2347  2.7293  2.5652  2.5028
 179  0.980276  3.7331  3.5100  0.8048  4.4545  3.2149  2.7058  2.5401  2.4765
 180  0.980554  3.7322  3.4970  0.8147  4.4402  3.1940  2.6819  2.5149  2.4503
 181  0.980824  3.7314  3.4841  0.8245  4.4261  3.1733  2.6580  2.4897  2.4241
 182  0.981205  3.7304  3.4658  0.8388  4.4037  3.1424  2.6234  2.4534  2.3865
 183  0.981583  3.7295  3.4477  0.8534  4.3792  3.1102  2.5877  2.4163  2.3481
 184  0.981958  3.7286  3.4296  0.8683  4.3525  3.0767  2.5512  2.3784  2.3092
 185  0.982333  3.7278  3.4113  0.8834  4.3251  3.0427  2.5143  2.3402  2.2700
 186  0.982705  3.7271  3.3932  0.8988  4.2962  3.0078  2.4768  2.3014  2.2303
 187  0.983077  3.7263  3.3751  0.9144  4.2660  2.9722  2.4388  2.2622  2.1902
 188  0.983448  3.7257  3.3570  0.9300  4.2351  2.9361  2.4005  2.2229  2.1501
 189  0.983817  3.7251  3.3389  0.9459  4.2032  2.8994  2.3617  2.1831  2.1095
 190  0.984186  3.7245  3.3206  0.9619  4.1705  2.8621  2.3223  2.1428  2.0684
 191  0.984552  3.7240  3.3023  0.9782  4.1368  2.8242  2.2824  2.1020  2.0268
 192  0.984917  3.7234  3.2838  0.9947  4.1024  2.7856  2.2419  2.0606  1.9848
 193  0.985279  3.7229  3.2651  1.0115  4.0672  2.7463  2.2009  2.0187  1.9421
 194  0.985640  3.7223  3.2461  1.0283  4.0317  2.7066  2.1593  1.9762  1.8989
 195  0.985999  3.7218  3.2270  1.0455  3.9950  2.6662  2.1171  1.9332  1.8551
 196  0.986354  3.7213  3.2075  1.0631  3.9578  2.6249  2.0740  1.8892  1.8105
 197  0.986699  3.7208  3.1870  1.0815  3.9184  2.5815  2.0287  1.8430  1.7635
 198  0.987029  3.7202  3.1655  1.1012  3.8762  2.5352  1.9807  1.7941  1.7138
 199  0.987348  3.7196  3.1427  1.1216  3.8327  2.4871  1.9305  1.7429  1.6617
 200  0.987660  3.7190  3.1194  1.1425  3.7881  2.4379  1.8790  1.6905  1.6084
 201  0.987959  3.7183  3.0951  1.1643  3.7422  2.3869  1.8257  1.6361  1.5532
 202  0.988254  3.7176  3.0703  1.1863  3.6966  2.3356  1.7719  1.5809  1.4969
 203  0.988537  3.7170  3.0455  1.2089  3.6472  2.2820  1.7163  1.5243  1.4395
 204  0.988813  3.7163  3.0196  1.2321  3.5990  2.2282  1.6598  1.4666  1.3808
 205  0.989082  3.7155  2.9933  1.2555  3.5492  2.1735  1.6026  1.4081  1.3211
 206  0.989341  3.7147  2.9661  1.2793  3.4997  2.1184  1.5444  1.3482  1.2602
 207  0.989591  3.7138  2.9384  1.3036  3.4499  2.0625  1.4852  1.2875  1.1982
 208  0.989834  3.7128  2.9102  1.3282  3.3997  2.0062  1.4253  1.2260  1.1353
 209  0.990070  3.7119  2.8813  1.3532  3.3498  1.9493  1.3647  1.1636  1.0714
 210  0.990296  3.7110  2.8523  1.3785  3.2986  1.8915  1.3034  1.1005  1.0069
 211  0.990513  3.7099  2.8228  1.4041  3.2474  1.8332  1.2412  1.0365  0.9414
 212  0.990724  3.7089  2.7928  1.4299  3.1965  1.7746  1.1785  0.9719  0.8752
 213  0.990925  3.7077  2.7622  1.4561  3.1462  1.7159  1.1153  0.9067  0.8083
 214  0.991120  3.7066  2.7315  1.4825  3.0947  1.6563  1.0515  0.8408  0.7408
 215  0.991306  3.7053  2.6997  1.5090  3.0465  1.5977  0.9877  0.7745  0.6727
 216  0.991485  3.7040  2.6678  1.5360  2.9975  1.5385  0.9233  0.7077  0.6039
 217  0.991514  3.7038  2.6625  1.5404  2.9890  1.5284  0.9124  0.6964  0.5923
 218  0.991543  3.7036  2.6571  1.5450  2.9806  1.5183  0.9015  0.6852  0.5807
 219  0.991572  3.7034  2.6517  1.5495  2.9722  1.5081  0.8905  0.6738  0.5690
 220  0.991601  3.7032  2.6463  1.5541  2.9639  1.4980  0.8794  0.6623  0.5572
 221  0.991630  3.7030  2.6410  1.5588  2.9548  1.4874  0.8682  0.6508  0.5456
 222  0.991659  3.7029  2.6359  1.5634  2.9451  1.4767  0.8569  0.6393  0.5338
 223  0.991687  3.7028  2.6307  1.5681  2.9350  1.4657  0.8455  0.6276  0.5219
 224  0.991715  3.7026  2.6253  1.5728  2.9263  1.4552  0.8342  0.6160  0.5100
 225  0.991744  3.7024  2.6197  1.5774  2.9178  1.4449  0.8230  0.6043  0.4980
 226  0.991772  3.7021  2.6143  1.5822  2.9092  1.4344  0.8117  0.5926  0.4860
 227  0.992039  3.6999  2.5588  1.6290  2.8257  1.3310  0.6993  0.4760  0.3662
 228  0.992276  3.6978  2.5050  1.6742  2.7515  1.2319  0.5908  0.3635  0.2506
 229  0.992497  3.6954  2.4502  1.7196  2.6838  1.1339  0.4824  0.2505  0.1343
 230  0.992692  3.6930  2.3971  1.7633  2.6223  1.0405  0.3782  0.1417  0.0222
 231  0.992874  3.6906  2.3439  1.8069  2.5641  0.9483  0.2745  0.0333 -0.0896
 232  0.993046  3.6882  2.2904  1.8507  2.5090  0.8566  0.1708 -0.0753 -0.2018
 233  0.993199  3.6859  2.2412  1.8907  2.4604  0.7732  0.0762 -0.1748 -0.3044
 234  0.993340  3.6838  2.1982  1.9257  2.4188  0.7007 -0.0067 -0.2618 -0.3943
 235  0.993474  3.6827  2.1717  1.9476  2.3909  0.6548 -0.0587 -0.3162 -0.4504
 236  0.993608  3.6838  2.1904  1.9335  2.3996  0.6813 -0.0263 -0.2814 -0.4139
 237  0.993760  3.6854  2.2135  1.9166  2.4067  0.7119  0.0121 -0.2399 -0.3702
 238  0.993921  3.6820  2.1444  1.9722  2.3466  0.5990 -0.1183 -0.3775 -0.5127
 239  0.994063  3.6789  2.0809  2.0234  2.2861  0.4948 -0.2379 -0.5038 -0.6437
 240  0.994190  3.6760  2.0197  2.0729  2.2286  0.3952 -0.3527 -0.6250 -0.7695
 241  0.994305  3.6730  1.9600  2.1207  2.1769  0.3004 -0.4627 -0.7418 -0.8910
 242  0.994406  3.6701  1.9022  2.1667  2.1306  0.2107 -0.5680 -0.8536 -1.0077
 243  0.994498  3.6671  1.8468  2.2108  2.0895  0.1258 -0.6680 -0.9604 -1.1191
 244  0.994581  3.6642  1.7902  2.2557  2.0501  0.0405 -0.7693 -1.0685 -1.2322
 245  0.994656  3.6613  1.7355  2.2989  2.0161 -0.0405 -0.8664 -1.1725 -1.3411
 246  0.994725  3.6585  1.6814  2.3418  1.9849 -0.1200 -0.9620 -1.2750 -1.4486
 247  0.994787  3.6557  1.6284  2.3836  1.9574 -0.1964 -1.0546 -1.3748 -1.5533
 248  0.994843  3.6529  1.5764  2.4246  1.9329 -0.2702 -1.1447 -1.4720 -1.6555
 249  0.994894  3.6502  1.5256  2.4644  1.9116 -0.3410 -1.2320 -1.5663 -1.7548
 250  0.994941  3.6475  1.4752  2.5036  1.8951 -0.4090 -1.3168 -1.6586 -1.8523
 251  0.994984  3.6446  1.4258  2.5417  1.8828 -0.4735 -1.3986 -1.7479 -1.9468
 252  0.995024  3.6418  1.3774  2.5790  1.8742 -0.5351 -1.4779 -1.8347 -2.0388
 253  0.995060  3.6391  1.3297  2.6156  1.8684 -0.5944 -1.5553 -1.9198 -2.1291
 254  0.995094  3.6363  1.2826  2.6516  1.8659 -0.6513 -1.6306 -2.0029 -2.2176
 255  0.995124  3.6335  1.2367  2.6866  1.8658 -0.7054 -1.7031 -2.0834 -2.3033
 256  0.995153  3.6308  1.1916  2.7209  1.8681 -0.7574 -1.7736 -2.1619 -2.3874
 257  0.995179  3.6282  1.1477  2.7543  1.8730 -0.8066 -1.8413 -2.2379 -2.4687
 258  0.995203  3.6255  1.1045  2.7869  1.8801 -0.8535 -1.9070 -2.3118 -2.5482
 259  0.995226  3.6230  1.0622  2.8190  1.8890 -0.8984 -1.9708 -2.3840 -2.6258
 260  0.995247  3.6204  1.0207  2.8504  1.9006 -0.9408 -2.0326 -2.4540 -2.7014
 261  0.995266  3.6179  0.9803  2.8808  1.9148 -0.9803 -2.0915 -2.5213 -2.7744
 262  0.995284  3.6154  0.9400  2.9109  1.9319 -1.0180 -2.1491 -2.5878 -2.8467
 263  0.995301  3.6129  0.9007  2.9402  1.9499 -1.0535 -2.2043 -2.6519 -2.9167
 264  0.995317  3.6105  0.8624  2.9688  1.9682 -1.0873 -2.2575 -2.7142 -2.9849
 265  0.995332  3.6080  0.8247  2.9971  1.9877 -1.1195 -2.3091 -2.7751 -3.0519
 266  0.995346  3.6057  0.7875  3.0246  2.0077 -1.1500 -2.3590 -2.8343 -3.1173
 267  0.995359  3.6034  0.7513  3.0516  2.0281 -1.1789 -2.4069 -2.8919 -3.1812
 268  0.995372  3.6011  0.7160  3.0778  2.0494 -1.2063 -2.4537 -2.9478 -3.2433
 269  0.995383  3.5989  0.6811  3.1038  2.0713 -1.2324 -2.4994 -3.0028 -3.3046
 270  0.995394  3.5967  0.6472  3.1289  2.0935 -1.2564 -2.5427 -3.0555 -3.3638
 271  0.995405  3.5945  0.6138  3.1538  2.1154 -1.2795 -2.5846 -3.1073 -3.4221
 272  0.995415  3.5924  0.5812  3.1780  2.1380 -1.3005 -2.6242 -3.1573 -3.4789
 273  0.995424  3.5903  0.5493  3.2016  2.1600 -1.3203 -2.6620 -3.2057 -3.5342
 274  0.995433  3.5883  0.5180  3.2248  2.1813 -1.3390 -2.6981 -3.2530 -3.5886
 275  0.995441  3.5864  0.4875  3.2473  2.2054 -1.3545 -2.7313 -3.2982 -3.6414
 276  0.995449  3.5845  0.4576  3.2694  2.2302 -1.3679 -2.7622 -3.3420 -3.6931
 277  0.995457  3.5825  0.4285  3.2908  2.2541 -1.3801 -2.7910 -3.3838 -3.7431
 278  0.995464  3.5804  0.3996  3.3113  2.2836 -1.3862 -2.8143 -3.4222 -3.7906
 279  0.995462  3.5789  0.3767  3.3281  2.3015 -1.3953 -2.8366 -3.4551 -3.8305
