#NUMBER OF AGES= 1
#----------------------------------------------------       
#MIX-LEN  Y      Z          Zeff        [Fe/H] [a/Fe]
# 1.9380  0.2488 2.3381E-03 1.7027E-03  -1.00   0.20 
#----------------------------------------------------       
#**PHOTOMETRIC SYSTEM**: SDSS (AB)                          
#----------------------------------------------------       
#AGE= 7.500 EEPS=270
#EEP   M/Mo    LogTeff  LogG   LogL/Lo sdss_u  sdss_g  sdss_r  sdss_i  sdss_z
  10  0.106311  3.5208  5.3341 -2.8330 18.0217 14.5563 12.9126 11.9151 11.3568
  11  0.119254  3.5237  5.2754 -2.7126 17.5779 14.1949 12.5677 11.6028 11.0575
  12  0.135167  3.5272  5.2144 -2.5835 17.1042 13.8056 12.1966 11.2669 10.7363
  13  0.156666  3.5327  5.1565 -2.4396 16.5490 13.3508 11.7662 10.8862 10.3786
  14  0.182552  3.5411  5.1149 -2.2977 15.9494 12.8646 11.3127 10.4997 10.0267
  15  0.203857  3.5473  5.0864 -2.1963 15.5332 12.5208 10.9930 10.2246  9.7759
  16  0.220459  3.5514  5.0648 -2.1245 15.2526 12.2844 10.7728 10.0316  9.5985
  17  0.235060  3.5546  5.0470 -2.0662 15.0295 12.0943 10.5957  9.8754  9.4542
  18  0.249021  3.5574  5.0312 -2.0141 14.8348 11.9268 10.4396  9.7368  9.3259
  19  0.265319  3.5603  5.0151 -1.9589 14.6321 11.7508 10.2755  9.5901  9.1898
  20  0.281809  3.5630  5.0000 -1.9070 14.4445 11.5867 10.1224  9.4526  9.0620
  21  0.295446  3.5651  4.9873 -1.8652 14.2958 11.4554 10.0002  9.3424  8.9592
  22  0.304910  3.5665  4.9779 -1.8362 14.1937 11.3651  9.9160  9.2662  8.8882
  23  0.311740  3.5675  4.9710 -1.8158 14.1225 11.3018  9.8570  9.2126  8.8379
  24  0.316926  3.5682  4.9658 -1.8005 14.0695 11.2545  9.8129  9.1725  8.8005
  25  0.321148  3.5688  4.9621 -1.7885 14.0272 11.2170  9.7780  9.1409  8.7709
  26  0.324894  3.5694  4.9586 -1.7777 13.9895 11.1835  9.7470  9.1129  8.7448
  27  0.328777  3.5700  4.9552 -1.7669 13.9512 11.1494  9.7154  9.0842  8.7181
  28  0.333753  3.5707  4.9515 -1.7537 13.9038 11.1074  9.6766  9.0493  8.6858
  29  0.340636  3.5718  4.9466 -1.7358 13.8390 11.0502  9.6237  9.0020  8.6419
  30  0.350033  3.5733  4.9390 -1.7103 13.7462 10.9684  9.5488  8.9345  8.5795
  31  0.394276  3.5826  4.8918 -1.5740 13.2348 10.5206  9.1430  8.5736  8.2483
  32  0.416853  3.5884  4.8644 -1.4995 12.9445 10.2696  8.9202  8.3763  8.0677
  33  0.431673  3.5926  4.8451 -1.4481 12.7404 10.0940  8.7668  8.2405  7.9432
  34  0.445258  3.5969  4.8272 -1.3993 12.5433  9.9247  8.6207  8.1116  7.8255
  35  0.460708  3.6024  4.8072 -1.3427 12.3093  9.7243  8.4504  7.9619  7.6890
  36  0.476127  3.6087  4.7874 -1.2839 12.0624  9.5119  8.2737  7.8069  7.5478
  37  0.489711  3.6146  4.7710 -1.2315 11.8376  9.3185  8.1158  7.6690  7.4223
  38  0.500580  3.6197  4.7591 -1.1895 11.6533  9.1601  7.9887  7.5585  7.3220
  39  0.509294  3.6241  4.7503 -1.1556 11.5018  9.0295  7.8855  7.4694  7.2415
  40  0.516754  3.6281  4.7433 -1.1260 11.3685  8.9130  7.7943  7.3916  7.1718
  41  0.523888  3.6322  4.7370 -1.0974 11.2363  8.7984  7.7055  7.3162  7.1046
  42  0.531593  3.6368  4.7308 -1.0665 11.0892  8.6726  7.6091  7.2349  7.0322
  43  0.540625  3.6424  4.7243 -1.0305 10.9107  8.5237  7.4965  7.1400  6.9479
  44  0.551760  3.6494  4.7171 -0.9864 10.6749  8.3386  7.3584  7.0235  6.8445
  45  0.564506  3.6579  4.7104 -0.9356 10.3802  8.1214  7.1991  6.8888  6.7251
  46  0.578025  3.6674  4.7046 -0.8817 10.0472  7.8909  7.0314  6.7455  6.5975
  47  0.591790  3.6769  4.6986 -0.8272  9.7010  7.6650  6.8662  6.6017  6.4682
  48  0.605340  3.6859  4.6919 -0.7748  9.3564  7.4555  6.7117  6.4655  6.3445
  49  0.618585  3.6944  4.6847 -0.7243  9.0230  7.2612  6.5667  6.3366  6.2269
  50  0.631323  3.7023  4.6771 -0.6761  8.7387  7.0852  6.4308  6.2148  6.1157
  51  0.643403  3.7097  4.6694 -0.6310  8.5099  6.9277  6.3042  6.1009  6.0117
  52  0.648938  3.7130  4.6657 -0.6104  8.4102  6.8579  6.2475  6.0495  5.9647
  53  0.654441  3.7162  4.6618 -0.5901  8.3126  6.7897  6.1916  5.9991  5.9185
  54  0.659911  3.7193  4.6579 -0.5699  8.2095  6.7224  6.1371  5.9495  5.8730
  55  0.665351  3.7224  4.6538 -0.5499  8.1073  6.6565  6.0837  5.9008  5.8281
  56  0.670752  3.7255  4.6496 -0.5301  8.0066  6.5917  6.0311  5.8529  5.7838
  57  0.676126  3.7284  4.6454 -0.5104  7.9077  6.5283  5.9794  5.8058  5.7402
  58  0.681472  3.7313  4.6409 -0.4909  7.8112  6.4658  5.9285  5.7592  5.6970
  59  0.686788  3.7342  4.6362 -0.4716  7.7181  6.4046  5.8785  5.7134  5.6546
  60  0.692073  3.7368  4.6314 -0.4525  7.6285  6.3445  5.8291  5.6682  5.6126
  61  0.697318  3.7395  4.6265 -0.4335  7.5415  6.2853  5.7804  5.6237  5.5712
  62  0.702510  3.7421  4.6214 -0.4147  7.4573  6.2274  5.7327  5.5799  5.5303
  63  0.707645  3.7447  4.6161 -0.3961  7.3757  6.1707  5.6858  5.5367  5.4902
  64  0.712710  3.7471  4.6108 -0.3778  7.2967  6.1152  5.6398  5.4945  5.4506
  65  0.717707  3.7495  4.6054 -0.3598  7.2208  6.0609  5.5945  5.4528  5.4116
  66  0.722641  3.7518  4.5998 -0.3420  7.1474  6.0078  5.5500  5.4117  5.3731
  67  0.727507  3.7541  4.5941 -0.3245  7.0764  5.9556  5.5062  5.3713  5.3352
  68  0.732302  3.7562  4.5883 -0.3072  7.0075  5.9047  5.4632  5.3315  5.2977
  69  0.737031  3.7583  4.5824 -0.2901  6.9406  5.8546  5.4209  5.2923  5.2608
  70  0.741701  3.7603  4.5763 -0.2732  6.8756  5.8055  5.3793  5.2536  5.2243
  71  0.746312  3.7623  4.5701 -0.2566  6.8123  5.7573  5.3383  5.2155  5.1883
  72  0.750861  3.7642  4.5639 -0.2401  6.7502  5.7100  5.2980  5.1779  5.1527
  73  0.755350  3.7660  4.5575 -0.2237  6.6890  5.6634  5.2584  5.1409  5.1175
  74  0.759777  3.7678  4.5509 -0.2076  6.6294  5.6177  5.2192  5.1043  5.0827
  75  0.764147  3.7695  4.5442 -0.1916  6.5712  5.5726  5.1805  5.0680  5.0481
  76  0.768443  3.7711  4.5374 -0.1758  6.5147  5.5283  5.1423  5.0322  5.0140
  77  0.772675  3.7727  4.5306 -0.1602  6.4597  5.4847  5.1047  4.9969  4.9802
  78  0.776834  3.7744  4.5238 -0.1449  6.4061  5.4419  5.0676  4.9621  4.9470
  79  0.780920  3.7759  4.5171 -0.1297  6.3541  5.3997  5.0312  4.9279  4.9143
  80  0.784926  3.7774  4.5104 -0.1149  6.3037  5.3585  4.9954  4.8943  4.8821
  81  0.788862  3.7788  4.5040 -0.1003  6.2550  5.3179  4.9602  4.8612  4.8506
  82  0.793560  3.7806  4.4961 -0.0830  6.1984  5.2693  4.9178  4.8216  4.8128
  83  0.798184  3.7823  4.4884 -0.0659  6.1432  5.2215  4.8761  4.7826  4.7756
  84  0.802742  3.7839  4.4808 -0.0490  6.0896  5.1744  4.8350  4.7443  4.7391
  85  0.807242  3.7856  4.4733 -0.0325  6.0371  5.1280  4.7945  4.7064  4.7030
  86  0.811689  3.7873  4.4659 -0.0161  5.9858  5.0822  4.7544  4.6691  4.6675
  87  0.816080  3.7889  4.4586  0.0002  5.9354  5.0369  4.7149  4.6321  4.6322
  88  0.820415  3.7905  4.4512  0.0163  5.8860  4.9922  4.6756  4.5955  4.5972
  89  0.824690  3.7921  4.4438  0.0323  5.8373  4.9477  4.6366  4.5591  4.5624
  90  0.828898  3.7937  4.4362  0.0482  5.7888  4.9040  4.5981  4.5230  4.5278
  91  0.833039  3.7952  4.4286  0.0640  5.7410  4.8608  4.5599  4.4870  4.4934
  92  0.837101  3.7967  4.4210  0.0796  5.6938  4.8179  4.5219  4.4513  4.4591
  93  0.841077  3.7981  4.4131  0.0952  5.6474  4.7756  4.4843  4.4157  4.4249
  94  0.844965  3.7994  4.4051  0.1106  5.6018  4.7337  4.4469  4.3804  4.3908
  95  0.848752  3.8007  4.3969  0.1260  5.5571  4.6923  4.4098  4.3453  4.3569
  96  0.852440  3.8019  4.3887  0.1410  5.5133  4.6515  4.3731  4.3104  4.3232
  97  0.856023  3.8031  4.3804  0.1560  5.4704  4.6112  4.3368  4.2759  4.2898
  98  0.859511  3.8043  4.3719  0.1708  5.4284  4.5717  4.3009  4.2418  4.2568
  99  0.862907  3.8054  4.3634  0.1853  5.3872  4.5326  4.2655  4.2081  4.2241
 100  0.866218  3.8064  4.3550  0.1998  5.3470  4.4942  4.2306  4.1748  4.1916
 101  0.869451  3.8074  4.3463  0.2139  5.3075  4.4561  4.1959  4.1417  4.1595
 102  0.872612  3.8084  4.3377  0.2280  5.2690  4.4187  4.1617  4.1091  4.1277
 103  0.875710  3.8093  4.3291  0.2418  5.2311  4.3817  4.1279  4.0767  4.0962
 104  0.878754  3.8101  4.3203  0.2555  5.1939  4.3453  4.0943  4.0447  4.0649
 105  0.881749  3.8109  4.3115  0.2690  5.1575  4.3093  4.0613  4.0128  4.0338
 106  0.884706  3.8117  4.3026  0.2825  5.1215  4.2738  4.0284  3.9813  4.0029
 107  0.887628  3.8124  4.2937  0.2957  5.0863  4.2388  3.9959  3.9500  3.9722
 108  0.890517  3.8131  4.2846  0.3088  5.0516  4.2041  3.9636  3.9188  3.9416
 109  0.893370  3.8137  4.2755  0.3218  5.0175  4.1699  3.9315  3.8879  3.9112
 110  0.896157  3.8143  4.2661  0.3347  4.9839  4.1361  3.8998  3.8571  3.8810
 111  0.898834  3.8149  4.2571  0.3474  4.9507  4.1026  3.8686  3.8269  3.8511
 112  0.900006  3.8152  4.2530  0.3530  4.9359  4.0877  3.8546  3.8134  3.8379
 113  0.901178  3.8154  4.2489  0.3587  4.9211  4.0727  3.8405  3.7997  3.8245
 114  0.902348  3.8156  4.2446  0.3646  4.9062  4.0576  3.8262  3.7859  3.8108
 115  0.903515  3.8159  4.2402  0.3705  4.8911  4.0424  3.8118  3.7718  3.7969
 116  0.904681  3.8161  4.2356  0.3764  4.8760  4.0269  3.7972  3.7576  3.7828
 117  0.905843  3.8162  4.2310  0.3823  4.8609  4.0114  3.7824  3.7432  3.7686
 118  0.907002  3.8164  4.2261  0.3883  4.8456  3.9958  3.7675  3.7286  3.7541
 119  0.908158  3.8166  4.2212  0.3944  4.8302  3.9800  3.7523  3.7138  3.7394
 120  0.909311  3.8167  4.2162  0.4006  4.8148  3.9642  3.7370  3.6988  3.7245
 121  0.910460  3.8168  4.2110  0.4067  4.7993  3.9482  3.7217  3.6837  3.7095
 122  0.911606  3.8169  4.2058  0.4130  4.7837  3.9321  3.7061  3.6683  3.6942
 123  0.912748  3.8170  4.2004  0.4193  4.7681  3.9160  3.6904  3.6529  3.6788
 124  0.913881  3.8171  4.1949  0.4256  4.7523  3.8997  3.6746  3.6371  3.6632
 125  0.915009  3.8172  4.1894  0.4321  4.7364  3.8832  3.6585  3.6213  3.6474
 126  0.916134  3.8172  4.1837  0.4385  4.7205  3.8667  3.6423  3.6053  3.6315
 127  0.917256  3.8173  4.1779  0.4450  4.7046  3.8501  3.6261  3.5893  3.6153
 128  0.918373  3.8173  4.1720  0.4515  4.6886  3.8335  3.6097  3.5730  3.5991
 129  0.919487  3.8173  4.1659  0.4581  4.6726  3.8169  3.5933  3.5566  3.5827
 130  0.920597  3.8173  4.1598  0.4647  4.6567  3.8001  3.5767  3.5401  3.5661
 131  0.921701  3.8172  4.1535  0.4714  4.6407  3.7833  3.5599  3.5233  3.5493
 132  0.922798  3.8172  4.1470  0.4781  4.6247  3.7666  3.5430  3.5064  3.5323
 133  0.923889  3.8170  4.1403  0.4849  4.6086  3.7497  3.5260  3.4893  3.5151
 134  0.924973  3.8169  4.1335  0.4916  4.5927  3.7328  3.5089  3.4720  3.4975
 135  0.926050  3.8167  4.1265  0.4985  4.5767  3.7159  3.4917  3.4546  3.4799
 136  0.927121  3.8165  4.1194  0.5053  4.5608  3.6990  3.4742  3.4369  3.4621
 137  0.928183  3.8163  4.1121  0.5122  4.5447  3.6820  3.4567  3.4191  3.4441
 138  0.929238  3.8161  4.1046  0.5191  4.5289  3.6650  3.4390  3.4011  3.4257
 139  0.930285  3.8158  4.0969  0.5261  4.5130  3.6480  3.4212  3.3829  3.4073
 140  0.931322  3.8154  4.0890  0.5331  4.4971  3.6310  3.4032  3.3646  3.3886
 141  0.932351  3.8150  4.0809  0.5402  4.4813  3.6139  3.3852  3.3459  3.3696
 142  0.933370  3.8146  4.0726  0.5473  4.4657  3.5969  3.3670  3.3271  3.3503
 143  0.934379  3.8142  4.0641  0.5545  4.4500  3.5800  3.3487  3.3082  3.3309
 144  0.935379  3.8136  4.0553  0.5616  4.4346  3.5630  3.3302  3.2889  3.3112
 145  0.936368  3.8131  4.0463  0.5688  4.4192  3.5462  3.3116  3.2695  3.2913
 146  0.937347  3.8124  4.0371  0.5760  4.4041  3.5294  3.2929  3.2498  3.2709
 147  0.938314  3.8117  4.0274  0.5833  4.3891  3.5127  3.2740  3.2300  3.2504
 148  0.939271  3.8110  4.0175  0.5905  4.3744  3.4961  3.2551  3.2098  3.2295
 149  0.940215  3.8102  4.0073  0.5978  4.3599  3.4797  3.2360  3.1894  3.2083
 150  0.941148  3.8092  3.9967  0.6051  4.3457  3.4634  3.2168  3.1688  3.1868
 151  0.942069  3.8082  3.9856  0.6126  4.3321  3.4474  3.1975  3.1479  3.1650
 152  0.942978  3.8071  3.9742  0.6199  4.3188  3.4317  3.1781  3.1268  3.1427
 153  0.943876  3.8058  3.9623  0.6272  4.3062  3.4160  3.1587  3.1056  3.1203
 154  0.944763  3.8045  3.9499  0.6346  4.2943  3.4008  3.1393  3.0840  3.0974
 155  0.945639  3.8029  3.9369  0.6419  4.2832  3.3859  3.1198  3.0623  3.0743
 156  0.946504  3.8012  3.9231  0.6492  4.2730  3.3716  3.1004  3.0403  3.0507
 157  0.947363  3.7994  3.9087  0.6565  4.2641  3.3579  3.0810  3.0182  3.0266
 158  0.948214  3.7973  3.8934  0.6638  4.2566  3.3452  3.0618  2.9957  3.0021
 159  0.949064  3.7949  3.8771  0.6709  4.2509  3.3334  3.0428  2.9731  2.9771
 160  0.949920  3.7922  3.8598  0.6779  4.2469  3.3230  3.0242  2.9504  2.9516
 161  0.950775  3.7888  3.8400  0.6844  4.2468  3.3158  3.0069  2.9279  2.9255
 162  0.951409  3.7845  3.8187  0.6890  4.2576  3.3167  2.9947  2.9091  2.9022
 163  0.952048  3.7801  3.7973  0.6929  4.2740  3.3202  2.9841  2.8917  2.8800
 164  0.952694  3.7754  3.7757  0.6961  4.2996  3.3264  2.9739  2.8743  2.8579
 165  0.953366  3.7713  3.7574  0.6986  4.3263  3.3327  2.9655  2.8598  2.8393
 166  0.954042  3.7672  3.7399  0.7000  4.3585  3.3425  2.9597  2.8479  2.8233
 167  0.954711  3.7629  3.7221  0.7005  4.3974  3.3563  2.9569  2.8381  2.8090
 168  0.955372  3.7581  3.7031  0.7008  4.4401  3.3725  2.9560  2.8298  2.7955
 169  0.956027  3.7532  3.6826  0.7022  4.4839  3.3874  2.9531  2.8194  2.7796
 170  0.956655  3.7486  3.6607  0.7058  4.5221  3.3962  2.9451  2.8041  2.7591
 171  0.957226  3.7447  3.6393  0.7120  4.5493  3.3965  2.9308  2.7837  2.7342
 172  0.957730  3.7416  3.6191  0.7199  4.5650  3.3897  2.9123  2.7604  2.7072
 173  0.958174  3.7391  3.6004  0.7290  4.5714  3.3776  2.8910  2.7352  2.6790
 174  0.958567  3.7372  3.5830  0.7387  4.5704  3.3618  2.8678  2.7088  2.6503
 175  0.958922  3.7356  3.5665  0.7488  4.5648  3.3438  2.8437  2.6821  2.6216
 176  0.959250  3.7342  3.5510  0.7592  4.5555  3.3240  2.8190  2.6551  2.5930
 177  0.959559  3.7331  3.5362  0.7695  4.5432  3.3031  2.7938  2.6282  2.5647
 178  0.959854  3.7321  3.5218  0.7800  4.5300  3.2816  2.7685  2.6012  2.5364
 179  0.960136  3.7311  3.5079  0.7906  4.5153  3.2594  2.7429  2.5743  2.5084
 180  0.960412  3.7303  3.4942  0.8011  4.4994  3.2368  2.7173  2.5472  2.4804
 181  0.960679  3.7296  3.4808  0.8116  4.4826  3.2139  2.6916  2.5204  2.4526
 182  0.961035  3.7287  3.4627  0.8262  4.4585  3.1821  2.6564  2.4837  2.4146
 183  0.961389  3.7279  3.4447  0.8409  4.4325  3.1491  2.6204  2.4462  2.3762
 184  0.961743  3.7271  3.4267  0.8560  4.4046  3.1150  2.5835  2.4081  2.3371
 185  0.962094  3.7264  3.4087  0.8713  4.3759  3.0804  2.5462  2.3696  2.2977
 186  0.962445  3.7257  3.3906  0.8867  4.3459  3.0449  2.5084  2.3307  2.2579
 187  0.962796  3.7250  3.3726  0.9024  4.3149  3.0089  2.4701  2.2914  2.2177
 188  0.963146  3.7244  3.3546  0.9181  4.2833  2.9725  2.4315  2.2518  2.1773
 189  0.963494  3.7238  3.3365  0.9341  4.2507  2.9354  2.3925  2.2118  2.1366
 190  0.963843  3.7233  3.3184  0.9502  4.2170  2.8977  2.3530  2.1714  2.0954
 191  0.964189  3.7227  3.3000  0.9666  4.1827  2.8594  2.3129  2.1304  2.0537
 192  0.964534  3.7222  3.2815  0.9831  4.1480  2.8206  2.2723  2.0890  2.0115
 193  0.964877  3.7217  3.2628  0.9999  4.1125  2.7811  2.2310  2.0469  1.9688
 194  0.965219  3.7212  3.2439  1.0169  4.0763  2.7411  2.1893  2.0042  1.9254
 195  0.965560  3.7207  3.2249  1.0342  4.0393  2.7005  2.1470  1.9611  1.8817
 196  0.965893  3.7202  3.2052  1.0519  4.0009  2.6584  2.1032  1.9166  1.8364
 197  0.966218  3.7197  3.1844  1.0707  3.9608  2.6143  2.0572  1.8697  1.7887
 198  0.966530  3.7191  3.1625  1.0906  3.9176  2.5672  2.0084  1.8200  1.7383
 199  0.966831  3.7185  3.1395  1.1113  3.8733  2.5184  1.9575  1.7682  1.6857
 200  0.967127  3.7179  3.1161  1.1325  3.8279  2.4686  1.9056  1.7152  1.6318
 201  0.967409  3.7172  3.0915  1.1545  3.7814  2.4171  1.8517  1.6602  1.5759
 202  0.967687  3.7165  3.0665  1.1768  3.7345  2.3649  1.7971  1.6044  1.5190
 203  0.967957  3.7159  3.0414  1.1997  3.6848  2.3110  1.7411  1.5473  1.4611
 204  0.968218  3.7152  3.0152  1.2229  3.6349  2.2565  1.6842  1.4891  1.4018
 205  0.968471  3.7144  2.9886  1.2466  3.5848  2.2014  1.6264  1.4298  1.3415
 206  0.968717  3.7136  2.9612  1.2708  3.5348  2.1458  1.5675  1.3696  1.2800
 207  0.968955  3.7127  2.9332  1.2953  3.4843  2.0894  1.5078  1.3082  1.2173
 208  0.969185  3.7118  2.9046  1.3202  3.4339  2.0324  1.4474  1.2461  1.1538
 209  0.969409  3.7107  2.8750  1.3453  3.3851  1.9758  1.3866  1.1832  1.0893
 210  0.969623  3.7098  2.8463  1.3709  3.3317  1.9167  1.3242  1.1194  1.0242
 211  0.969829  3.7088  2.8164  1.3968  3.2801  1.8578  1.2614  1.0548  0.9581
 212  0.970027  3.7077  2.7861  1.4230  3.2289  1.7987  1.1982  0.9896  0.8913
 213  0.970219  3.7066  2.7552  1.4494  3.1779  1.7393  1.1344  0.9237  0.8237
 214  0.970402  3.7055  2.7244  1.4760  3.1262  1.6791  1.0699  0.8572  0.7556
 215  0.970579  3.7041  2.6919  1.5029  3.0790  1.6205  1.0057  0.7903  0.6866
 216  0.970748  3.7030  2.6604  1.5300  3.0268  1.5594  0.9401  0.7227  0.6174
 217  0.970775  3.7028  2.6551  1.5346  3.0184  1.5492  0.9292  0.7114  0.6057
 218  0.970803  3.7026  2.6497  1.5391  3.0101  1.5391  0.9182  0.7001  0.5942
 219  0.970830  3.7024  2.6443  1.5437  3.0016  1.5290  0.9072  0.6887  0.5825
 220  0.970857  3.7022  2.6389  1.5483  2.9933  1.5188  0.8962  0.6772  0.5707
 221  0.970884  3.7020  2.6335  1.5529  2.9849  1.5086  0.8851  0.6657  0.5589
 222  0.970911  3.7017  2.6278  1.5575  2.9776  1.4988  0.8742  0.6543  0.5471
 223  0.970938  3.7015  2.6223  1.5622  2.9690  1.4885  0.8630  0.6427  0.5352
 224  0.970964  3.7013  2.6168  1.5669  2.9604  1.4779  0.8516  0.6311  0.5232
 225  0.970991  3.7010  2.6113  1.5716  2.9519  1.4676  0.8405  0.6194  0.5112
 226  0.971017  3.7008  2.6057  1.5763  2.9434  1.4571  0.8292  0.6077  0.4992
 227  0.971262  3.6987  2.5516  1.6220  2.8641  1.3563  0.7194  0.4938  0.3823
 228  0.971485  3.6965  2.4976  1.6673  2.7923  1.2570  0.6104  0.3808  0.2662
 229  0.971693  3.6941  2.4427  1.7129  2.7255  1.1591  0.5018  0.2676  0.1498
 230  0.971880  3.6917  2.3886  1.7574  2.6637  1.0641  0.3958  0.1569  0.0356
 231  0.972053  3.6893  2.3348  1.8015  2.6060  0.9711  0.2911  0.0473 -0.0774
 232  0.972212  3.6869  2.2829  1.8438  2.5527  0.8824  0.1907 -0.0580 -0.1860
 233  0.972358  3.6846  2.2345  1.8834  2.5050  0.8002  0.0973 -0.1561 -0.2873
 234  0.972491  3.6828  2.1953  1.9154  2.4667  0.7339  0.0217 -0.2354 -0.3693
 235  0.972618  3.6823  2.1798  1.9287  2.4461  0.7047 -0.0104 -0.2687 -0.4033
 236  0.972753  3.6844  2.2207  1.8962  2.4794  0.7704  0.0659 -0.1881 -0.3197
 237  0.972906  3.6839  2.1987  1.9162  2.4411  0.7240  0.0168 -0.2381 -0.3706
 238  0.973056  3.6804  2.1301  1.9711  2.3820  0.6133 -0.1115 -0.3739 -0.5114
 239  0.973187  3.6774  2.0674  2.0219  2.3214  0.5103 -0.2296 -0.4985 -0.6408
 240  0.973305  3.6745  2.0066  2.0709  2.2646  0.4117 -0.3432 -0.6187 -0.7655
 241  0.973411  3.6715  1.9467  2.1188  2.2136  0.3172 -0.4532 -0.7353 -0.8870
 242  0.973506  3.6686  1.8895  2.1645  2.1687  0.2286 -0.5572 -0.8460 -1.0024
 243  0.973591  3.6657  1.8333  2.2092  2.1275  0.1429 -0.6584 -0.9539 -1.1151
 244  0.973669  3.6627  1.7769  2.2539  2.0892  0.0580 -0.7593 -1.0619 -1.2280
 245  0.973738  3.6599  1.7222  2.2973  2.0559 -0.0230 -0.8564 -1.1659 -1.3370
 246  0.973802  3.6571  1.6682  2.3400  2.0254 -0.1019 -0.9515 -1.2680 -1.4440
 247  0.973860  3.6542  1.6153  2.3817  1.9987 -0.1777 -1.0437 -1.3673 -1.5483
 248  0.973912  3.6515  1.5632  2.4228  1.9746 -0.2515 -1.1338 -1.4646 -1.6507
 249  0.973960  3.6487  1.5123  2.4626  1.9542 -0.3219 -1.2209 -1.5588 -1.7500
 250  0.974004  3.6460  1.4620  2.5018  1.9391 -0.3890 -1.3051 -1.6505 -1.8469
 251  0.974043  3.6432  1.4127  2.5398  1.9279 -0.4529 -1.3865 -1.7395 -1.9410
 252  0.974080  3.6404  1.3643  2.5771  1.9199 -0.5143 -1.4658 -1.8264 -2.0332
 253  0.974114  3.6376  1.3164  2.6138  1.9151 -0.5732 -1.5430 -1.9115 -2.1235
 254  0.974145  3.6348  1.2694  2.6496  1.9133 -0.6294 -1.6179 -1.9942 -2.2117
 255  0.974173  3.6321  1.2235  2.6847  1.9137 -0.6833 -1.6902 -2.0747 -2.2975
 256  0.974200  3.6294  1.1785  2.7190  1.9168 -0.7346 -1.7602 -2.1528 -2.3811
 257  0.974225  3.6267  1.1345  2.7524  1.9223 -0.7834 -1.8276 -2.2287 -2.4625
 258  0.974247  3.6241  1.0913  2.7851  1.9300 -0.8298 -1.8930 -2.3023 -2.5418
 259  0.974268  3.6215  1.0490  2.8171  1.9399 -0.8742 -1.9568 -2.3744 -2.6194
 260  0.974288  3.6190  1.0075  2.8485  1.9522 -0.9161 -2.0182 -2.4443 -2.6948
 261  0.974306  3.6164  0.9669  2.8789  1.9677 -0.9551 -2.0769 -2.5117 -2.7679
 262  0.974323  3.6139  0.9267  2.9091  1.9849 -0.9922 -2.1340 -2.5776 -2.8399
 263  0.974339  3.6114  0.8873  2.9385  2.0031 -1.0274 -2.1890 -2.6418 -2.9101
 264  0.974354  3.6090  0.8491  2.9671  2.0216 -1.0608 -2.2419 -2.7039 -2.9782
 265  0.974368  3.6066  0.8113  2.9952  2.0412 -1.0926 -2.2931 -2.7646 -3.0452
 266  0.974381  3.6042  0.7743  3.0228  2.0614 -1.1226 -2.3424 -2.8236 -3.1104
 267  0.974393  3.6019  0.7379  3.0498  2.0822 -1.1512 -2.3905 -2.8811 -3.1744
 268  0.974404  3.5996  0.7026  3.0762  2.1037 -1.1782 -2.4372 -2.9370 -3.2365
 269  0.974415  3.5974  0.6677  3.1021  2.1255 -1.2038 -2.4825 -2.9917 -3.2977
 270  0.974425  3.5952  0.6339  3.1273  2.1474 -1.2276 -2.5253 -3.0444 -3.3569
 271  0.974435  3.5931  0.6005  3.1521  2.1698 -1.2498 -2.5664 -3.0959 -3.4152
 272  0.974444  3.5910  0.5678  3.1763  2.1920 -1.2704 -2.6055 -3.1457 -3.4720
 273  0.974453  3.5889  0.5360  3.2000  2.2139 -1.2897 -2.6426 -3.1940 -3.5274
 274  0.974461  3.5869  0.5047  3.2232  2.2352 -1.3078 -2.6781 -3.2411 -3.5819
 275  0.974469  3.5849  0.4742  3.2457  2.2605 -1.3220 -2.7101 -3.2858 -3.6347
 276  0.974476  3.5829  0.4443  3.2678  2.2844 -1.3352 -2.7404 -3.3295 -3.6865
 277  0.974483  3.5809  0.4146  3.2893  2.3111 -1.3448 -2.7671 -3.3707 -3.7365
 278  0.974490  3.5789  0.3859  3.3098  2.3382 -1.3525 -2.7918 -3.4095 -3.7846
 279  0.974490  3.5773  0.3612  3.3278  2.3580 -1.3608 -2.8140 -3.4440 -3.8269
