#NUMBER OF AGES= 1
#----------------------------------------------------       
#MIX-LEN  Y      Z          Zeff        [Fe/H] [a/Fe]
# 1.9380  0.2488 2.3381E-03 1.7027E-03  -1.00   0.20 
#----------------------------------------------------       
#**PHOTOMETRIC SYSTEM**: SDSS (AB)                          
#----------------------------------------------------       
#AGE= 8.000 EEPS=269
#EEP   M/Mo    LogTeff  LogG   LogL/Lo sdss_u  sdss_g  sdss_r  sdss_i  sdss_z
  11  0.115409  3.5229  5.2920 -2.7468 17.7027 14.2971 12.6652 11.6912 11.1424
  12  0.130304  3.5261  5.2314 -2.6206 17.2409 13.9181 12.3036 11.3636 10.8285
  13  0.149875  3.5308  5.1714 -2.4814 16.7160 13.4870 11.8945 10.9980 10.4824
  14  0.174616  3.5385  5.1253 -2.3378 16.1211 13.0043 11.4424 10.6097 10.1263
  15  0.196784  3.5455  5.0950 -2.2277 15.6583 12.6253 11.0903 10.3090  9.8533
  16  0.213776  3.5499  5.0720 -2.1513 15.3568 12.3726 10.8549 10.1036  9.6645
  17  0.228418  3.5532  5.0534 -2.0906 15.1229 12.1741 10.6700  9.9409  9.5146
  18  0.242210  3.5561  5.0373 -2.0374 14.9221 12.0022 10.5097  9.7988  9.3833
  19  0.256748  3.5588  5.0217 -1.9855 14.7301 11.8361 10.3549  9.6609  9.2554
  20  0.273693  3.5617  5.0059 -1.9305 14.5300 11.6616 10.1921  9.5151  9.1200
  21  0.289127  3.5641  4.9918 -1.8828 14.3594 11.5115 10.0522  9.3892  9.0027
  22  0.300775  3.5659  4.9806 -1.8473 14.2335 11.4002  9.9486  9.2956  8.9155
  23  0.308766  3.5671  4.9727 -1.8234 14.1494 11.3256  9.8791  9.2325  8.8566
  24  0.314741  3.5679  4.9670 -1.8058 14.0883 11.2713  9.8285  9.1866  8.8135
  25  0.319412  3.5686  4.9629 -1.7926 14.0418 11.2299  9.7900  9.1517  8.7811
  26  0.323281  3.5692  4.9594 -1.7815 14.0029 11.1953  9.7580  9.1227  8.7540
  27  0.326952  3.5697  4.9560 -1.7711 13.9662 11.1627  9.7277  9.0953  8.7284
  28  0.331293  3.5704  4.9526 -1.7594 13.9241 11.1255  9.6933  9.0643  8.6996
  29  0.336973  3.5713  4.9485 -1.7445 13.8706 11.0782  9.6495  9.0250  8.6633
  30  0.344441  3.5725  4.9429 -1.7245 13.7986 11.0146  9.5909  8.9724  8.6145
  31  0.363013  3.5758  4.9261 -1.6717 13.6042 10.8435  9.4345  8.8325  8.4856
  32  0.405481  3.5855  4.8773 -1.5360 13.0883 10.3936  9.0297  8.4732  8.1563
  33  0.422778  3.5902  4.8555 -1.4776 12.8586 10.1954  8.8551  8.3185  8.0145
  34  0.436332  3.5942  4.8375 -1.4295 12.6668 10.0305  8.7117  8.1916  7.8984
  35  0.450256  3.5988  4.8191 -1.3792 12.4616  9.8544  8.5605  8.0584  7.7768
  36  0.465627  3.6046  4.7991 -1.3217 12.2226  9.6495  8.3875  7.9066  7.6385
  37  0.480429  3.6107  4.7804 -1.2649 11.9825  9.4429  8.2166  7.7568  7.5020
  38  0.492882  3.6163  4.7657 -1.2164 11.7735  9.2631  8.0708  7.6296  7.3863
  39  0.502978  3.6212  4.7547 -1.1772 11.6008  9.1145  7.9521  7.5265  7.2928
  40  0.511219  3.6254  4.7465 -1.1449 11.4557  8.9888  7.8531  7.4414  7.2161
  41  0.518556  3.6295  4.7397 -1.1155 11.3225  8.8726  7.7624  7.3642  7.1471
  42  0.525882  3.6337  4.7334 -1.0860 11.1847  8.7535  7.6705  7.2864  7.0777
  43  0.533888  3.6386  4.7271 -1.0537 11.0289  8.6212  7.5697  7.2013  7.0020
  44  0.543373  3.6446  4.7205 -1.0157 10.8366  8.4633  7.4506  7.1010  6.9131
  45  0.554823  3.6519  4.7133 -0.9700 10.5852  8.2704  7.3074  6.9801  6.8058
  46  0.567415  3.6606  4.7069 -0.9194 10.2852  8.0534  7.1489  6.8459  6.6867
  47  0.580526  3.6698  4.7011 -0.8667  9.9573  7.8300  6.9862  6.7060  6.5617
  48  0.593651  3.6789  4.6952 -0.8145  9.6239  7.6153  6.8289  6.5686  6.4378
  49  0.606505  3.6874  4.6883 -0.7645  9.2926  7.4169  6.6824  6.4391  6.3202
  50  0.618959  3.6954  4.6812 -0.7164  8.9791  7.2340  6.5452  6.3169  6.2086
  51  0.630878  3.7030  4.6739 -0.6710  8.7156  7.0684  6.4167  6.2017  6.1034
  52  0.636342  3.7063  4.6704 -0.6502  8.6092  6.9957  6.3585  6.1493  6.0556
  53  0.641781  3.7096  4.6667 -0.6297  8.5074  6.9249  6.3012  6.0976  6.0084
  54  0.647201  3.7128  4.6628 -0.6093  8.4088  6.8558  6.2449  6.0468  5.9617
  55  0.652590  3.7160  4.6589 -0.5891  8.3122  6.7882  6.1895  5.9966  5.9158
  56  0.657929  3.7191  4.6548 -0.5691  8.2107  6.7216  6.1354  5.9475  5.8706
  57  0.663229  3.7222  4.6508 -0.5493  8.1097  6.6563  6.0826  5.8993  5.8262
  58  0.668493  3.7251  4.6466 -0.5297  8.0102  6.5922  6.0305  5.8518  5.7823
  59  0.673725  3.7281  4.6422 -0.5102  7.9128  6.5295  5.9793  5.8051  5.7391
  60  0.678917  3.7309  4.6377 -0.4910  7.8176  6.4680  5.9290  5.7591  5.6964
  61  0.684072  3.7336  4.6331 -0.4719  7.7255  6.4075  5.8796  5.7138  5.6545
  62  0.689177  3.7363  4.6282 -0.4531  7.6372  6.3482  5.8310  5.6693  5.6131
  63  0.694243  3.7390  4.6233 -0.4344  7.5515  6.2900  5.7831  5.6255  5.5723
  64  0.699257  3.7415  4.6182 -0.4159  7.4684  6.2330  5.7361  5.5823  5.5321
  65  0.704204  3.7440  4.6129 -0.3977  7.3882  6.1773  5.6898  5.5398  5.4925
  66  0.709091  3.7464  4.6076 -0.3797  7.3106  6.1226  5.6446  5.4982  5.4535
  67  0.713901  3.7487  4.6021 -0.3620  7.2357  6.0693  5.6000  5.4572  5.4151
  68  0.718637  3.7510  4.5965 -0.3445  7.1637  6.0172  5.5564  5.4169  5.3773
  69  0.723302  3.7532  4.5909 -0.3274  7.0939  5.9660  5.5134  5.3772  5.3400
  70  0.727897  3.7553  4.5851 -0.3105  7.0263  5.9161  5.4712  5.3381  5.3033
  71  0.732427  3.7573  4.5792 -0.2938  6.9608  5.8671  5.4298  5.2996  5.2671
  72  0.736887  3.7593  4.5732 -0.2773  6.8972  5.8191  5.3891  5.2618  5.2314
  73  0.741286  3.7612  4.5671 -0.2609  6.8351  5.7719  5.3489  5.2245  5.1961
  74  0.745619  3.7630  4.5609 -0.2448  6.7747  5.7256  5.3095  5.1877  5.1613
  75  0.749901  3.7648  4.5547 -0.2289  6.7150  5.6802  5.2706  5.1515  5.1270
  76  0.754117  3.7665  4.5483 -0.2132  6.6566  5.6355  5.2324  5.1157  5.0928
  77  0.758277  3.7682  4.5417 -0.1976  6.5996  5.5914  5.1946  5.0803  5.0591
  78  0.762372  3.7698  4.5351 -0.1821  6.5439  5.5480  5.1573  5.0453  5.0257
  79  0.766400  3.7714  4.5283 -0.1669  6.4899  5.5054  5.1205  5.0107  4.9926
  80  0.770362  3.7730  4.5215 -0.1519  6.4373  5.4634  5.0841  4.9765  4.9600
  81  0.774259  3.7744  4.5148 -0.1371  6.3859  5.4221  5.0483  4.9429  4.9278
  82  0.778985  3.7762  4.5064 -0.1190  6.3246  5.3720  5.0047  4.9019  4.8885
  83  0.783636  3.7779  4.4981 -0.1012  6.2647  5.3226  4.9617  4.8614  4.8497
  84  0.788211  3.7796  4.4899 -0.0836  6.2073  5.2738  4.9190  4.8213  4.8115
  85  0.792710  3.7812  4.4817 -0.0664  6.1516  5.2256  4.8768  4.7817  4.7736
  86  0.797138  3.7829  4.4736 -0.0493  6.0975  5.1781  4.8351  4.7428  4.7363
  87  0.801497  3.7845  4.4657 -0.0325  6.0447  5.1313  4.7941  4.7043  4.6996
  88  0.805794  3.7861  4.4578 -0.0160  5.9930  5.0852  4.7536  4.6664  4.6634
  89  0.810034  3.7876  4.4500  0.0005  5.9424  5.0396  4.7135  4.6289  4.6276
  90  0.814214  3.7892  4.4423  0.0167  5.8926  4.9946  4.6740  4.5919  4.5922
  91  0.818332  3.7908  4.4345  0.0328  5.8438  4.9501  4.6347  4.5551  4.5570
  92  0.822385  3.7923  4.4268  0.0488  5.7956  4.9060  4.5958  4.5186  4.5220
  93  0.826367  3.7938  4.4189  0.0646  5.7478  4.8625  4.5572  4.4824  4.4873
  94  0.830276  3.7952  4.4110  0.0803  5.7006  4.8197  4.5192  4.4465  4.4528
  95  0.834103  3.7966  4.4029  0.0959  5.6542  4.7772  4.4814  4.4107  4.4184
  96  0.837847  3.7979  4.3947  0.1113  5.6086  4.7353  4.4438  4.3753  4.3841
  97  0.841500  3.7992  4.3864  0.1267  5.5638  4.6939  4.4067  4.3401  4.3501
  98  0.845063  3.8004  4.3779  0.1418  5.5199  4.6530  4.3699  4.3050  4.3163
  99  0.848530  3.8015  4.3694  0.1568  5.4768  4.6127  4.3334  4.2703  4.2827
 100  0.851900  3.8026  4.3607  0.1717  5.4346  4.5729  4.2973  4.2359  4.2492
 101  0.855177  3.8037  4.3519  0.1863  5.3935  4.5339  4.2617  4.2019  4.2162
 102  0.858368  3.8047  4.3431  0.2007  5.3531  4.4953  4.2264  4.1682  4.1835
 103  0.861479  3.8056  4.3343  0.2149  5.3135  4.4574  4.1917  4.1350  4.1511
 104  0.864520  3.8065  4.3253  0.2290  5.2748  4.4199  4.1573  4.1020  4.1189
 105  0.867502  3.8074  4.3164  0.2429  5.2369  4.3831  4.1234  4.0694  4.0871
 106  0.870427  3.8082  4.3073  0.2566  5.1998  4.3466  4.0897  4.0372  4.0556
 107  0.873310  3.8090  4.2983  0.2702  5.1633  4.3107  4.0565  4.0051  4.0242
 108  0.876147  3.8096  4.2891  0.2836  5.1275  4.2754  4.0236  3.9734  3.9931
 109  0.878941  3.8103  4.2798  0.2968  5.0925  4.2404  3.9910  3.9419  3.9621
 110  0.881666  3.8109  4.2704  0.3100  5.0581  4.2060  3.9588  3.9107  3.9315
 111  0.884272  3.8115  4.2612  0.3228  5.0239  4.1720  3.9269  3.8799  3.9012
 112  0.885373  3.8118  4.2573  0.3284  5.0093  4.1574  3.9133  3.8667  3.8882
 113  0.886476  3.8120  4.2532  0.3340  4.9946  4.1426  3.8995  3.8534  3.8751
 114  0.887580  3.8124  4.2491  0.3396  4.9798  4.1277  3.8855  3.8398  3.8618
 115  0.888684  3.8126  4.2448  0.3455  4.9648  4.1126  3.8713  3.8261  3.8482
 116  0.889788  3.8128  4.2404  0.3513  4.9498  4.0974  3.8569  3.8120  3.8344
 117  0.890892  3.8130  4.2358  0.3572  4.9347  4.0821  3.8423  3.7978  3.8203
 118  0.891995  3.8132  4.2312  0.3631  4.9195  4.0667  3.8276  3.7834  3.8060
 119  0.893097  3.8134  4.2264  0.3691  4.9042  4.0511  3.8127  3.7689  3.7916
 120  0.894200  3.8135  4.2214  0.3752  4.8888  4.0353  3.7976  3.7541  3.7769
 121  0.895302  3.8137  4.2164  0.3813  4.8733  4.0194  3.7824  3.7392  3.7621
 122  0.896402  3.8138  4.2113  0.3875  4.8577  4.0035  3.7669  3.7240  3.7471
 123  0.897502  3.8139  4.2060  0.3938  4.8420  3.9874  3.7513  3.7087  3.7318
 124  0.898598  3.8140  4.2006  0.4001  4.8261  3.9711  3.7356  3.6931  3.7164
 125  0.899689  3.8141  4.1952  0.4065  4.8101  3.9546  3.7196  3.6774  3.7007
 126  0.900778  3.8142  4.1896  0.4129  4.7942  3.9382  3.7036  3.6615  3.6848
 127  0.901865  3.8142  4.1839  0.4194  4.7782  3.9217  3.6873  3.6455  3.6689
 128  0.902947  3.8143  4.1781  0.4259  4.7622  3.9050  3.6710  3.6293  3.6527
 129  0.904024  3.8143  4.1721  0.4326  4.7461  3.8883  3.6546  3.6129  3.6364
 130  0.905096  3.8143  4.1660  0.4392  4.7301  3.8716  3.6380  3.5964  3.6198
 131  0.906163  3.8143  4.1598  0.4458  4.7139  3.8548  3.6213  3.5797  3.6030
 132  0.907222  3.8142  4.1533  0.4525  4.6979  3.8379  3.6043  3.5628  3.5860
 133  0.908273  3.8141  4.1467  0.4593  4.6819  3.8211  3.5873  3.5458  3.5688
 134  0.909318  3.8140  4.1399  0.4661  4.6659  3.8042  3.5702  3.5284  3.5514
 135  0.910355  3.8138  4.1329  0.4729  4.6498  3.7873  3.5530  3.5110  3.5337
 136  0.911384  3.8136  4.1257  0.4797  4.6338  3.7702  3.5355  3.4933  3.5159
 137  0.912404  3.8134  4.1184  0.4867  4.6179  3.7533  3.5179  3.4755  3.4978
 138  0.913414  3.8132  4.1109  0.4936  4.6020  3.7363  3.5003  3.4574  3.4796
 139  0.914416  3.8129  4.1032  0.5006  4.5860  3.7192  3.4825  3.4392  3.4610
 140  0.915407  3.8125  4.0953  0.5077  4.5703  3.7022  3.4645  3.4209  3.4423
 141  0.916390  3.8122  4.0872  0.5147  4.5546  3.6853  3.4464  3.4023  3.4233
 142  0.917360  3.8117  4.0789  0.5218  4.5389  3.6683  3.4282  3.3834  3.4041
 143  0.918319  3.8113  4.0704  0.5290  4.5235  3.6514  3.4098  3.3644  3.3846
 144  0.919269  3.8107  4.0615  0.5361  4.5081  3.6345  3.3914  3.3452  3.3649
 145  0.920206  3.8102  4.0524  0.5433  4.4929  3.6177  3.3729  3.3258  3.3449
 146  0.921131  3.8095  4.0431  0.5505  4.4779  3.6010  3.3542  3.3061  3.3246
 147  0.922044  3.8088  4.0335  0.5577  4.4632  3.5844  3.3354  3.2863  3.3041
 148  0.922945  3.8080  4.0236  0.5650  4.4487  3.5679  3.3165  3.2663  3.2833
 149  0.923832  3.8072  4.0133  0.5723  4.4345  3.5516  3.2975  3.2459  3.2622
 150  0.924708  3.8063  4.0026  0.5796  4.4208  3.5355  3.2784  3.2255  3.2407
 151  0.925570  3.8052  3.9916  0.5869  4.4075  3.5194  3.2593  3.2049  3.2191
 152  0.926421  3.8041  3.9802  0.5942  4.3947  3.5037  3.2402  3.1840  3.1971
 153  0.927259  3.8028  3.9683  0.6015  4.3825  3.4882  3.2209  3.1629  3.1749
 154  0.928086  3.8015  3.9558  0.6088  4.3710  3.4731  3.2017  3.1416  3.1524
 155  0.928900  3.7999  3.9427  0.6161  4.3605  3.4586  3.1825  3.1202  3.1293
 156  0.929705  3.7983  3.9291  0.6234  4.3507  3.4445  3.1633  3.0984  3.1060
 157  0.930502  3.7963  3.9145  0.6306  4.3427  3.4313  3.1442  3.0765  3.0820
 158  0.931286  3.7939  3.8984  0.6376  4.3374  3.4198  3.1255  3.0541  3.0572
 159  0.932062  3.7912  3.8809  0.6445  4.3339  3.4100  3.1074  3.0318  3.0321
 160  0.932840  3.7880  3.8620  0.6511  4.3329  3.4020  3.0899  3.0096  3.0065
 161  0.933622  3.7843  3.8412  0.6574  4.3370  3.3969  3.0735  2.9873  2.9803
 162  0.934219  3.7803  3.8214  0.6619  4.3487  3.3973  3.0614  2.9693  2.9580
 163  0.934821  3.7762  3.8011  0.6658  4.3684  3.4002  3.0502  2.9517  2.9362
 164  0.935429  3.7718  3.7806  0.6690  4.3959  3.4058  3.0398  2.9347  2.9147
 165  0.936059  3.7679  3.7627  0.6715  4.4240  3.4121  3.0313  2.9202  2.8963
 166  0.936695  3.7638  3.7451  0.6732  4.4564  3.4213  3.0253  2.9080  2.8800
 167  0.937323  3.7595  3.7267  0.6744  4.4931  3.4338  3.0218  2.8978  2.8649
 168  0.937943  3.7548  3.7068  0.6759  4.5339  3.4472  3.0183  2.8870  2.8490
 169  0.938556  3.7501  3.6854  0.6789  4.5735  3.4576  3.0117  2.8731  2.8298
 170  0.939137  3.7458  3.6628  0.6845  4.6060  3.4609  2.9990  2.8537  2.8054
 171  0.939647  3.7423  3.6412  0.6925  4.6254  3.4553  2.9805  2.8296  2.7773
 172  0.940083  3.7397  3.6211  0.7019  4.6334  3.4432  2.9582  2.8031  2.7476
 173  0.940466  3.7375  3.6027  0.7120  4.6337  3.4272  2.9342  2.7757  2.7176
 174  0.940814  3.7357  3.5852  0.7225  4.6287  3.4087  2.9091  2.7478  2.6876
 175  0.941137  3.7343  3.5688  0.7332  4.6203  3.3887  2.8835  2.7198  2.6577
 176  0.941442  3.7330  3.5530  0.7441  4.6085  3.3672  2.8573  2.6915  2.6280
 177  0.941731  3.7319  3.5379  0.7551  4.5944  3.3444  2.8306  2.6631  2.5983
 178  0.942009  3.7309  3.5231  0.7661  4.5797  3.3215  2.8039  2.6348  2.5688
 179  0.942278  3.7301  3.5088  0.7772  4.5627  3.2975  2.7769  2.6064  2.5393
 180  0.942539  3.7294  3.4946  0.7884  4.5450  3.2734  2.7497  2.5780  2.5100
 181  0.942794  3.7287  3.4808  0.7996  4.5262  3.2488  2.7225  2.5497  2.4807
 182  0.943119  3.7278  3.4628  0.8142  4.5009  3.2163  2.6870  2.5127  2.4426
 183  0.943442  3.7270  3.4449  0.8291  4.4739  3.1827  2.6506  2.4750  2.4041
 184  0.943765  3.7263  3.4271  0.8442  4.4452  3.1484  2.6136  2.4369  2.3650
 185  0.944087  3.7255  3.4092  0.8596  4.4156  3.1133  2.5761  2.3982  2.3254
 186  0.944408  3.7249  3.3911  0.8751  4.3850  3.0775  2.5381  2.3592  2.2856
 187  0.944728  3.7243  3.3732  0.8908  4.3534  3.0413  2.4997  2.3198  2.2453
 188  0.945049  3.7237  3.3552  0.9066  4.3214  3.0046  2.4610  2.2802  2.2049
 189  0.945367  3.7232  3.3372  0.9226  4.2882  2.9674  2.4219  2.2401  2.1641
 190  0.945686  3.7227  3.3192  0.9387  4.2541  2.9294  2.3822  2.1998  2.1230
 191  0.946004  3.7222  3.3009  0.9551  4.2195  2.8909  2.3420  2.1586  2.0812
 192  0.946321  3.7216  3.2824  0.9717  4.1845  2.8521  2.3014  2.1171  2.0390
 193  0.946635  3.7211  3.2636  0.9886  4.1487  2.8124  2.2600  2.0749  1.9960
 194  0.946949  3.7207  3.2447  1.0056  4.1121  2.7721  2.2181  2.0322  1.9527
 195  0.947261  3.7202  3.2255  1.0230  4.0746  2.7312  2.1755  1.9888  1.9087
 196  0.947566  3.7197  3.2057  1.0411  4.0353  2.6883  2.1310  1.9435  1.8627
 197  0.947862  3.7191  3.1845  1.0601  3.9946  2.6435  2.0844  1.8959  1.8143
 198  0.948147  3.7186  3.1624  1.0802  3.9508  2.5959  2.0350  1.8456  1.7633
 199  0.948423  3.7180  3.1393  1.1011  3.9059  2.5467  1.9837  1.7933  1.7101
 200  0.948692  3.7174  3.1155  1.1225  3.8600  2.4962  1.9312  1.7398  1.6557
 201  0.948952  3.7167  3.0908  1.1447  3.8129  2.4442  1.8768  1.6843  1.5993
 202  0.949207  3.7161  3.0656  1.1674  3.7646  2.3911  1.8215  1.6278  1.5418
 203  0.949453  3.7154  3.0400  1.1904  3.7145  2.3369  1.7651  1.5703  1.4833
 204  0.949694  3.7146  3.0137  1.2140  3.6641  2.2820  1.7075  1.5115  1.4235
 205  0.949926  3.7139  2.9867  1.2379  3.6136  2.2263  1.6491  1.4517  1.3624
 206  0.950153  3.7130  2.9590  1.2622  3.5632  2.1702  1.5898  1.3908  1.3003
 207  0.950370  3.7121  2.9307  1.2871  3.5121  2.1130  1.5294  1.3288  1.2370
 208  0.950581  3.7112  2.9018  1.3123  3.4611  2.0556  1.4683  1.2660  1.1728
 209  0.950787  3.7100  2.8717  1.3376  3.4126  1.9988  1.4070  1.2026  1.1076
 210  0.950982  3.7093  2.8429  1.3635  3.3578  1.9386  1.3438  1.1380  1.0420
 211  0.951172  3.7082  2.8127  1.3896  3.3060  1.8792  1.2805  1.0728  0.9752
 212  0.951355  3.7071  2.7821  1.4160  3.2543  1.8194  1.2165  1.0068  0.9076
 213  0.951530  3.7060  2.7509  1.4427  3.2027  1.7594  1.1521  0.9402  0.8394
 214  0.951699  3.7049  2.7195  1.4698  3.1510  1.6987  1.0869  0.8730  0.7705
 215  0.951860  3.7034  2.6865  1.4969  3.1039  1.6397  1.0221  0.8055  0.7007
 216  0.952014  3.7024  2.6555  1.5244  3.0491  1.5770  0.9555  0.7371  0.6309
 217  0.952039  3.7022  2.6501  1.5289  3.0407  1.5668  0.9445  0.7257  0.6193
 218  0.952064  3.7020  2.6447  1.5335  3.0324  1.5567  0.9335  0.7143  0.6077
 219  0.952089  3.7018  2.6393  1.5381  3.0241  1.5465  0.9225  0.7030  0.5960
 220  0.952113  3.7016  2.6339  1.5427  3.0156  1.5364  0.9115  0.6915  0.5842
 221  0.952138  3.7014  2.6283  1.5473  3.0079  1.5264  0.9005  0.6801  0.5724
 222  0.952162  3.7010  2.6222  1.5519  3.0024  1.5174  0.8900  0.6688  0.5606
 223  0.952187  3.7007  2.6164  1.5564  2.9952  1.5076  0.8790  0.6573  0.5486
 224  0.952211  3.7005  2.6109  1.5611  2.9866  1.4970  0.8676  0.6456  0.5365
 225  0.952236  3.7003  2.6054  1.5658  2.9782  1.4867  0.8564  0.6340  0.5247
 226  0.952259  3.7000  2.5999  1.5705  2.9698  1.4763  0.8452  0.6223  0.5126
 227  0.952477  3.6980  2.5468  1.6154  2.8945  1.3776  0.7374  0.5106  0.3980
 228  0.952680  3.6957  2.4926  1.6608  2.8235  1.2784  0.6285  0.3973  0.2818
 229  0.952870  3.6933  2.4376  1.7063  2.7574  1.1806  0.5199  0.2843  0.1653
 230  0.953043  3.6909  2.3826  1.7516  2.6951  1.0842  0.4120  0.1715  0.0491
 231  0.953202  3.6885  2.3283  1.7961  2.6373  0.9903  0.3064  0.0609 -0.0649
 232  0.953342  3.6861  2.2782  1.8371  2.5859  0.9045  0.2092 -0.0409 -0.1700
 233  0.953477  3.6839  2.2305  1.8760  2.5389  0.8238  0.1175 -0.1372 -0.2694
 234  0.953599  3.6823  2.1956  1.9046  2.5039  0.7643  0.0499 -0.2082 -0.3428
 235  0.953718  3.6824  2.1918  1.9086  2.4933  0.7542  0.0397 -0.2183 -0.3528
 236  0.953847  3.6851  2.2397  1.8713  2.5260  0.8275  0.1264 -0.1261 -0.2569
 237  0.953995  3.6825  2.1829  1.9179  2.4692  0.7307  0.0164 -0.2416 -0.3761
 238  0.954127  3.6794  2.1184  1.9701  2.4069  0.6240 -0.1057 -0.3703 -0.5095
 239  0.954245  3.6764  2.0564  2.0202  2.3471  0.5223 -0.2225 -0.4936 -0.6373
 240  0.954350  3.6735  1.9960  2.0690  2.2914  0.4247 -0.3350 -0.6127 -0.7610
 241  0.954446  3.6705  1.9362  2.1168  2.2411  0.3307 -0.4447 -0.7290 -0.8822
 242  0.954531  3.6676  1.8793  2.1622  2.1973  0.2430 -0.5478 -0.8388 -0.9968
 243  0.954609  3.6646  1.8225  2.2074  2.1560  0.1565 -0.6502 -0.9480 -1.1109
 244  0.954678  3.6617  1.7663  2.2520  2.1186  0.0721 -0.7506 -1.0555 -1.2233
 245  0.954741  3.6589  1.7113  2.2955  2.0856 -0.0091 -0.8480 -1.1599 -1.3326
 246  0.954799  3.6561  1.6575  2.3381  2.0557 -0.0875 -0.9426 -1.2615 -1.4393
 247  0.954850  3.6533  1.6047  2.3797  2.0296 -0.1629 -1.0344 -1.3605 -1.5432
 248  0.954898  3.6505  1.5524  2.4209  2.0060 -0.2366 -1.1247 -1.4579 -1.6458
 249  0.954941  3.6477  1.5015  2.4608  1.9865 -0.3068 -1.2115 -1.5520 -1.7450
 250  0.954980  3.6450  1.4512  2.4997  1.9724 -0.3731 -1.2952 -1.6433 -1.8416
 251  0.955017  3.6422  1.4021  2.5378  1.9620 -0.4364 -1.3762 -1.7320 -1.9354
 252  0.955049  3.6393  1.3535  2.5751  1.9545 -0.4977 -1.4556 -1.8189 -2.0277
 253  0.955080  3.6365  1.3056  2.6119  1.9505 -0.5562 -1.5327 -1.9040 -2.1180
 254  0.955108  3.6338  1.2588  2.6476  1.9492 -0.6120 -1.6069 -1.9863 -2.2058
 255  0.955133  3.6310  1.2127  2.6827  1.9503 -0.6656 -1.6793 -2.0668 -2.2917
 256  0.955157  3.6283  1.1679  2.7168  1.9539 -0.7164 -1.7487 -2.1444 -2.3749
 257  0.955179  3.6257  1.1238  2.7503  1.9598 -0.7649 -1.8161 -2.2203 -2.4563
 258  0.955199  3.6231  1.0806  2.7831  1.9682 -0.8111 -1.8815 -2.2941 -2.5357
 259  0.955218  3.6205  1.0382  2.8152  1.9787 -0.8551 -1.9451 -2.3659 -2.6131
 260  0.955236  3.6179  0.9967  2.8465  1.9916 -0.8966 -2.0063 -2.4357 -2.6885
 261  0.955252  3.6154  0.9559  2.8771  2.0079 -0.9352 -2.0649 -2.5032 -2.7619
 262  0.955267  3.6129  0.9158  2.9071  2.0252 -0.9719 -2.1215 -2.5688 -2.8335
 263  0.955282  3.6104  0.8764  2.9366  2.0435 -1.0069 -2.1765 -2.6330 -2.9039
 264  0.955295  3.6079  0.8382  2.9652  2.0621 -1.0401 -2.2290 -2.6949 -2.9718
 265  0.955308  3.6055  0.8004  2.9933  2.0819 -1.0715 -2.2799 -2.7554 -3.0387
 266  0.955319  3.6032  0.7635  3.0209  2.1021 -1.1012 -2.3289 -2.8143 -3.1040
 267  0.955331  3.6009  0.7271  3.0479  2.1234 -1.1297 -2.3774 -2.8720 -3.1680
 268  0.955342  3.5986  0.6917  3.0743  2.1449 -1.1564 -2.4239 -2.9279 -3.2303
 269  0.955351  3.5964  0.6568  3.1003  2.1666 -1.1817 -2.4687 -2.9824 -3.2913
 270  0.955361  3.5942  0.6230  3.1255  2.1880 -1.2053 -2.5114 -3.0351 -3.3507
 271  0.955369  3.5920  0.5895  3.1503  2.2110 -1.2268 -2.5519 -3.0862 -3.4087
 272  0.955378  3.5900  0.5570  3.1745  2.2327 -1.2474 -2.5907 -3.1359 -3.4656
 273  0.955385  3.5879  0.5251  3.1982  2.2545 -1.2663 -2.6273 -3.1841 -3.5212
 274  0.955393  3.5859  0.4937  3.2215  2.2774 -1.2831 -2.6618 -3.2310 -3.5757
 275  0.955400  3.5839  0.4631  3.2441  2.3023 -1.2969 -2.6934 -3.2756 -3.6286
 276  0.955406  3.5820  0.4332  3.2661  2.3260 -1.3097 -2.7231 -3.3190 -3.6804
 277  0.955413  3.5798  0.4030  3.2877  2.3553 -1.3174 -2.7484 -3.3597 -3.7305
 278  0.955419  3.5779  0.3747  3.3083  2.3784 -1.3273 -2.7745 -3.3993 -3.7790
 279  0.955425  3.5762  0.3487  3.3275  2.3971 -1.3371 -2.7984 -3.4362 -3.8243
