#NUMBER OF AGES= 1
#----------------------------------------------------       
#MIX-LEN  Y      Z          Zeff        [Fe/H] [a/Fe]
# 1.9380  0.2488 2.3381E-03 1.7027E-03  -1.00   0.20 
#----------------------------------------------------       
#**PHOTOMETRIC SYSTEM**: SDSS (AB)                          
#----------------------------------------------------       
#AGE= 8.500 EEPS=269
#EEP   M/Mo    LogTeff  LogG   LogL/Lo sdss_u  sdss_g  sdss_r  sdss_i  sdss_z
  11  0.111916  3.5221  5.3077 -2.7788 17.8205 14.3932 12.7569 11.7744 11.2221
  12  0.126054  3.5252  5.2473 -2.6546 17.3651 14.0204 12.4012 11.4519 10.9129
  13  0.144181  3.5293  5.1862 -2.5187 16.8600 13.6050 12.0061 11.0967 10.5752
  14  0.167400  3.5362  5.1360 -2.3764 16.2854 13.1375 11.5665 10.7152 10.2218
  15  0.190034  3.5436  5.1032 -2.2588 15.7865 12.7312 11.1888 10.3937  9.9304
  16  0.207555  3.5484  5.0790 -2.1772 15.4584 12.4582 10.9346 10.1732  9.7284
  17  0.222289  3.5519  5.0597 -2.1140 15.2130 12.2508 10.7414 10.0036  9.5722
  18  0.235964  3.5549  5.0430 -2.0594 15.0056 12.0738 10.5764  9.8579  9.4377
  19  0.249476  3.5575  5.0277 -2.0092 14.8182 11.9124 10.4260  9.7241  9.3138
  20  0.265658  3.5604  5.0118 -1.9546 14.6176 11.7381 10.2634  9.5788  9.1790
  21  0.282227  3.5631  4.9966 -1.9025 14.4299 11.5736 10.1100  9.4411  9.0508
  22  0.296073  3.5652  4.9840 -1.8603 14.2799 11.4412  9.9867  9.3298  8.9472
  23  0.305514  3.5667  4.9748 -1.8318 14.1793 11.3521  9.9037  9.2548  8.8772
  24  0.312396  3.5676  4.9683 -1.8116 14.1089 11.2895  9.8454  9.2019  8.8277
  25  0.317634  3.5684  4.9638 -1.7968 14.0568 11.2432  9.8023  9.1629  8.7913
  26  0.321762  3.5690  4.9601 -1.7850 14.0155 11.2065  9.7683  9.1319  8.7626
  27  0.325388  3.5695  4.9567 -1.7746 13.9790 11.1741  9.7381  9.1047  8.7372
  28  0.329333  3.5701  4.9535 -1.7638 13.9403 11.1398  9.7065  9.0762  8.7107
  29  0.334203  3.5709  4.9499 -1.7509 13.8939 11.0988  9.6685  9.0422  8.6790
  30  0.340366  3.5718  4.9452 -1.7345 13.8350 11.0466  9.6204  8.9989  8.6390
  31  0.348452  3.5731  4.9387 -1.7125 13.7545 10.9758  9.5555  8.9405  8.5851
  32  0.382050  3.5799  4.9038 -1.6108 13.3772 10.6440  9.2533  8.6711  8.3374
  33  0.413005  3.5875  4.8667 -1.5094 12.9847 10.3039  8.9502  8.4027  8.0916
  34  0.428021  3.5917  4.8473 -1.4574 12.7791 10.1269  8.7952  8.2653  7.9657
  35  0.441239  3.5959  4.8296 -1.4099 12.5883  9.9629  8.6532  8.1399  7.8510
  36  0.455661  3.6008  4.8106 -1.3571 12.3715  9.7770  8.4945  8.0003  7.7238
  37  0.470728  3.6068  4.7909 -1.2998 12.1324  9.5715  8.3223  7.8492  7.5861
  38  0.484414  3.6127  4.7738 -1.2467 11.9062  9.3769  8.1625  7.7094  7.4587
  39  0.495928  3.6180  4.7605 -1.2018 11.7112  9.2090  8.0271  7.5913  7.3514
  40  0.505282  3.6226  4.7505 -1.1652 11.5487  9.0693  7.9160  7.4952  7.2643
  41  0.513178  3.6268  4.7428 -1.1338 11.4081  8.9467  7.8197  7.4127  7.1903
  42  0.520539  3.6310  4.7360 -1.1043 11.2724  8.8287  7.7279  7.3346  7.1205
  43  0.528008  3.6354  4.7297 -1.0739 11.1292  8.7057  7.6333  7.2548  7.0494
  44  0.536386  3.6406  4.7233 -1.0399 10.9630  8.5657  7.5271  7.1652  6.9698
  45  0.546291  3.6469  4.7165 -1.0000 10.7546  8.3987  7.4020  7.0597  6.8762
  46  0.557877  3.6546  4.7095 -0.9533 10.4922  8.2009  7.2559  6.9362  6.7666
  47  0.570242  3.6632  4.7034 -0.9032 10.1896  7.9862  7.0994  6.8033  6.6485
  48  0.582862  3.6722  4.6976 -0.8522  9.8696  7.7715  6.9427  6.6679  6.5271
  49  0.595385  3.6809  4.6916 -0.8022  9.5491  7.5675  6.7928  6.5364  6.4084
  50  0.607536  3.6889  4.6848 -0.7544  9.2316  7.3801  6.6542  6.4137  6.2966
  51  0.619264  3.6965  4.6778 -0.7088  8.9364  7.2073  6.5242  6.2977  6.1906
  52  0.624660  3.6999  4.6744 -0.6879  8.8105  7.1307  6.4652  6.2448  6.1424
  53  0.630035  3.7033  4.6709 -0.6672  8.7003  7.0570  6.4068  6.1924  6.0945
  54  0.635388  3.7066  4.6673 -0.6467  8.5956  6.9852  6.3491  6.1405  6.0471
  55  0.640715  3.7099  4.6635 -0.6263  8.4950  6.9151  6.2925  6.0893  6.0003
  56  0.646002  3.7130  4.6596 -0.6061  8.3978  6.8468  6.2367  6.0389  5.9542
  57  0.651254  3.7162  4.6556 -0.5861  8.3024  6.7801  6.1820  5.9894  5.9087
  58  0.656464  3.7192  4.6515 -0.5664  8.2019  6.7142  6.1287  5.9408  5.8640
  59  0.661633  3.7222  4.6473 -0.5468  8.1026  6.6499  6.0763  5.8931  5.8200
  60  0.666753  3.7251  4.6430 -0.5275  8.0047  6.5868  6.0249  5.8463  5.7766
  61  0.671832  3.7280  4.6386 -0.5082  7.9087  6.5248  5.9744  5.8001  5.7340
  62  0.676862  3.7307  4.6341 -0.4893  7.8151  6.4643  5.9250  5.7548  5.6920
  63  0.681854  3.7335  4.6294 -0.4705  7.7244  6.4048  5.8762  5.7101  5.6505
  64  0.686795  3.7361  4.6245 -0.4519  7.6376  6.3465  5.8283  5.6662  5.6098
  65  0.691680  3.7387  4.6196 -0.4336  7.5535  6.2893  5.7812  5.6232  5.5696
  66  0.696518  3.7412  4.6145 -0.4154  7.4720  6.2333  5.7350  5.5807  5.5300
  67  0.701291  3.7436  4.6092 -0.3975  7.3933  6.1785  5.6895  5.5389  5.4911
  68  0.705989  3.7459  4.6038 -0.3798  7.3171  6.1249  5.6451  5.4979  5.4527
  69  0.710612  3.7482  4.5984 -0.3624  7.2436  6.0726  5.6014  5.4577  5.4150
  70  0.715159  3.7504  4.5928 -0.3454  7.1729  6.0215  5.5585  5.4181  5.3779
  71  0.719633  3.7525  4.5871 -0.3286  7.1046  5.9715  5.5164  5.3791  5.3412
  72  0.724035  3.7545  4.5814 -0.3120  7.0384  5.9225  5.4750  5.3408  5.3052
  73  0.728369  3.7565  4.5755 -0.2956  6.9743  5.8746  5.4345  5.3032  5.2697
  74  0.732628  3.7584  4.5695 -0.2795  6.9120  5.8276  5.3946  5.2661  5.2347
  75  0.736828  3.7603  4.5635 -0.2636  6.8514  5.7815  5.3553  5.2296  5.2002
  76  0.740961  3.7621  4.5574 -0.2479  6.7924  5.7363  5.3167  5.1936  5.1661
  77  0.745034  3.7638  4.5512 -0.2323  6.7347  5.6919  5.2787  5.1581  5.1324
  78  0.749048  3.7655  4.5449 -0.2170  6.6775  5.6483  5.2414  5.1233  5.0993
  79  0.753001  3.7671  4.5385 -0.2018  6.6218  5.6054  5.2046  5.0887  5.0665
  80  0.756897  3.7687  4.5320 -0.1868  6.5675  5.5630  5.1682  5.0545  5.0338
  81  0.760734  3.7702  4.5254 -0.1719  6.5144  5.5213  5.1322  5.0207  5.0015
  82  0.765460  3.7721  4.5170 -0.1535  6.4498  5.4700  5.0876  4.9788  4.9613
  83  0.770123  3.7739  4.5084 -0.1352  6.3867  5.4191  5.0434  4.9372  4.9215
  84  0.774715  3.7756  4.4999 -0.1171  6.3253  5.3690  4.9997  4.8960  4.8820
  85  0.779231  3.7773  4.4913 -0.0993  6.2654  5.3195  4.9565  4.8552  4.8429
  86  0.783670  3.7789  4.4827 -0.0816  6.2073  5.2706  4.9137  4.8149  4.8042
  87  0.788030  3.7805  4.4741 -0.0642  6.1517  5.2223  4.8711  4.7749  4.7660
  88  0.792312  3.7820  4.4656 -0.0470  6.0975  5.1747  4.8292  4.7355  4.7282
  89  0.796519  3.7836  4.4572 -0.0301  6.0444  5.1277  4.7877  4.6966  4.6910
  90  0.800655  3.7851  4.4488 -0.0134  5.9926  5.0814  4.7469  4.6582  4.6542
  91  0.804727  3.7866  4.4406  0.0032  5.9418  5.0356  4.7065  4.6203  4.6179
  92  0.808738  3.7882  4.4325  0.0195  5.8921  4.9905  4.6665  4.5828  4.5820
  93  0.812683  3.7897  4.4243  0.0356  5.8431  4.9459  4.6270  4.5458  4.5465
  94  0.816564  3.7911  4.4162  0.0516  5.7951  4.9018  4.5879  4.5089  4.5111
  95  0.820374  3.7926  4.4079  0.0675  5.7478  4.8582  4.5491  4.4725  4.4761
  96  0.824114  3.7939  4.3997  0.0833  5.7008  4.8152  4.5108  4.4363  4.4413
  97  0.827777  3.7953  4.3914  0.0989  5.6545  4.7728  4.4730  4.4004  4.4067
  98  0.831363  3.7965  4.3830  0.1143  5.6089  4.7309  4.4353  4.3648  4.3724
  99  0.834868  3.7978  4.3744  0.1297  5.5643  4.6896  4.3981  4.3295  4.3381
 100  0.838290  3.7989  4.3658  0.1448  5.5205  4.6487  4.3612  4.2943  4.3042
 101  0.841627  3.8001  4.3569  0.1598  5.4775  4.6085  4.3247  4.2595  4.2704
 102  0.844883  3.8011  4.3480  0.1746  5.4353  4.5686  4.2885  4.2250  4.2368
 103  0.848051  3.8021  4.3391  0.1893  5.3940  4.5295  4.2526  4.1906  4.2034
 104  0.851141  3.8031  4.3299  0.2039  5.3536  4.4908  4.2172  4.1567  4.1704
 105  0.854158  3.8040  4.3207  0.2181  5.3140  4.4528  4.1821  4.1231  4.1376
 106  0.857105  3.8048  4.3114  0.2323  5.2752  4.4154  4.1476  4.0898  4.1050
 107  0.859997  3.8056  4.3022  0.2462  5.2373  4.3785  4.1135  4.0569  4.0729
 108  0.862836  3.8063  4.2928  0.2600  5.2001  4.3422  4.0796  4.0243  4.0409
 109  0.865622  3.8070  4.2833  0.2735  5.1637  4.3064  4.0462  3.9919  4.0092
 110  0.868332  3.8076  4.2738  0.2870  5.1281  4.2712  4.0131  3.9600  3.9778
 111  0.870913  3.8083  4.2644  0.3003  5.0929  4.2362  3.9806  3.9286  3.9468
 112  0.871965  3.8086  4.2605  0.3058  5.0783  4.2218  3.9671  3.9156  3.9341
 113  0.873017  3.8088  4.2566  0.3113  5.0636  4.2072  3.9535  3.9023  3.9211
 114  0.874069  3.8091  4.2525  0.3169  5.0489  4.1925  3.9397  3.8889  3.9079
 115  0.875120  3.8093  4.2483  0.3226  5.0340  4.1775  3.9257  3.8753  3.8946
 116  0.876170  3.8095  4.2439  0.3283  5.0190  4.1625  3.9114  3.8615  3.8810
 117  0.877219  3.8097  4.2395  0.3341  5.0040  4.1474  3.8971  3.8475  3.8671
 118  0.878266  3.8099  4.2349  0.3400  4.9889  4.1321  3.8825  3.8334  3.8531
 119  0.879313  3.8102  4.2302  0.3459  4.9737  4.1167  3.8678  3.8190  3.8389
 120  0.880358  3.8104  4.2253  0.3519  4.9584  4.1012  3.8530  3.8044  3.8244
 121  0.881402  3.8105  4.2204  0.3580  4.9430  4.0855  3.8379  3.7897  3.8098
 122  0.882446  3.8107  4.2153  0.3641  4.9275  4.0697  3.8227  3.7747  3.7950
 123  0.883487  3.8108  4.2101  0.3702  4.9119  4.0538  3.8073  3.7595  3.7799
 124  0.884525  3.8109  4.2048  0.3765  4.8963  4.0378  3.7917  3.7442  3.7646
 125  0.885558  3.8110  4.1995  0.3828  4.8804  4.0215  3.7760  3.7287  3.7492
 126  0.886590  3.8111  4.1940  0.3892  4.8646  4.0052  3.7601  3.7130  3.7336
 127  0.887623  3.8112  4.1884  0.3957  4.8487  3.9888  3.7442  3.6972  3.7178
 128  0.888655  3.8112  4.1826  0.4021  4.8326  3.9724  3.7279  3.6812  3.7018
 129  0.889684  3.8113  4.1768  0.4086  4.8166  3.9557  3.7116  3.6650  3.6856
 130  0.890710  3.8113  4.1708  0.4152  4.8005  3.9391  3.6952  3.6486  3.6692
 131  0.891733  3.8113  4.1646  0.4218  4.7845  3.9224  3.6786  3.6321  3.6527
 132  0.892752  3.8112  4.1583  0.4285  4.7685  3.9057  3.6618  3.6153  3.6358
 133  0.893766  3.8111  4.1518  0.4352  4.7523  3.8888  3.6449  3.5983  3.6187
 134  0.894775  3.8110  4.1451  0.4420  4.7363  3.8719  3.6278  3.5811  3.6014
 135  0.895779  3.8109  4.1382  0.4488  4.7202  3.8550  3.6106  3.5637  3.5839
 136  0.896779  3.8107  4.1311  0.4556  4.7042  3.8379  3.5931  3.5462  3.5661
 137  0.897770  3.8105  4.1238  0.4627  4.6880  3.8209  3.5756  3.5283  3.5480
 138  0.898755  3.8103  4.1164  0.4696  4.6721  3.8038  3.5579  3.5103  3.5298
 139  0.899732  3.8100  4.1088  0.4766  4.6561  3.7866  3.5400  3.4922  3.5114
 140  0.900699  3.8097  4.1010  0.4837  4.6401  3.7696  3.5220  3.4737  3.4927
 141  0.901657  3.8094  4.0930  0.4907  4.6244  3.7525  3.5040  3.4551  3.4736
 142  0.902603  3.8090  4.0847  0.4979  4.6086  3.7354  3.4856  3.4363  3.4544
 143  0.903538  3.8085  4.0761  0.5050  4.5931  3.7184  3.4673  3.4173  3.4350
 144  0.904461  3.8080  4.0673  0.5122  4.5776  3.7014  3.4488  3.3980  3.4152
 145  0.905372  3.8074  4.0583  0.5194  4.5624  3.6845  3.4302  3.3786  3.3952
 146  0.906270  3.8068  4.0490  0.5268  4.5473  3.6677  3.4114  3.3589  3.3749
 147  0.907156  3.8061  4.0394  0.5340  4.5327  3.6510  3.3926  3.3390  3.3544
 148  0.908028  3.8054  4.0294  0.5413  4.5182  3.6342  3.3737  3.3190  3.3336
 149  0.908888  3.8045  4.0191  0.5486  4.5042  3.6178  3.3547  3.2987  3.3126
 150  0.909735  3.8035  4.0085  0.5560  4.4905  3.6014  3.3356  3.2783  3.2912
 151  0.910568  3.8025  3.9975  0.5633  4.4773  3.5854  3.3164  3.2577  3.2695
 152  0.911388  3.8014  3.9860  0.5706  4.4646  3.5696  3.2973  3.2368  3.2475
 153  0.912197  3.8001  3.9740  0.5781  4.4525  3.5540  3.2781  3.2158  3.2253
 154  0.912993  3.7988  3.9616  0.5854  4.4410  3.5389  3.2588  3.1945  3.2027
 155  0.913777  3.7972  3.9484  0.5927  4.4309  3.5244  3.2396  3.1730  3.1796
 156  0.914551  3.7955  3.9349  0.6000  4.4213  3.5103  3.2204  3.1514  3.1562
 157  0.915316  3.7935  3.9199  0.6072  4.4137  3.4973  3.2014  3.1293  3.1322
 158  0.916059  3.7908  3.9026  0.6141  4.4098  3.4871  3.1832  3.1070  3.1071
 159  0.916790  3.7877  3.8836  0.6209  4.4092  3.4792  3.1656  3.0846  3.0812
 160  0.917515  3.7840  3.8626  0.6272  4.4135  3.4740  3.1490  3.0621  3.0549
 161  0.918248  3.7798  3.8402  0.6332  4.4234  3.4712  3.1330  3.0398  3.0280
 162  0.918829  3.7766  3.8232  0.6377  4.4348  3.4695  3.1203  3.0223  3.0072
 163  0.919415  3.7730  3.8055  0.6417  4.4532  3.4704  3.1087  3.0053  2.9867
 164  0.920002  3.7693  3.7871  0.6449  4.4777  3.4743  3.0982  2.9891  2.9667
 165  0.920601  3.7654  3.7693  0.6477  4.5056  3.4801  3.0896  2.9746  2.9482
 166  0.921203  3.7613  3.7511  0.6499  4.5371  3.4886  3.0831  2.9619  2.9312
 167  0.921798  3.7569  3.7317  0.6521  4.5727  3.4990  3.0777  2.9496  2.9141
 168  0.922380  3.7524  3.7109  0.6550  4.6096  3.5085  3.0708  2.9357  2.8951
 169  0.922942  3.7481  3.6890  0.6597  4.6433  3.5139  3.0601  2.9182  2.8726
 170  0.923466  3.7442  3.6668  0.6667  4.6687  3.5121  3.0440  2.8961  2.8460
 171  0.923925  3.7410  3.6457  0.6756  4.6825  3.5028  3.0230  2.8702  2.8164
 172  0.924324  3.7386  3.6258  0.6857  4.6865  3.4882  2.9992  2.8423  2.7856
 173  0.924679  3.7366  3.6073  0.6964  4.6837  3.4702  2.9737  2.8137  2.7546
 174  0.925005  3.7350  3.5899  0.7074  4.6766  3.4501  2.9473  2.7848  2.7237
 175  0.925310  3.7335  3.5733  0.7186  4.6660  3.4285  2.9205  2.7556  2.6928
 176  0.925599  3.7323  3.5573  0.7299  4.6526  3.4056  2.8932  2.7263  2.6620
 177  0.925875  3.7314  3.5419  0.7414  4.6368  3.3815  2.8653  2.6969  2.6313
 178  0.926141  3.7304  3.5268  0.7529  4.6206  3.3573  2.8375  2.6675  2.6008
 179  0.926398  3.7296  3.5121  0.7644  4.6020  3.3321  2.8092  2.6380  2.5703
 180  0.926650  3.7289  3.4976  0.7761  4.5830  3.3068  2.7811  2.6086  2.5399
 181  0.926896  3.7282  3.4834  0.7876  4.5629  3.2810  2.7528  2.5791  2.5096
 182  0.927200  3.7274  3.4655  0.8024  4.5367  3.2480  2.7169  2.5418  2.4713
 183  0.927502  3.7265  3.4477  0.8174  4.5087  3.2141  2.6803  2.5041  2.4326
 184  0.927803  3.7259  3.4299  0.8326  4.4795  3.1793  2.6431  2.4658  2.3934
 185  0.928104  3.7252  3.4120  0.8479  4.4493  3.1438  2.6054  2.4270  2.3538
 186  0.928404  3.7246  3.3941  0.8635  4.4181  3.1080  2.5673  2.3879  2.3139
 187  0.928703  3.7240  3.3762  0.8792  4.3861  3.0715  2.5288  2.3485  2.2737
 188  0.929002  3.7235  3.3582  0.8951  4.3537  3.0346  2.4899  2.3087  2.2331
 189  0.929300  3.7230  3.3403  0.9111  4.3201  2.9970  2.4506  2.2686  2.1923
 190  0.929597  3.7225  3.3223  0.9273  4.2856  2.9590  2.4109  2.2280  2.1511
 191  0.929893  3.7220  3.3039  0.9438  4.2506  2.9201  2.3704  2.1867  2.1090
 192  0.930187  3.7215  3.2853  0.9605  4.2153  2.8810  2.3296  2.1450  2.0666
 193  0.930480  3.7210  3.2666  0.9774  4.1792  2.8412  2.2881  2.1027  2.0237
 194  0.930772  3.7205  3.2477  0.9945  4.1421  2.8007  2.2460  2.0599  1.9801
 195  0.931061  3.7200  3.2284  1.0121  4.1041  2.7592  2.2029  2.0160  1.9355
 196  0.931342  3.7195  3.2082  1.0305  4.0641  2.7156  2.1577  1.9699  1.8889
 197  0.931615  3.7190  3.1867  1.0499  4.0224  2.6700  2.1101  1.9215  1.8397
 198  0.931879  3.7184  3.1642  1.0702  3.9782  2.6217  2.0601  1.8705  1.7879
 199  0.932133  3.7179  3.1409  1.0914  3.9326  2.5719  2.0083  1.8177  1.7343
 200  0.932382  3.7172  3.1169  1.1131  3.8860  2.5208  1.9551  1.7635  1.6792
 201  0.932623  3.7166  3.0920  1.1354  3.8384  2.4683  1.9003  1.7076  1.6224
 202  0.932856  3.7159  3.0666  1.1582  3.7891  2.4146  1.8444  1.6505  1.5644
 203  0.933085  3.7152  3.0406  1.1816  3.7386  2.3599  1.7873  1.5923  1.5051
 204  0.933305  3.7145  3.0140  1.2054  3.6877  2.3043  1.7293  1.5330  1.4447
 205  0.933520  3.7137  2.9867  1.2296  3.6365  2.2481  1.6702  1.4724  1.3831
 206  0.933729  3.7128  2.9587  1.2542  3.5857  2.1913  1.6102  1.4110  1.3203
 207  0.933929  3.7119  2.9302  1.2792  3.5341  2.1337  1.5493  1.3484  1.2564
 208  0.934123  3.7110  2.9010  1.3046  3.4826  2.0756  1.4876  1.2849  1.1915
 209  0.934312  3.7099  2.8709  1.3303  3.4329  2.0180  1.4256  1.2209  1.1258
 210  0.934493  3.7090  2.8416  1.3565  3.3783  1.9574  1.3619  1.1556  1.0593
 211  0.934666  3.7080  2.8110  1.3828  3.3260  1.8975  1.2980  1.0898  0.9918
 212  0.934833  3.7069  2.7801  1.4095  3.2736  1.8371  1.2334  1.0232  0.9237
 213  0.934994  3.7057  2.7486  1.4365  3.2217  1.7764  1.1682  0.9560  0.8548
 214  0.935148  3.7045  2.7165  1.4637  3.1708  1.7159  1.1027  0.8882  0.7851
 215  0.935297  3.7031  2.6836  1.4911  3.1224  1.6558  1.0370  0.8199  0.7147
 216  0.935438  3.7021  2.6519  1.5188  3.0678  1.5928  0.9699  0.7509  0.6443
 217  0.935460  3.7019  2.6466  1.5234  3.0593  1.5826  0.9589  0.7395  0.6326
 218  0.935483  3.7017  2.6412  1.5280  3.0511  1.5724  0.9479  0.7281  0.6209
 219  0.935505  3.7015  2.6358  1.5326  3.0427  1.5622  0.9369  0.7167  0.6093
 220  0.935527  3.7013  2.6303  1.5372  3.0344  1.5520  0.9259  0.7053  0.5975
 221  0.935550  3.7010  2.6248  1.5418  3.0266  1.5420  0.9149  0.6938  0.5857
 222  0.935572  3.7006  2.6188  1.5463  3.0208  1.5329  0.9043  0.6825  0.5738
 223  0.935594  3.7004  2.6131  1.5510  3.0135  1.5231  0.8933  0.6710  0.5619
 224  0.935616  3.7002  2.6075  1.5557  3.0049  1.5126  0.8819  0.6592  0.5498
 225  0.935637  3.7000  2.6020  1.5604  2.9965  1.5022  0.8706  0.6476  0.5378
 226  0.935659  3.6997  2.5964  1.5651  2.9881  1.4918  0.8593  0.6358  0.5258
 227  0.935867  3.6975  2.5405  1.6123  2.9101  1.3880  0.7460  0.5183  0.4052
 228  0.936050  3.6953  2.4860  1.6579  2.8395  1.2886  0.6366  0.4047  0.2885
 229  0.936219  3.6929  2.4314  1.7032  2.7742  1.1915  0.5287  0.2922  0.1726
 230  0.936376  3.6905  2.3765  1.7483  2.7126  1.0955  0.4213  0.1800  0.0570
 231  0.936518  3.6880  2.3223  1.7927  2.6551  1.0019  0.3159  0.0697 -0.0568
 232  0.936650  3.6857  2.2711  1.8346  2.6031  0.9146  0.2169 -0.0341 -0.1639
 233  0.936770  3.6836  2.2256  1.8717  2.5579  0.8372  0.1290 -0.1265 -0.2593
 234  0.936883  3.6822  2.1949  1.8971  2.5256  0.7842  0.0690 -0.1893 -0.3241
 235  0.936992  3.6830  2.2057  1.8893  2.5274  0.7976  0.0863 -0.1705 -0.3040
 236  0.937117  3.6851  2.2369  1.8664  2.5382  0.8397  0.1385 -0.1139 -0.2447
 237  0.937251  3.6815  2.1663  1.9230  2.4774  0.7248  0.0057 -0.2542 -0.3900
 238  0.937367  3.6785  2.1028  1.9745  2.4148  0.6199 -0.1143 -0.3807 -0.5211
 239  0.937475  3.6755  2.0395  2.0257  2.3542  0.5163 -0.2332 -0.5063 -0.6515
 240  0.937569  3.6725  1.9786  2.0747  2.2990  0.4185 -0.3464 -0.6261 -0.7760
 241  0.937652  3.6695  1.9196  2.1219  2.2507  0.3263 -0.4541 -0.7406 -0.8954
 242  0.937729  3.6666  1.8623  2.1675  2.2071  0.2382 -0.5577 -0.8510 -1.0106
 243  0.937796  3.6636  1.8051  2.2130  2.1661  0.1513 -0.6608 -0.9610 -1.1255
 244  0.937858  3.6607  1.7487  2.2578  2.1299  0.0669 -0.7613 -1.0685 -1.2381
 245  0.937915  3.6578  1.6927  2.3022  2.0971 -0.0153 -0.8602 -1.1746 -1.3493
 246  0.937964  3.6550  1.6394  2.3443  2.0685 -0.0925 -0.9536 -1.2750 -1.4547
 247  0.938010  3.6522  1.5861  2.3864  2.0426 -0.1686 -1.0464 -1.3751 -1.5599
 248  0.938052  3.6494  1.5338  2.4275  2.0203 -0.2418 -1.1363 -1.4723 -1.6622
 249  0.938091  3.6467  1.4827  2.4675  2.0025 -0.3112 -1.2227 -1.5662 -1.7613
 250  0.938125  3.6438  1.4318  2.5068  1.9895 -0.3777 -1.3071 -1.6582 -1.8587
 251  0.938157  3.6409  1.3821  2.5451  1.9801 -0.4411 -1.3886 -1.7476 -1.9533
 252  0.938186  3.6381  1.3336  2.5823  1.9743 -0.5014 -1.4672 -1.8340 -2.0451
 253  0.938213  3.6353  1.2859  2.6190  1.9711 -0.5593 -1.5439 -1.9187 -2.1351
 254  0.938237  3.6325  1.2388  2.6549  1.9708 -0.6149 -1.6183 -2.0013 -2.2232
 255  0.938260  3.6298  1.1928  2.6899  1.9730 -0.6678 -1.6900 -2.0813 -2.3088
 256  0.938281  3.6271  1.1478  2.7242  1.9776 -0.7182 -1.7595 -2.1591 -2.3922
 257  0.938300  3.6244  1.1033  2.7579  1.9845 -0.7667 -1.8272 -2.2355 -2.4743
 258  0.938319  3.6217  1.0599  2.7908  1.9942 -0.8124 -1.8927 -2.3094 -2.5538
 259  0.938336  3.6192  1.0174  2.8229  2.0058 -0.8557 -1.9559 -2.3811 -2.6311
 260  0.938351  3.6166  0.9758  2.8544  2.0204 -0.8963 -2.0164 -2.4505 -2.7065
 261  0.938365  3.6140  0.9348  2.8850  2.0376 -0.9343 -2.0748 -2.5178 -2.7797
 262  0.938379  3.6115  0.8946  2.9151  2.0553 -0.9709 -2.1313 -2.5836 -2.8516
 263  0.938391  3.6090  0.8552  2.9446  2.0743 -1.0053 -2.1858 -2.6475 -2.9218
 264  0.938403  3.6066  0.8168  2.9733  2.0935 -1.0379 -2.2382 -2.7095 -2.9901
 265  0.938414  3.6042  0.7792  3.0013  2.1137 -1.0687 -2.2885 -2.7696 -3.0567
 266  0.938424  3.6018  0.7420  3.0291  2.1346 -1.0982 -2.3378 -2.8287 -3.1222
 267  0.938434  3.5995  0.7057  3.0562  2.1561 -1.1263 -2.3861 -2.8863 -3.1861
 268  0.938443  3.5972  0.6701  3.0826  2.1780 -1.1525 -2.4321 -2.9420 -3.2484
 269  0.938452  3.5950  0.6355  3.1083  2.2002 -1.1768 -2.4760 -2.9959 -3.3091
 270  0.938460  3.5928  0.6014  3.1337  2.2221 -1.1999 -2.5181 -3.0487 -3.3688
 271  0.938468  3.5907  0.5682  3.1584  2.2445 -1.2210 -2.5580 -3.0995 -3.4268
 272  0.938475  3.5886  0.5357  3.1827  2.2657 -1.2412 -2.5961 -3.1490 -3.4836
 273  0.938482  3.5866  0.5036  3.2064  2.2882 -1.2592 -2.6319 -3.1970 -3.5392
 274  0.938488  3.5846  0.4722  3.2296  2.3139 -1.2738 -2.6648 -3.2432 -3.5937
 275  0.938494  3.5825  0.4416  3.2522  2.3386 -1.2869 -2.6954 -3.2876 -3.6465
 276  0.938500  3.5805  0.4114  3.2742  2.3636 -1.2980 -2.7236 -3.3303 -3.6982
 277  0.938506  3.5784  0.3814  3.2958  2.3922 -1.3056 -2.7490 -3.3706 -3.7483
 278  0.938511  3.5765  0.3536  3.3162  2.4129 -1.3159 -2.7745 -3.4099 -3.7964
 279  0.938757  3.5751  0.3303  3.3336  2.4272 -1.3262 -2.7968 -3.4439 -3.8377
