#NUMBER OF AGES= 1
#----------------------------------------------------       
#MIX-LEN  Y      Z          Zeff        [Fe/H] [a/Fe]
# 1.9380  0.2488 2.3381E-03 1.7027E-03  -1.00   0.20 
#----------------------------------------------------       
#**PHOTOMETRIC SYSTEM**: SDSS (AB)                          
#----------------------------------------------------       
#AGE= 9.000 EEPS=269
#EEP   M/Mo    LogTeff  LogG   LogL/Lo sdss_u  sdss_g  sdss_r  sdss_i  sdss_z
  11  0.108695  3.5214  5.3223 -2.8093 17.9330 14.4846 12.8442 11.8533 11.2977
  12  0.122269  3.5244  5.2624 -2.6860 17.4799 14.1147 12.4912 11.5336 10.9912
  13  0.139236  3.5282  5.2006 -2.5530 16.9895 13.7115 12.1071 11.1870 10.6605
  14  0.160930  3.5341  5.1470 -2.4129 16.4385 13.2615 11.6825 10.8142 10.3124
  15  0.183637  3.5416  5.1112 -2.2896 15.9161 12.8375 11.2874 10.4779 10.0066
  16  0.201728  3.5469  5.0859 -2.2023 15.5578 12.5415 11.0123 10.2409  9.7906
  17  0.216599  3.5506  5.0657 -2.1364 15.3001 12.3246 10.8101 10.0639  9.6276
  18  0.230193  3.5537  5.0485 -2.0805 15.0858 12.1424 10.6403  9.9143  9.4896
  19  0.243499  3.5564  5.0330 -2.0295 14.8941 11.9779 10.4870  9.7783  9.3638
  20  0.258063  3.5591  5.0176 -1.9780 14.7039 11.8133 10.3334  9.6413  9.2369
  21  0.275058  3.5620  5.0018 -1.9232 14.5048 11.6394 10.1713  9.4960  9.1018
  22  0.290610  3.5644  4.9878 -1.8755 14.3345 11.4893 10.0314  9.3700  8.9846
  23  0.301958  3.5661  4.9771 -1.8412 14.2129 11.3819  9.9314  9.2796  8.9002
  24  0.309867  3.5673  4.9697 -1.8179 14.1312 11.3093  9.8639  9.2185  8.8432
  25  0.315775  3.5682  4.9647 -1.8012 14.0725 11.2572  9.8153  9.1745  8.8022
  26  0.320274  3.5688  4.9607 -1.7885 14.0277 11.2175  9.7784  9.1411  8.7710
  27  0.323986  3.5694  4.9573 -1.7779 13.9905 11.1843  9.7476  9.1132  8.7450
  28  0.327707  3.5699  4.9542 -1.7675 13.9536 11.1516  9.7173  9.0860  8.7197
  29  0.332021  3.5706  4.9509 -1.7560 13.9120 11.1148  9.6834  9.0553  8.6913
  30  0.337267  3.5714  4.9469 -1.7419 13.8616 11.0702  9.6422  9.0184  8.6570
  31  0.344153  3.5725  4.9416 -1.7234 13.7942 11.0106  9.5874  8.9692  8.6116
  32  0.356914  3.5747  4.9299 -1.6871 13.6624 10.8945  9.4810  8.8736  8.5232
  33  0.401751  3.5847  4.8794 -1.5455 13.1262 10.4261  9.0583  8.4983  8.1791
  34  0.419294  3.5893  4.8574 -1.4862 12.8942 10.2257  8.8814  8.3415  8.0354
  35  0.433067  3.5934  4.8390 -1.4375 12.7006 10.0591  8.7361  8.2130  7.9177
  36  0.446449  3.5977  4.8212 -1.3890 12.5036  9.8900  8.5905  8.0845  7.8004
  37  0.461014  3.6031  4.8020 -1.3347 12.2794  9.6977  8.4274  7.9412  7.6698
  38  0.475470  3.6090  4.7832 -1.2791 12.0457  9.4966  8.2602  7.7946  7.5362
  39  0.488163  3.6146  4.7675 -1.2295 11.8331  9.3137  8.1108  7.6641  7.4173
  40  0.498757  3.6196  4.7556 -1.1879 11.6514  9.1571  7.9853  7.5549  7.3182
  41  0.507524  3.6241  4.7464 -1.1533 11.4971  9.0242  7.8801  7.4640  7.2360
  42  0.515259  3.6283  4.7389 -1.1224 11.3577  8.9023  7.7847  7.3825  7.1630
  43  0.522585  3.6325  4.7323 -1.0925 11.2198  8.7828  7.6921  7.3040  7.0930
  44  0.530306  3.6373  4.7259 -1.0609 11.0691  8.6541  7.5936  7.2209  7.0190
  45  0.539040  3.6428  4.7195 -1.0253 10.8917  8.5065  7.4821  7.1269  6.9357
  46  0.549311  3.6494  4.7125 -0.9837 10.6678  8.3314  7.3516  7.0168  6.8379
  47  0.560875  3.6572  4.7058 -0.9366 10.3971  8.1314  7.2045  6.8922  6.7273
  48  0.572907  3.6658  4.6999 -0.8875 10.0964  7.9216  7.0515  6.7618  6.6111
  49  0.585039  3.6744  4.6942 -0.8382  9.7847  7.7155  6.9010  6.6311  6.4937
  50  0.596937  3.6827  4.6881 -0.7904  9.4760  7.5223  6.7587  6.5060  6.3804
  51  0.608446  3.6903  4.6813 -0.7448  9.1731  7.3448  6.6270  6.3890  6.2739
  52  0.613781  3.6938  4.6781 -0.7238  9.0365  7.2650  6.5671  6.3356  6.2250
  53  0.619094  3.6972  4.6747 -0.7029  8.9049  7.1873  6.5081  6.2828  6.1767
  54  0.624387  3.7006  4.6711 -0.6822  8.7840  7.1121  6.4496  6.2304  6.1289
  55  0.629651  3.7039  4.6676 -0.6617  8.6759  7.0393  6.3918  6.1785  6.0814
  56  0.634877  3.7072  4.6638 -0.6414  8.5733  6.9686  6.3349  6.1272  6.0345
  57  0.640071  3.7104  4.6600 -0.6212  8.4745  6.8996  6.2790  6.0767  5.9883
  58  0.645230  3.7135  4.6561 -0.6013  8.3786  6.8322  6.2240  6.0270  5.9428
  59  0.650353  3.7165  4.6519 -0.5815  8.2845  6.7665  6.1700  5.9780  5.8979
  60  0.655422  3.7195  4.6477 -0.5620  8.1853  6.7018  6.1175  5.9301  5.8537
  61  0.660441  3.7225  4.6435 -0.5427  8.0873  6.6382  6.0659  5.8832  5.8103
  62  0.665408  3.7253  4.6392 -0.5237  7.9912  6.5762  6.0153  5.8370  5.7676
  63  0.670337  3.7281  4.6347 -0.5048  7.8970  6.5153  5.9656  5.7915  5.7256
  64  0.675214  3.7309  4.6301 -0.4860  7.8053  6.4558  5.9169  5.7468  5.6841
  65  0.680038  3.7334  4.6254 -0.4676  7.7165  6.3974  5.8689  5.7029  5.6433
  66  0.684812  3.7360  4.6205 -0.4493  7.6314  6.3401  5.8218  5.6598  5.6032
  67  0.689528  3.7385  4.6155 -0.4313  7.5490  6.2840  5.7757  5.6174  5.5637
  68  0.694182  3.7410  4.6104 -0.4135  7.4692  6.2292  5.7303  5.5757  5.5248
  69  0.698773  3.7433  4.6051 -0.3959  7.3921  6.1755  5.6857  5.5346  5.4865
  70  0.703293  3.7456  4.5997 -0.3785  7.3177  6.1230  5.6420  5.4944  5.4488
  71  0.707734  3.7478  4.5942 -0.3616  7.2457  6.0717  5.5992  5.4549  5.4119
  72  0.712099  3.7500  4.5886 -0.3448  7.1765  6.0217  5.5572  5.4161  5.3754
  73  0.716392  3.7520  4.5829 -0.3283  7.1096  5.9727  5.5158  5.3778  5.3394
  74  0.720602  3.7540  4.5772 -0.3121  7.0450  5.9248  5.4754  5.3403  5.3042
  75  0.724746  3.7559  4.5713 -0.2961  6.9823  5.8780  5.4356  5.3035  5.2693
  76  0.728819  3.7577  4.5654 -0.2803  6.9215  5.8321  5.3966  5.2671  5.2350
  77  0.732825  3.7595  4.5594 -0.2648  6.8622  5.7870  5.3582  5.2314  5.2012
  78  0.736765  3.7613  4.5534 -0.2495  6.8046  5.7428  5.3204  5.1962  5.1679
  79  0.740641  3.7629  4.5472 -0.2344  6.7485  5.6995  5.2833  5.1615  5.1349
  80  0.744460  3.7646  4.5409 -0.2194  6.6932  5.6570  5.2468  5.1274  5.1024
  81  0.748221  3.7661  4.5347 -0.2046  6.6388  5.6151  5.2110  5.0938  5.0704
  82  0.752915  3.7681  4.5265 -0.1861  6.5718  5.5630  5.1659  5.0515  5.0302
  83  0.757564  3.7700  4.5182 -0.1675  6.5059  5.5111  5.1212  5.0093  4.9899
  84  0.762154  3.7718  4.5095 -0.1492  6.4416  5.4599  5.0766  4.9674  4.9497
  85  0.766677  3.7735  4.5008 -0.1309  6.3788  5.4091  5.0323  4.9257  4.9097
  86  0.771127  3.7752  4.4920 -0.1127  6.3176  5.3590  4.9886  4.8844  4.8700
  87  0.775498  3.7768  4.4830 -0.0949  6.2580  5.3096  4.9453  4.8434  4.8306
  88  0.779789  3.7784  4.4741 -0.0771  6.1999  5.2609  4.9023  4.8030  4.7918
  89  0.783997  3.7800  4.4652 -0.0597  6.1442  5.2125  4.8597  4.7628  4.7533
  90  0.788121  3.7815  4.4564 -0.0424  6.0901  5.1649  4.8175  4.7230  4.7151
  91  0.792166  3.7830  4.4476 -0.0255  6.0372  5.1179  4.7760  4.6838  4.6775
  92  0.796132  3.7844  4.4389 -0.0087  5.9854  5.0715  4.7348  4.6451  4.6403
  93  0.800024  3.7860  4.4302  0.0079  5.9348  5.0258  4.6942  4.6068  4.6037
  94  0.803852  3.7874  4.4216  0.0243  5.8851  4.9806  4.6541  4.5691  4.5673
  95  0.807611  3.7888  4.4130  0.0405  5.8364  4.9360  4.6144  4.5317  4.5314
  96  0.811306  3.7902  4.4045  0.0566  5.7885  4.8920  4.5751  4.4947  4.4958
  97  0.814933  3.7915  4.3959  0.0724  5.7416  4.8485  4.5362  4.4580  4.4605
  98  0.818494  3.7928  4.3874  0.0882  5.6953  4.8055  4.4977  4.4216  4.4254
  99  0.821985  3.7941  4.3786  0.1037  5.6492  4.7632  4.4598  4.3855  4.3906
 100  0.825403  3.7953  4.3699  0.1192  5.6040  4.7214  4.4221  4.3498  4.3561
 101  0.828749  3.7965  4.3611  0.1346  5.5595  4.6802  4.3848  4.3143  4.3216
 102  0.832023  3.7976  4.3521  0.1497  5.5159  4.6395  4.3478  4.2790  4.2875
 103  0.835222  3.7987  4.3431  0.1647  5.4732  4.5992  4.3113  4.2441  4.2536
 104  0.838352  3.7997  4.3339  0.1795  5.4312  4.5596  4.2750  4.2094  4.2198
 105  0.841418  3.8006  4.3247  0.1942  5.3900  4.5204  4.2391  4.1749  4.1863
 106  0.844415  3.8015  4.3154  0.2087  5.3496  4.4819  4.2036  4.1408  4.1530
 107  0.847356  3.8024  4.3058  0.2231  5.3100  4.4437  4.1683  4.1070  4.1198
 108  0.850236  3.8031  4.2962  0.2374  5.2713  4.4063  4.1335  4.0733  4.0869
 109  0.853055  3.8039  4.2865  0.2513  5.2334  4.3694  4.0991  4.0400  4.0542
 110  0.855791  3.8045  4.2767  0.2652  5.1963  4.3330  4.0650  4.0071  4.0219
 111  0.858386  3.8052  4.2671  0.2787  5.1597  4.2972  4.0315  3.9746  3.9901
 112  0.859409  3.8055  4.2633  0.2842  5.1449  4.2828  4.0181  3.9617  3.9774
 113  0.860431  3.8058  4.2594  0.2897  5.1301  4.2683  4.0045  3.9485  3.9645
 114  0.861452  3.8060  4.2554  0.2953  5.1153  4.2535  3.9908  3.9352  3.9513
 115  0.862470  3.8063  4.2512  0.3010  5.1003  4.2388  3.9767  3.9217  3.9380
 116  0.863485  3.8065  4.2469  0.3067  5.0854  4.2239  3.9627  3.9079  3.9245
 117  0.864498  3.8067  4.2425  0.3124  5.0704  4.2089  3.9484  3.8940  3.9108
 118  0.865508  3.8069  4.2379  0.3183  5.0553  4.1937  3.9340  3.8799  3.8969
 119  0.866516  3.8071  4.2333  0.3242  5.0401  4.1784  3.9194  3.8657  3.8827
 120  0.867522  3.8072  4.2285  0.3302  5.0248  4.1630  3.9046  3.8512  3.8684
 121  0.868525  3.8074  4.2236  0.3362  5.0094  4.1475  3.8897  3.8366  3.8539
 122  0.869526  3.8075  4.2186  0.3423  4.9940  4.1318  3.8747  3.8218  3.8393
 123  0.870525  3.8076  4.2135  0.3484  4.9785  4.1161  3.8594  3.8068  3.8244
 124  0.871519  3.8078  4.2082  0.3546  4.9629  4.1002  3.8440  3.7917  3.8093
 125  0.872509  3.8079  4.2030  0.3608  4.9471  4.0841  3.8284  3.7762  3.7939
 126  0.873497  3.8080  4.1975  0.3671  4.9313  4.0680  3.8127  3.7607  3.7785
 127  0.874484  3.8080  4.1920  0.3735  4.9154  4.0517  3.7969  3.7451  3.7629
 128  0.875471  3.8081  4.1863  0.3799  4.8996  4.0354  3.7809  3.7293  3.7471
 129  0.876454  3.8082  4.1806  0.3863  4.8837  4.0190  3.7648  3.7133  3.7312
 130  0.877433  3.8083  4.1746  0.3928  4.8677  4.0025  3.7484  3.6971  3.7150
 131  0.878410  3.8083  4.1686  0.3993  4.8518  3.9859  3.7320  3.6807  3.6985
 132  0.879383  3.8082  4.1623  0.4059  4.8359  3.9694  3.7154  3.6641  3.6818
 133  0.880350  3.8082  4.1558  0.4126  4.8198  3.9527  3.6987  3.6473  3.6650
 134  0.881314  3.8081  4.1492  0.4194  4.8039  3.9360  3.6817  3.6303  3.6479
 135  0.882270  3.8079  4.1424  0.4262  4.7879  3.9191  3.6646  3.6130  3.6304
 136  0.883223  3.8078  4.1354  0.4330  4.7720  3.9022  3.6474  3.5956  3.6129
 137  0.884169  3.8076  4.1282  0.4398  4.7560  3.8854  3.6301  3.5780  3.5951
 138  0.885108  3.8074  4.1209  0.4467  4.7401  3.8683  3.6124  3.5601  3.5769
 139  0.886041  3.8071  4.1134  0.4537  4.7241  3.8513  3.5947  3.5421  3.5586
 140  0.886966  3.8068  4.1056  0.4607  4.7084  3.8344  3.5769  3.5238  3.5401
 141  0.887884  3.8064  4.0977  0.4678  4.6927  3.8172  3.5588  3.5053  3.5212
 142  0.888792  3.8060  4.0895  0.4750  4.6770  3.8002  3.5407  3.4866  3.5022
 143  0.889690  3.8056  4.0810  0.4821  4.6615  3.7831  3.5225  3.4678  3.4829
 144  0.890582  3.8051  4.0723  0.4893  4.6461  3.7660  3.5040  3.4486  3.4632
 145  0.891462  3.8046  4.0633  0.4965  4.6310  3.7491  3.4854  3.4293  3.4434
 146  0.892333  3.8040  4.0541  0.5038  4.6159  3.7321  3.4668  3.4098  3.4233
 147  0.893192  3.8033  4.0446  0.5111  4.6013  3.7153  3.4479  3.3900  3.4028
 148  0.894041  3.8026  4.0346  0.5184  4.5868  3.6986  3.4290  3.3700  3.3821
 149  0.894879  3.8017  4.0244  0.5258  4.5726  3.6819  3.4099  3.3497  3.3610
 150  0.895706  3.8008  4.0139  0.5332  4.5590  3.6655  3.3908  3.3294  3.3397
 151  0.896521  3.7998  4.0029  0.5406  4.5457  3.6493  3.3716  3.3086  3.3180
 152  0.897324  3.7987  3.9913  0.5480  4.5330  3.6334  3.3524  3.2878  3.2960
 153  0.898117  3.7975  3.9793  0.5554  4.5211  3.6178  3.3331  3.2666  3.2736
 154  0.898899  3.7961  3.9668  0.5628  4.5097  3.6026  3.3138  3.2454  3.2510
 155  0.899670  3.7945  3.9534  0.5701  4.4998  3.5882  3.2945  3.2237  3.2277
 156  0.900432  3.7929  3.9397  0.5776  4.4903  3.5739  3.2753  3.2020  3.2042
 157  0.901186  3.7908  3.9247  0.5848  4.4822  3.5611  3.2565  3.1801  3.1802
 158  0.901914  3.7879  3.9066  0.5917  4.4796  3.5517  3.2383  3.1576  3.1546
 159  0.902627  3.7845  3.8865  0.5983  4.4816  3.5450  3.2210  3.1349  3.1283
 160  0.903327  3.7805  3.8644  0.6046  4.4901  3.5413  3.2045  3.1123  3.1013
 161  0.904042  3.7761  3.8413  0.6105  4.5062  3.5395  3.1879  3.0891  3.0736
 162  0.904626  3.7734  3.8264  0.6152  4.5157  3.5357  3.1749  3.0721  3.0539
 163  0.905212  3.7704  3.8105  0.6192  4.5310  3.5349  3.1630  3.0556  3.0345
 164  0.905800  3.7670  3.7937  0.6228  4.5523  3.5370  3.1524  3.0399  3.0153
 165  0.906388  3.7632  3.7759  0.6259  4.5791  3.5419  3.1433  3.0251  2.9965
 166  0.906975  3.7591  3.7569  0.6287  4.6097  3.5493  3.1358  3.0112  2.9782
 167  0.907552  3.7548  3.7365  0.6319  4.6435  3.5574  3.1280  2.9966  2.9588
 168  0.908112  3.7505  3.7150  0.6364  4.6764  3.5628  3.1177  2.9796  2.9368
 169  0.908639  3.7464  3.6928  0.6427  4.7040  3.5631  3.1031  2.9586  2.9111
 170  0.909118  3.7429  3.6709  0.6508  4.7228  3.5569  3.0841  2.9341  2.8826
 171  0.909545  3.7401  3.6502  0.6604  4.7320  3.5450  3.0614  2.9070  2.8522
 172  0.909929  3.7378  3.6306  0.6709  4.7335  3.5288  3.0366  2.8785  2.8209
 173  0.910275  3.7359  3.6122  0.6820  4.7288  3.5094  3.0102  2.8491  2.7892
 174  0.910597  3.7343  3.5945  0.6933  4.7201  3.4882  2.9829  2.8193  2.7574
 175  0.910898  3.7329  3.5777  0.7049  4.7079  3.4653  2.9550  2.7892  2.7257
 176  0.911184  3.7318  3.5615  0.7166  4.6932  3.4412  2.9266  2.7588  2.6940
 177  0.911458  3.7308  3.5459  0.7286  4.6761  3.4160  2.8977  2.7284  2.6623
 178  0.911722  3.7299  3.5304  0.7404  4.6586  3.3907  2.8689  2.6981  2.6307
 179  0.911978  3.7292  3.5154  0.7525  4.6387  3.3644  2.8397  2.6676  2.5993
 180  0.912230  3.7284  3.5006  0.7644  4.6185  3.3380  2.8105  2.6372  2.5680
 181  0.912475  3.7278  3.4861  0.7764  4.5971  3.3111  2.7812  2.6068  2.5368
 182  0.912768  3.7270  3.4683  0.7911  4.5703  3.2780  2.7452  2.5696  2.4985
 183  0.913061  3.7262  3.4506  0.8061  4.5419  3.2439  2.7086  2.5318  2.4598
 184  0.913353  3.7255  3.4329  0.8214  4.5123  3.2089  2.6713  2.4935  2.4206
 185  0.913644  3.7249  3.4152  0.8368  4.4817  3.1734  2.6336  2.4547  2.3811
 186  0.913935  3.7243  3.3974  0.8523  4.4504  3.1375  2.5956  2.4157  2.3413
 187  0.914225  3.7238  3.3796  0.8680  4.4182  3.1010  2.5571  2.3763  2.3012
 188  0.914514  3.7232  3.3617  0.8839  4.3853  3.0640  2.5183  2.3366  2.2607
 189  0.914803  3.7227  3.3438  0.8999  4.3516  3.0263  2.4789  2.2964  2.2199
 190  0.915090  3.7223  3.3258  0.9161  4.3168  2.9880  2.4391  2.2558  2.1786
 191  0.915376  3.7218  3.3074  0.9327  4.2815  2.9492  2.3984  2.2145  2.1365
 192  0.915660  3.7213  3.2888  0.9494  4.2460  2.9098  2.3576  2.1727  2.0941
 193  0.915943  3.7208  3.2701  0.9662  4.2094  2.8699  2.3160  2.1304  2.0511
 194  0.916224  3.7203  3.2513  0.9835  4.1721  2.8292  2.2737  2.0873  2.0074
 195  0.916501  3.7199  3.2316  1.0014  4.1331  2.7869  2.2298  2.0426  1.9621
 196  0.916772  3.7194  3.2111  1.0200  4.0926  2.7426  2.1841  1.9960  1.9147
 197  0.917033  3.7188  3.1893  1.0397  4.0499  2.6960  2.1356  1.9466  1.8646
 198  0.917286  3.7183  3.1665  1.0603  4.0055  2.6474  2.0851  1.8952  1.8124
 199  0.917532  3.7177  3.1431  1.0817  3.9592  2.5970  2.0328  1.8419  1.7583
 200  0.917769  3.7171  3.1187  1.1037  3.9120  2.5453  1.9789  1.7870  1.7024
 201  0.918001  3.7164  3.0938  1.1262  3.8637  2.4923  1.9237  1.7308  1.6453
 202  0.918226  3.7158  3.0681  1.1492  3.8138  2.4382  1.8673  1.6731  1.5867
 203  0.918443  3.7150  3.0418  1.1728  3.7628  2.3828  1.8096  1.6142  1.5268
 204  0.918656  3.7143  3.0150  1.1968  3.7111  2.3266  1.7510  1.5543  1.4658
 205  0.918861  3.7135  2.9875  1.2213  3.6595  2.2697  1.6912  1.4932  1.4035
 206  0.919060  3.7126  2.9592  1.2461  3.6080  2.2125  1.6308  1.4312  1.3402
 207  0.919253  3.7117  2.9304  1.2714  3.5561  2.1543  1.5692  1.3680  1.2758
 208  0.919439  3.7109  2.9011  1.2970  3.5039  2.0956  1.5069  1.3040  1.2103
 209  0.919618  3.7098  2.8710  1.3230  3.4523  2.0366  1.4440  1.2391  1.1439
 210  0.919790  3.7088  2.8409  1.3493  3.3985  1.9762  1.3798  1.1733  1.0767
 211  0.919957  3.7078  2.8101  1.3761  3.3457  1.9157  1.3153  1.1068  1.0086
 212  0.920116  3.7067  2.7788  1.4030  3.2927  1.8546  1.2500  1.0395  0.9397
 213  0.920270  3.7055  2.7470  1.4303  3.2406  1.7935  1.1843  0.9716  0.8701
 214  0.920417  3.7041  2.7142  1.4577  3.1910  1.7330  1.1184  0.9032  0.7997
 215  0.920557  3.7028  2.6813  1.4855  3.1404  1.6716  1.0519  0.8342  0.7287
 216  0.920691  3.7017  2.6488  1.5134  3.0873  1.6088  0.9843  0.7645  0.6573
 217  0.920713  3.7015  2.6435  1.5180  3.0790  1.5987  0.9733  0.7532  0.6457
 218  0.920734  3.7013  2.6380  1.5226  3.0707  1.5884  0.9623  0.7417  0.6340
 219  0.920755  3.7011  2.6327  1.5272  3.0623  1.5782  0.9513  0.7304  0.6223
 220  0.920776  3.7009  2.6272  1.5318  3.0540  1.5681  0.9403  0.7189  0.6105
 221  0.920797  3.7006  2.6217  1.5364  3.0458  1.5579  0.9292  0.7074  0.5987
 222  0.920818  3.7004  2.6160  1.5410  3.0386  1.5481  0.9182  0.6959  0.5868
 223  0.920839  3.7001  2.6104  1.5457  3.0307  1.5379  0.9070  0.6844  0.5749
 224  0.920859  3.6999  2.6048  1.5504  3.0221  1.5274  0.8957  0.6727  0.5628
 225  0.920880  3.6997  2.5993  1.5551  3.0138  1.5171  0.8845  0.6609  0.5508
 226  0.920900  3.6995  2.5937  1.5598  3.0053  1.5066  0.8731  0.6491  0.5387
 227  0.921094  3.6973  2.5379  1.6070  2.9283  1.4029  0.7598  0.5317  0.4182
 228  0.921271  3.6950  2.4824  1.6534  2.8566  1.3019  0.6485  0.4161  0.2994
 229  0.921429  3.6926  2.4279  1.6986  2.7915  1.2048  0.5407  0.3037  0.1837
 230  0.921574  3.6902  2.3732  1.7436  2.7303  1.1091  0.4337  0.1918  0.0684
 231  0.921711  3.6877  2.3185  1.7883  2.6724  1.0149  0.3275  0.0806 -0.0463
 232  0.921833  3.6854  2.2681  1.8295  2.6211  0.9288  0.2299 -0.0217 -0.1518
 233  0.921945  3.6834  2.2238  1.8658  2.5772  0.8535  0.1443 -0.1115 -0.2446
 234  0.922051  3.6822  2.1963  1.8886  2.5474  0.8056  0.0903 -0.1681 -0.3029
 235  0.922156  3.6835  2.2163  1.8738  2.5550  0.8329  0.1241 -0.1317 -0.2646
 236  0.922276  3.6842  2.2236  1.8692  2.5514  0.8393  0.1337 -0.1207 -0.2526
 237  0.922399  3.6810  2.1572  1.9231  2.4886  0.7286  0.0071 -0.2540 -0.3906
 238  0.922507  3.6779  2.0935  1.9747  2.4258  0.6235 -0.1134 -0.3809 -0.5222
 239  0.922605  3.6750  2.0309  2.0254  2.3659  0.5211 -0.2308 -0.5051 -0.6510
 240  0.922692  3.6720  1.9696  2.0747  2.3113  0.4231 -0.3443 -0.6253 -0.7761
 241  0.922770  3.6690  1.9110  2.1215  2.2637  0.3318 -0.4513 -0.7390 -0.8946
 242  0.922840  3.6661  1.8534  2.1675  2.2198  0.2430 -0.5557 -0.8503 -1.0108
 243  0.922902  3.6631  1.7963  2.2129  2.1793  0.1564 -0.6584 -0.9598 -1.1252
 244  0.922960  3.6602  1.7399  2.2577  2.1437  0.0723 -0.7588 -1.0673 -1.2378
 245  0.923012  3.6573  1.6839  2.3020  2.1112 -0.0098 -0.8576 -1.1733 -1.3488
 246  0.923058  3.6545  1.6303  2.3444  2.0829 -0.0873 -0.9514 -1.2743 -1.4548
 247  0.923100  3.6517  1.5772  2.3863  2.0574 -0.1629 -1.0437 -1.3738 -1.5595
 248  0.923138  3.6489  1.5250  2.4273  2.0354 -0.2358 -1.1333 -1.4707 -1.6616
 249  0.923174  3.6460  1.4737  2.4672  2.0186 -0.3048 -1.2196 -1.5645 -1.7606
 250  0.923206  3.6433  1.4229  2.5065  2.0062 -0.3711 -1.3038 -1.6565 -1.8580
 251  0.923235  3.6404  1.3732  2.5449  1.9974 -0.4343 -1.3853 -1.7457 -1.9525
 252  0.923262  3.6376  1.3247  2.5821  1.9920 -0.4943 -1.4637 -1.8321 -2.0442
 253  0.923287  3.6348  1.2770  2.6187  1.9890 -0.5521 -1.5403 -1.9166 -2.1341
 254  0.923309  3.6320  1.2299  2.6546  1.9893 -0.6075 -1.6145 -1.9991 -2.2222
 255  0.923330  3.6292  1.1838  2.6897  1.9920 -0.6602 -1.6864 -2.0793 -2.3079
 256  0.923349  3.6265  1.1387  2.7239  1.9969 -0.7104 -1.7556 -2.1570 -2.3913
 257  0.923367  3.6238  1.0944  2.7577  2.0042 -0.7584 -1.8229 -2.2330 -2.4730
 258  0.923384  3.6212  1.0509  2.7906  2.0145 -0.8040 -1.8885 -2.3070 -2.5526
 259  0.923399  3.6186  1.0085  2.8227  2.0266 -0.8470 -1.9514 -2.3786 -2.6299
 260  0.923413  3.6160  0.9668  2.8540  2.0420 -0.8872 -2.0118 -2.4477 -2.7050
 261  0.923428  3.6134  0.9258  2.8848  2.0592 -0.9252 -2.0701 -2.5152 -2.7786
 262  0.923440  3.6109  0.8857  2.9148  2.0771 -0.9612 -2.1263 -2.5807 -2.8501
 263  0.923452  3.6084  0.8463  2.9443  2.0961 -0.9957 -2.1808 -2.6447 -2.9203
 264  0.923462  3.6060  0.8079  2.9730  2.1157 -1.0280 -2.2329 -2.7065 -2.9885
 265  0.923473  3.6036  0.7701  3.0011  2.1360 -1.0587 -2.2831 -2.7667 -3.0552
 266  0.923482  3.6012  0.7329  3.0288  2.1572 -1.0880 -2.3326 -2.8258 -3.1208
 267  0.923491  3.5989  0.6966  3.0559  2.1789 -1.1158 -2.3806 -2.8832 -3.1847
 268  0.923499  3.5967  0.6612  3.0823  2.2008 -1.1418 -2.4264 -2.9388 -3.2468
 269  0.923507  3.5944  0.6266  3.1081  2.2230 -1.1659 -2.4701 -2.9926 -3.3074
 270  0.923515  3.5923  0.5924  3.1335  2.2454 -1.1887 -2.5120 -3.0453 -3.3672
 271  0.923522  3.5901  0.5593  3.1582  2.2673 -1.2098 -2.5517 -3.0960 -3.4251
 272  0.923529  3.5880  0.5268  3.1824  2.2888 -1.2296 -2.5895 -3.1455 -3.4819
 273  0.923535  3.5859  0.4946  3.2062  2.3126 -1.2467 -2.6247 -3.1932 -3.5376
 274  0.923541  3.5839  0.4633  3.2294  2.3374 -1.2613 -2.6575 -3.2393 -3.5920
 275  0.923547  3.5819  0.4327  3.2519  2.3621 -1.2742 -2.6877 -3.2836 -3.6449
 276  0.923552  3.5798  0.4020  3.2740  2.3902 -1.2832 -2.7145 -3.3256 -3.6964
 277  0.923557  3.5778  0.3724  3.2955  2.4156 -1.2926 -2.7410 -3.3665 -3.7469
 278  0.923562  3.5760  0.3446  3.3159  2.4361 -1.3027 -2.7661 -3.4058 -3.7951
 279  0.923567  3.5744  0.3203  3.3340  2.4525 -1.3115 -2.7876 -3.4401 -3.8374
