#NUMBER OF AGES= 1
#----------------------------------------------------       
#MIX-LEN  Y      Z          Zeff        [Fe/H] [a/Fe]
# 1.9380  0.2488 2.3381E-03 1.7027E-03  -1.00   0.20 
#----------------------------------------------------       
#**PHOTOMETRIC SYSTEM**: SDSS (AB)                          
#----------------------------------------------------       
#AGE= 9.500 EEPS=269
#EEP   M/Mo    LogTeff  LogG   LogL/Lo sdss_u  sdss_g  sdss_r  sdss_i  sdss_z
  11  0.105691  3.5207  5.3363 -2.8383 18.0416 14.5725 12.9280 11.9288 11.3700
  12  0.118850  3.5237  5.2765 -2.7154 17.5872 14.2029 12.5753 11.6099 11.0643
  13  0.134877  3.5272  5.2147 -2.5848 17.1078 13.8089 12.1997 11.2701 10.7394
  14  0.155192  3.5323  5.1584 -2.4469 16.5779 13.3747 11.7888 10.9059 10.3968
  15  0.177630  3.5396  5.1190 -2.3197 16.0444 12.9420 11.3846 10.5604 10.0814
  16  0.196232  3.5454  5.0928 -2.2268 15.6560 12.6235 11.0886 10.3072  9.8513
  17  0.211285  3.5494  5.0716 -2.1580 15.3846 12.3960 10.8766 10.1221  9.6811
  18  0.224831  3.5525  5.0539 -2.1006 15.1631 12.2084 10.7017  9.9682  9.5393
  19  0.237972  3.5553  5.0380 -2.0488 14.9670 12.0406 10.5453  9.8299  9.4114
  20  0.251351  3.5580  5.0231 -1.9997 14.7839 11.8827 10.3982  9.6989  9.2901
  21  0.267904  3.5608  5.0070 -1.9444 14.5820 11.7070 10.2342  9.5523  9.1540
  22  0.284630  3.5635  4.9919 -1.8923 14.3950 11.5427 10.0810  9.4146  9.0259
  23  0.298042  3.5656  4.9797 -1.8518 14.2511 11.4156  9.9626  9.3078  8.9263
  24  0.307132  3.5669  4.9713 -1.8248 14.1558 11.3311  9.8841  9.2367  8.8602
  25  0.313808  3.5679  4.9656 -1.8059 14.0893 11.2721  9.8292  9.1870  8.8137
  26  0.318775  3.5686  4.9614 -1.7920 14.0402 11.2285  9.7887  9.1503  8.7795
  27  0.322677  3.5692  4.9579 -1.7809 14.0011 11.1938  9.7564  9.1212  8.7523
  28  0.326307  3.5697  4.9548 -1.7707 13.9650 11.1617  9.7268  9.0944  8.7275
  29  0.330242  3.5703  4.9517 -1.7600 13.9266 11.1277  9.6953  9.0662  8.7013
  30  0.334834  3.5711  4.9481 -1.7476 13.8821 11.0883  9.6589  9.0334  8.6709
  31  0.340661  3.5720  4.9436 -1.7319 13.8253 11.0382  9.6127  8.9919  8.6326
  32  0.347639  3.5731  4.9376 -1.7125 13.7552 10.9764  9.5560  8.9407  8.5851
  33  0.375691  3.5786  4.9089 -1.6285 13.4452 10.7034  9.3069  8.7184  8.3805
  34  0.409755  3.5869  4.8684 -1.5172 13.0164 10.3310  8.9740  8.4235  8.1106
  35  0.425144  3.5911  4.8483 -1.4640 12.8070 10.1506  8.8156  8.2830  7.9817
  36  0.438273  3.5951  4.8307 -1.4169 12.6179  9.9879  8.6744  8.1583  7.8677
  37  0.451768  3.5998  4.8126 -1.3673 12.4154  9.8140  8.5255  8.0272  7.7481
  38  0.466354  3.6054  4.7934 -1.3120 12.1857  9.6169  8.3597  7.8815  7.6153
  39  0.479909  3.6111  4.7759 -1.2593 11.9627  9.4249  8.2011  7.7426  7.4886
  40  0.491591  3.6164  4.7618 -1.2132 11.7641  9.2539  8.0624  7.6217  7.3787
  41  0.501414  3.6212  4.7509 -1.1745 11.5937  9.1071  7.9452  7.5199  7.2863
  42  0.509815  3.6256  4.7422 -1.1411 11.4444  8.9776  7.8431  7.4320  7.2072
  43  0.517324  3.6298  4.7351 -1.1107 11.3061  8.8570  7.7490  7.3519  7.1356
  44  0.524760  3.6342  4.7285 -1.0802 11.1635  8.7340  7.6541  7.2717  7.0640
  45  0.532729  3.6392  4.7221 -1.0474 11.0046  8.5994  7.5516  7.1852  6.9872
  46  0.541812  3.6451  4.7156 -1.0101 10.8142  8.4441  7.4348  7.0868  6.8999
  47  0.552355  3.6520  4.7086 -0.9670 10.5772  8.2625  7.3001  6.9729  6.7987
  48  0.563738  3.6599  4.7021 -0.9203 10.3021  8.0630  7.1540  6.8491  6.6887
  49  0.575407  3.6682  4.6963 -0.8722 10.0054  7.8593  7.0054  6.7216  6.5747
  50  0.587016  3.6765  4.6907 -0.8248  9.7036  7.6626  6.8613  6.5960  6.4617
  51  0.598330  3.6844  4.6845 -0.7790  9.4052  7.4792  6.7262  6.4768  6.3536
  52  0.603607  3.6879  4.6813 -0.7579  9.2647  7.3969  6.6651  6.4226  6.3042
  53  0.608865  3.6914  4.6780 -0.7369  9.1269  7.3165  6.6051  6.3691  6.2553
  54  0.614100  3.6948  4.6746 -0.7161  8.9931  7.2381  6.5458  6.3162  6.2069
  55  0.619305  3.6982  4.6712 -0.6954  8.8643  7.1616  6.4875  6.2640  6.1591
  56  0.624473  3.7015  4.6676 -0.6750  8.7496  7.0879  6.4298  6.2122  6.1118
  57  0.629613  3.7048  4.6639 -0.6547  8.6442  7.0165  6.3728  6.1609  6.0649
  58  0.634716  3.7079  4.6601 -0.6346  8.5437  6.9469  6.3166  6.1103  6.0187
  59  0.639783  3.7111  4.6562 -0.6147  8.4472  6.8793  6.2616  6.0605  5.9731
  60  0.644803  3.7141  4.6521 -0.5951  8.3533  6.8132  6.2074  6.0115  5.9282
  61  0.649777  3.7171  4.6480 -0.5756  8.2591  6.7483  6.1545  5.9634  5.8840
  62  0.654695  3.7200  4.6437 -0.5564  8.1617  6.6848  6.1028  5.9164  5.8405
  63  0.659573  3.7229  4.6394 -0.5374  8.0657  6.6225  6.0520  5.8700  5.7977
  64  0.664393  3.7257  4.6350 -0.5186  7.9715  6.5616  6.0023  5.8245  5.7557
  65  0.669162  3.7284  4.6304 -0.5000  7.8794  6.5019  5.9535  5.7798  5.7143
  66  0.673879  3.7311  4.6258 -0.4816  7.7895  6.4434  5.9056  5.7359  5.6735
  67  0.678539  3.7336  4.6210 -0.4634  7.7028  6.3861  5.8585  5.6927  5.6334
  68  0.683140  3.7361  4.6161 -0.4455  7.6197  6.3301  5.8123  5.6505  5.5940
  69  0.687684  3.7386  4.6110 -0.4278  7.5392  6.2752  5.7671  5.6088  5.5552
  70  0.692162  3.7409  4.6059 -0.4103  7.4613  6.2215  5.7226  5.5679  5.5171
  71  0.696572  3.7432  4.6006 -0.3931  7.3860  6.1690  5.6789  5.5278  5.4795
  72  0.700917  3.7455  4.5952 -0.3761  7.3133  6.1176  5.6361  5.4883  5.4425
  73  0.705187  3.7476  4.5897 -0.3595  7.2429  6.0673  5.5940  5.4494  5.4062
  74  0.709368  3.7497  4.5841 -0.3431  7.1753  6.0184  5.5529  5.4114  5.3704
  75  0.713479  3.7517  4.5784 -0.3269  7.1101  5.9706  5.5125  5.3740  5.3351
  76  0.717513  3.7536  4.5726 -0.3111  7.0471  5.9237  5.4729  5.3372  5.3005
  77  0.721473  3.7554  4.5668 -0.2954  6.9858  5.8779  5.4340  5.3011  5.2664
  78  0.725364  3.7572  4.5609 -0.2800  6.9263  5.8330  5.3958  5.2655  5.2328
  79  0.729185  3.7590  4.5549 -0.2648  6.8686  5.7891  5.3582  5.2306  5.1997
  80  0.732943  3.7606  4.5488 -0.2499  6.8126  5.7461  5.3214  5.1961  5.1670
  81  0.736639  3.7622  4.5427 -0.2351  6.7578  5.7038  5.2850  5.1622  5.1348
  82  0.741277  3.7642  4.5348 -0.2164  6.6895  5.6507  5.2394  5.1195  5.0942
  83  0.745882  3.7661  4.5267 -0.1979  6.6217  5.5983  5.1943  5.0771  5.0538
  84  0.750447  3.7681  4.5183 -0.1793  6.5550  5.5462  5.1494  5.0349  5.0134
  85  0.754959  3.7699  4.5097 -0.1608  6.4896  5.4946  5.1045  4.9927  4.9731
  86  0.759409  3.7717  4.5009 -0.1425  6.4257  5.4434  5.0601  4.9507  4.9329
  87  0.763787  3.7734  4.4919 -0.1242  6.3635  5.3929  5.0158  4.9089  4.8928
  88  0.768086  3.7750  4.4829 -0.1062  6.3027  5.3430  4.9720  4.8676  4.8530
  89  0.772304  3.7766  4.4737 -0.0883  6.2435  5.2936  4.9287  4.8266  4.8136
  90  0.776435  3.7781  4.4645 -0.0705  6.1857  5.2451  4.8857  4.7860  4.7745
  91  0.780480  3.7796  4.4554 -0.0531  6.1302  5.1969  4.8431  4.7457  4.7358
  92  0.784437  3.7811  4.4462 -0.0358  6.0763  5.1493  4.8009  4.7058  4.6975
  93  0.788309  3.7825  4.4370 -0.0188  6.0238  5.1025  4.7592  4.6664  4.6596
  94  0.792099  3.7840  4.4279 -0.0021  5.9724  5.0563  4.7179  4.6275  4.6221
  95  0.795807  3.7854  4.4189  0.0146  5.9221  5.0107  4.6773  4.5891  4.5851
  96  0.799440  3.7867  4.4099  0.0310  5.8727  4.9656  4.6371  4.5510  4.5486
  97  0.803006  3.7880  4.4009  0.0472  5.8244  4.9213  4.5973  4.5135  4.5123
  98  0.806508  3.7893  4.3918  0.0633  5.7768  4.8775  4.5580  4.4762  4.4765
  99  0.809947  3.7906  4.3829  0.0791  5.7302  4.8341  4.5191  4.4393  4.4409
 100  0.813323  3.7918  4.3739  0.0949  5.6843  4.7913  4.4806  4.4028  4.4056
 101  0.816633  3.7930  4.3649  0.1104  5.6392  4.7491  4.4423  4.3666  4.3706
 102  0.819881  3.7941  4.3558  0.1259  5.5943  4.7075  4.4047  4.3307  4.3359
 103  0.823066  3.7952  4.3466  0.1411  5.5503  4.6664  4.3674  4.2952  4.3014
 104  0.826188  3.7963  4.3374  0.1563  5.5070  4.6259  4.3304  4.2598  4.2670
 105  0.829254  3.7973  4.3280  0.1713  5.4645  4.5859  4.2938  4.2247  4.2328
 106  0.832263  3.7982  4.3186  0.1861  5.4229  4.5463  4.2575  4.1899  4.1990
 107  0.835223  3.7991  4.3090  0.2008  5.3819  4.5073  4.2215  4.1553  4.1652
 108  0.838135  3.8000  4.2994  0.2153  5.3418  4.4688  4.1859  4.1210  4.1316
 109  0.840997  3.8007  4.2895  0.2297  5.3024  4.4308  4.1505  4.0869  4.0982
 110  0.843781  3.8015  4.2796  0.2439  5.2638  4.3934  4.1156  4.0530  4.0649
 111  0.846420  3.8022  4.2698  0.2579  5.2257  4.3564  4.0810  4.0197  4.0323
 112  0.847433  3.8025  4.2660  0.2634  5.2107  4.3419  4.0675  4.0066  4.0195
 113  0.848443  3.8028  4.2621  0.2690  5.1957  4.3272  4.0539  3.9935  4.0066
 114  0.849451  3.8030  4.2581  0.2746  5.1807  4.3125  4.0401  3.9801  3.9935
 115  0.850453  3.8033  4.2539  0.2802  5.1656  4.2977  4.0261  3.9665  3.9802
 116  0.851452  3.8035  4.2497  0.2859  5.1504  4.2828  4.0120  3.9528  3.9666
 117  0.852446  3.8037  4.2452  0.2917  5.1353  4.2678  3.9978  3.9389  3.9529
 118  0.853436  3.8039  4.2407  0.2975  5.1201  4.2525  3.9834  3.9248  3.9390
 119  0.854423  3.8041  4.2361  0.3034  5.1047  4.2373  3.9688  3.9106  3.9248
 120  0.855406  3.8043  4.2313  0.3094  5.0894  4.2220  3.9541  3.8960  3.9105
 121  0.856385  3.8044  4.2265  0.3153  5.0740  4.2065  3.9392  3.8815  3.8960
 122  0.857360  3.8046  4.2215  0.3214  5.0585  4.1909  3.9241  3.8667  3.8814
 123  0.858333  3.8047  4.2164  0.3275  5.0430  4.1753  3.9090  3.8518  3.8666
 124  0.859298  3.8048  4.2112  0.3336  5.0274  4.1595  3.8936  3.8367  3.8516
 125  0.860259  3.8049  4.2060  0.3400  5.0116  4.1434  3.8781  3.8214  3.8364
 126  0.861217  3.8050  4.2006  0.3462  4.9958  4.1274  3.8625  3.8060  3.8211
 127  0.862175  3.8051  4.1951  0.3525  4.9800  4.1113  3.8468  3.7905  3.8056
 128  0.863128  3.8052  4.1895  0.3589  4.9642  4.0951  3.8310  3.7748  3.7898
 129  0.864078  3.8052  4.1838  0.3653  4.9483  4.0789  3.8149  3.7588  3.7740
 130  0.865025  3.8053  4.1779  0.3717  4.9324  4.0625  3.7988  3.7428  3.7580
 131  0.865968  3.8053  4.1719  0.3782  4.9166  4.0460  3.7825  3.7266  3.7417
 132  0.866905  3.8052  4.1657  0.3848  4.9008  4.0296  3.7661  3.7101  3.7252
 133  0.867838  3.8052  4.1593  0.3914  4.8849  4.0131  3.7495  3.6935  3.7085
 134  0.868765  3.8051  4.1528  0.3980  4.8690  3.9965  3.7326  3.6766  3.6915
 135  0.869688  3.8050  4.1461  0.4047  4.8531  3.9797  3.7158  3.6596  3.6744
 136  0.870604  3.8048  4.1391  0.4115  4.8373  3.9630  3.6987  3.6424  3.6570
 137  0.871513  3.8047  4.1321  0.4184  4.8215  3.9463  3.6815  3.6250  3.6394
 138  0.872416  3.8044  4.1248  0.4252  4.8057  3.9293  3.6641  3.6073  3.6215
 139  0.873312  3.8042  4.1174  0.4321  4.7900  3.9125  3.6466  3.5895  3.6034
 140  0.874200  3.8039  4.1098  0.4391  4.7742  3.8956  3.6289  3.5714  3.5851
 141  0.875081  3.8036  4.1019  0.4461  4.7587  3.8786  3.6110  3.5531  3.5664
 142  0.875953  3.8032  4.0937  0.4531  4.7432  3.8616  3.5931  3.5347  3.5476
 143  0.876816  3.8028  4.0854  0.4602  4.7277  3.8447  3.5750  3.5160  3.5285
 144  0.877671  3.8024  4.0768  0.4674  4.7125  3.8277  3.5567  3.4970  3.5091
 145  0.878516  3.8018  4.0680  0.4746  4.6974  3.8109  3.5383  3.4779  3.4894
 146  0.879351  3.8013  4.0589  0.4819  4.6826  3.7939  3.5197  3.4585  3.4694
 147  0.880176  3.8006  4.0494  0.4891  4.6679  3.7772  3.5011  3.4389  3.4492
 148  0.880991  3.7999  4.0396  0.4964  4.6535  3.7606  3.4823  3.4191  3.4286
 149  0.881796  3.7991  4.0296  0.5037  4.6395  3.7439  3.4634  3.3991  3.4079
 150  0.882590  3.7982  4.0191  0.5111  4.6259  3.7276  3.4445  3.3788  3.3866
 151  0.883372  3.7972  4.0080  0.5184  4.6128  3.7115  3.4253  3.3583  3.3651
 152  0.884144  3.7961  3.9965  0.5259  4.6005  3.6958  3.4062  3.3374  3.3431
 153  0.884904  3.7948  3.9843  0.5333  4.5891  3.6806  3.3870  3.3164  3.3207
 154  0.885654  3.7933  3.9714  0.5406  4.5786  3.6657  3.3678  3.2950  3.2979
 155  0.886395  3.7917  3.9578  0.5479  4.5687  3.6516  3.3489  3.2735  3.2746
 156  0.887126  3.7899  3.9438  0.5553  4.5594  3.6380  3.3299  3.2520  3.2511
 157  0.887852  3.7878  3.9285  0.5625  4.5523  3.6256  3.3112  3.2301  3.2271
 158  0.888553  3.7849  3.9102  0.5695  4.5508  3.6166  3.2933  3.2075  3.2014
 159  0.889242  3.7815  3.8903  0.5761  4.5538  3.6097  3.2758  3.1850  3.1753
 160  0.889922  3.7777  3.8689  0.5824  4.5638  3.6054  3.2589  3.1622  3.1484
 161  0.890615  3.7736  3.8467  0.5885  4.5812  3.6026  3.2416  3.1387  3.1208
 162  0.891190  3.7710  3.8321  0.5932  4.5905  3.5984  3.2282  3.1216  3.1011
 163  0.891766  3.7681  3.8165  0.5976  4.6052  3.5967  3.2159  3.1050  3.0815
 164  0.892345  3.7648  3.7999  0.6015  4.6255  3.5978  3.2048  3.0889  3.0621
 165  0.892919  3.7611  3.7817  0.6049  4.6509  3.6019  3.1953  3.0737  3.0428
 166  0.893489  3.7570  3.7621  0.6084  4.6808  3.6080  3.1865  3.0586  3.0232
 167  0.894050  3.7527  3.7410  0.6125  4.7130  3.6139  3.1767  3.0420  3.0018
 168  0.894590  3.7485  3.7188  0.6181  4.7427  3.6161  3.1637  3.0224  2.9774
 169  0.895093  3.7447  3.6962  0.6257  4.7662  3.6126  3.1460  2.9987  2.9493
 170  0.895544  3.7414  3.6742  0.6350  4.7803  3.6029  3.1242  2.9719  2.9187
 171  0.895948  3.7388  3.6534  0.6454  4.7855  3.5881  3.0996  2.9430  2.8867
 172  0.896314  3.7367  3.6338  0.6566  4.7840  3.5698  3.0730  2.9130  2.8540
 173  0.896649  3.7348  3.6152  0.6683  4.7767  3.5486  3.0451  2.8823  2.8211
 174  0.896962  3.7333  3.5973  0.6802  4.7659  3.5256  3.0165  2.8512  2.7881
 175  0.897258  3.7320  3.5801  0.6923  4.7519  3.5011  2.9871  2.8198  2.7552
 176  0.897539  3.7309  3.5635  0.7046  4.7355  3.4755  2.9573  2.7882  2.7222
 177  0.897809  3.7300  3.5474  0.7171  4.7168  3.4489  2.9271  2.7565  2.6893
 178  0.898072  3.7291  3.5315  0.7294  4.6976  3.4221  2.8970  2.7248  2.6565
 179  0.898327  3.7284  3.5161  0.7420  4.6760  3.3943  2.8664  2.6930  2.6238
 180  0.898576  3.7276  3.5008  0.7545  4.6541  3.3665  2.8359  2.6613  2.5911
 181  0.898821  3.7270  3.4858  0.7670  4.6312  3.3382  2.8052  2.6295  2.5586
 182  0.899103  3.7263  3.4682  0.7818  4.6037  3.3048  2.7691  2.5923  2.5204
 183  0.899384  3.7255  3.4506  0.7968  4.5749  3.2705  2.7325  2.5546  2.4818
 184  0.899664  3.7249  3.4331  0.8120  4.5448  3.2355  2.6953  2.5164  2.4428
 185  0.899945  3.7243  3.4155  0.8274  4.5139  3.2000  2.6577  2.4778  2.4034
 186  0.900224  3.7237  3.3978  0.8429  4.4824  3.1640  2.6198  2.4389  2.3637
 187  0.900503  3.7232  3.3802  0.8585  4.4499  3.1274  2.5814  2.3997  2.3238
 188  0.900781  3.7227  3.3625  0.8743  4.4168  3.0904  2.5426  2.3600  2.2835
 189  0.901059  3.7222  3.3446  0.8904  4.3827  3.0528  2.5033  2.3200  2.2427
 190  0.901336  3.7218  3.3267  0.9066  4.3479  3.0145  2.4635  2.2794  2.2015
 191  0.901610  3.7213  3.3083  0.9231  4.3125  2.9755  2.4229  2.2379  2.1594
 192  0.901884  3.7208  3.2899  0.9398  4.2766  2.9361  2.3819  2.1963  2.1170
 193  0.902157  3.7203  3.2712  0.9568  4.2399  2.8961  2.3404  2.1539  2.0741
 194  0.902428  3.7199  3.2523  0.9740  4.2023  2.8552  2.2980  2.1108  2.0303
 195  0.902693  3.7194  3.2326  0.9921  4.1627  2.8124  2.2537  2.0657  1.9846
 196  0.902952  3.7189  3.2118  1.0109  4.1216  2.7676  2.2072  2.0184  1.9366
 197  0.903201  3.7184  3.1897  1.0310  4.0783  2.7205  2.1583  1.9685  1.8859
 198  0.903444  3.7178  3.1668  1.0517  4.0335  2.6715  2.1073  1.9166  1.8332
 199  0.903679  3.7172  3.1432  1.0732  3.9867  2.6207  2.0547  1.8630  1.7788
 200  0.903907  3.7166  3.1186  1.0953  3.9392  2.5685  2.0003  1.8076  1.7225
 201  0.904130  3.7160  3.0936  1.1179  3.8899  2.5151  1.9448  1.7511  1.6651
 202  0.904346  3.7153  3.0678  1.1412  3.8393  2.4606  1.8880  1.6932  1.6062
 203  0.904555  3.7146  3.0413  1.1650  3.7880  2.4048  1.8300  1.6339  1.5458
 204  0.904759  3.7139  3.0144  1.1891  3.7359  2.3483  1.7709  1.5735  1.4845
 205  0.904955  3.7131  2.9866  1.2138  3.6839  2.2909  1.7107  1.5119  1.4217
 206  0.905147  3.7122  2.9581  1.2388  3.6321  2.2333  1.6498  1.4494  1.3579
 207  0.905331  3.7113  2.9290  1.2643  3.5797  2.1747  1.5878  1.3858  1.2929
 208  0.905510  3.7104  2.8995  1.2901  3.5270  2.1155  1.5251  1.3213  1.2270
 209  0.905681  3.7094  2.8694  1.3163  3.4744  2.0557  1.4614  1.2559  1.1601
 210  0.905846  3.7084  2.8388  1.3429  3.4209  1.9951  1.3970  1.1896  1.0923
 211  0.906006  3.7073  2.8078  1.3697  3.3678  1.9342  1.3319  1.1226  1.0237
 212  0.906159  3.7062  2.7764  1.3969  3.3146  1.8726  1.2662  1.0548  0.9543
 213  0.906305  3.7050  2.7442  1.4245  3.2621  1.8111  1.1999  0.9864  0.8841
 214  0.906446  3.7036  2.7108  1.4521  3.2132  1.7505  1.1336  0.9174  0.8130
 215  0.906581  3.7023  2.6779  1.4801  3.1614  1.6883  1.0663  0.8478  0.7416
 216  0.906709  3.7011  2.6450  1.5083  3.1091  1.6253  0.9984  0.7776  0.6696
 217  0.906729  3.7009  2.6397  1.5129  3.1007  1.6151  0.9875  0.7663  0.6580
 218  0.906749  3.7007  2.6342  1.5175  3.0924  1.6049  0.9764  0.7548  0.6462
 219  0.906769  3.7005  2.6289  1.5220  3.0841  1.5948  0.9655  0.7434  0.6345
 220  0.906789  3.7003  2.6234  1.5267  3.0759  1.5845  0.9543  0.7320  0.6227
 221  0.906809  3.7001  2.6179  1.5313  3.0675  1.5742  0.9431  0.7204  0.6108
 222  0.906829  3.6998  2.6124  1.5360  3.0595  1.5641  0.9320  0.7088  0.5989
 223  0.906848  3.6996  2.6068  1.5406  3.0513  1.5538  0.9208  0.6972  0.5869
 224  0.906869  3.6994  2.6013  1.5454  3.0428  1.5433  0.9095  0.6854  0.5749
 225  0.906888  3.6992  2.5957  1.5501  3.0349  1.5330  0.8982  0.6737  0.5629
 226  0.906908  3.6990  2.5901  1.5548  3.0270  1.5225  0.8867  0.6618  0.5507
 227  0.907091  3.6968  2.5342  1.6020  2.9505  1.4188  0.7734  0.5444  0.4302
 228  0.907260  3.6944  2.4781  1.6489  2.8785  1.3167  0.6609  0.4274  0.3100
 229  0.907410  3.6921  2.4235  1.6941  2.8138  1.2197  0.5531  0.3151  0.1944
 230  0.907547  3.6897  2.3689  1.7390  2.7531  1.1243  0.4463  0.2034  0.0793
 231  0.907677  3.6872  2.3142  1.7839  2.6950  1.0298  0.3399  0.0920 -0.0356
 232  0.907792  3.6849  2.2645  1.8246  2.6443  0.9446  0.2434 -0.0091 -0.1400
 233  0.907898  3.6829  2.2214  1.8598  2.6014  0.8715  0.1604 -0.0963 -0.2300
 234  0.908000  3.6819  2.1973  1.8800  2.5741  0.8290  0.1125 -0.1463 -0.2814
 235  0.908101  3.6836  2.2244  1.8595  2.5872  0.8673  0.1592 -0.0961 -0.2289
 236  0.908218  3.6834  2.2140  1.8691  2.5692  0.8455  0.1360 -0.1198 -0.2529
 237  0.908333  3.6802  2.1475  1.9231  2.5050  0.7347  0.0093 -0.2534 -0.3910
 238  0.908433  3.6772  2.0838  1.9747  2.4422  0.6295 -0.1110 -0.3802 -0.5226
 239  0.908524  3.6743  2.0217  2.0250  2.3830  0.5281 -0.2275 -0.5033 -0.6505
 240  0.908606  3.6712  1.9603  2.0743  2.3291  0.4304 -0.3409 -0.6234 -0.7754
 241  0.908679  3.6683  1.9019  2.1209  2.2822  0.3395 -0.4473 -0.7366 -0.8934
 242  0.908744  3.6653  1.8439  2.1672  2.2383  0.2504 -0.5524 -0.8486 -1.0103
 243  0.908803  3.6624  1.7872  2.2124  2.1985  0.1643 -0.6544 -0.9576 -1.1242
 244  0.908856  3.6595  1.7308  2.2572  2.1634  0.0804 -0.7547 -1.0649 -1.2366
 245  0.908904  3.6566  1.6748  2.3015  2.1313 -0.0015 -0.8532 -1.1708 -1.3476
 246  0.908947  3.6537  1.6210  2.3440  2.1034 -0.0791 -0.9474 -1.2721 -1.4540
 247  0.908987  3.6510  1.5681  2.3858  2.0784 -0.1542 -1.0391 -1.3709 -1.5580
 248  0.909023  3.6481  1.5159  2.4268  2.0570 -0.2268 -1.1285 -1.4678 -1.6600
 249  0.909056  3.6453  1.4646  2.4667  2.0410 -0.2953 -1.2146 -1.5615 -1.7589
 250  0.909086  3.6425  1.4137  2.5060  2.0294 -0.3613 -1.2987 -1.6533 -1.8561
 251  0.909113  3.6396  1.3641  2.5443  2.0210 -0.4242 -1.3799 -1.7425 -1.9506
 252  0.909138  3.6368  1.3156  2.5815  2.0162 -0.4840 -1.4582 -1.8287 -2.0423
 253  0.909161  3.6340  1.2678  2.6181  2.0136 -0.5415 -1.5346 -1.9131 -2.1321
 254  0.909182  3.6312  1.2207  2.6540  2.0144 -0.5965 -1.6086 -1.9955 -2.2201
 255  0.909203  3.6284  1.1745  2.6892  2.0175 -0.6492 -1.6805 -2.0758 -2.3060
 256  0.909220  3.6257  1.1295  2.7234  2.0228 -0.6990 -1.7495 -2.1533 -2.3891
 257  0.909237  3.6231  1.0853  2.7570  2.0308 -0.7465 -1.8165 -2.2289 -2.4705
 258  0.909253  3.6204  1.0417  2.7901  2.0414 -0.7920 -1.8821 -2.3030 -2.5503
 259  0.909267  3.6178  0.9993  2.8221  2.0543 -0.8345 -1.9447 -2.3744 -2.6273
 260  0.909280  3.6152  0.9576  2.8534  2.0703 -0.8742 -2.0047 -2.4435 -2.7025
 261  0.909293  3.6127  0.9165  2.8842  2.0875 -0.9122 -2.0630 -2.5109 -2.7760
 262  0.909304  3.6101  0.8766  2.9141  2.1057 -0.9479 -2.1188 -2.5760 -2.8473
 263  0.909315  3.6077  0.8371  2.9438  2.1247 -0.9821 -2.1732 -2.6401 -2.9177
 264  0.909325  3.6052  0.7987  2.9724  2.1445 -1.0142 -2.2250 -2.7017 -2.9858
 265  0.909334  3.6028  0.7609  3.0005  2.1650 -1.0445 -2.2751 -2.7618 -3.0525
 266  0.909343  3.6005  0.7237  3.0283  2.1865 -1.0738 -2.3248 -2.8210 -3.1181
 267  0.909352  3.5981  0.6874  3.0553  2.2084 -1.1012 -2.3724 -2.8782 -3.1819
 268  0.909360  3.5959  0.6520  3.0817  2.2303 -1.1269 -2.4178 -2.9336 -3.2439
 269  0.909367  3.5937  0.6174  3.1075  2.2525 -1.1507 -2.4613 -2.9874 -3.3046
 270  0.909374  3.5915  0.5832  3.1330  2.2750 -1.1731 -2.5029 -3.0400 -3.3644
 271  0.909380  3.5894  0.5501  3.1576  2.2965 -1.1941 -2.5422 -3.0906 -3.4223
 272  0.909387  3.5873  0.5176  3.1818  2.3183 -1.2136 -2.5796 -3.1399 -3.4791
 273  0.909393  3.5852  0.4854  3.2056  2.3431 -1.2295 -2.6140 -3.1873 -3.5348
 274  0.909398  3.5831  0.4541  3.2288  2.3676 -1.2440 -2.6463 -3.2332 -3.5892
 275  0.909403  3.5812  0.4234  3.2514  2.3920 -1.2565 -2.6761 -3.2775 -3.6421
 276  0.909409  3.5790  0.3925  3.2735  2.4218 -1.2644 -2.7022 -3.3190 -3.6936
 277  0.909413  3.5770  0.3631  3.2950  2.4451 -1.2746 -2.7290 -3.3602 -3.7443
 278  0.909418  3.5752  0.3352  3.3155  2.4650 -1.2846 -2.7538 -3.3995 -3.7926
 279  0.909424  3.5736  0.3102  3.3341  2.4816 -1.2934 -2.7753 -3.4346 -3.8362
