#NUMBER OF AGES= 1
#----------------------------------------------------       
#MIX-LEN  Y      Z          Zeff        [Fe/H] [a/Fe]
# 1.9380  0.2488 2.3381E-03 1.7027E-03  -1.00   0.20 
#----------------------------------------------------       
#**PHOTOMETRIC SYSTEM**: SDSS (AB)                          
#----------------------------------------------------       
#AGE=10.000 EEPS=268
#EEP   M/Mo    LogTeff  LogG   LogL/Lo sdss_u  sdss_g  sdss_r  sdss_i  sdss_z
  12  0.115720  3.5230  5.2900 -2.7431 17.6888 14.2860 12.6547 11.6819 11.1334
  13  0.130983  3.5263  5.2282 -2.6143 17.2170 13.8988 12.2854 11.3474 10.8131
  14  0.150152  3.5309  5.1697 -2.4783 16.7026 13.4764 11.8846 10.9895 10.4745
  15  0.172028  3.5378  5.1270 -2.3491 16.1692 13.0435 11.4789 10.6405 10.1539
  16  0.191007  3.5439  5.0992 -2.2509 15.7551 12.7055 11.1649 10.3728  9.9110
  17  0.206299  3.5482  5.0773 -2.1789 15.4670 12.4653 10.9412 10.1784  9.7329
  18  0.219828  3.5514  5.0591 -2.1200 15.2379 12.2719 10.7608 10.0202  9.5872
  19  0.232832  3.5543  5.0428 -2.0673 15.0371 12.1007 10.6012  9.8793  9.4570
  20  0.245904  3.5569  5.0278 -2.0179 14.8519 11.9415 10.4530  9.7476  9.3351
  21  0.261025  3.5597  5.0122 -1.9654 14.6589 11.7740 10.2967  9.6082  9.2058
  22  0.278360  3.5626  4.9964 -1.9102 14.4596 11.5996 10.1340  9.4621  9.0701
  23  0.293508  3.5649  4.9829 -1.8642 14.2958 11.4550  9.9993  9.3407  8.9569
  24  0.304173  3.5665  4.9731 -1.8325 14.1830 11.3553  9.9065  9.2569  8.8789
  25  0.311711  3.5676  4.9667 -1.8110 14.1074 11.2881  9.8441  9.2005  8.8262
  26  0.317231  3.5684  4.9621 -1.7956 14.0530 11.2398  9.7992  9.1598  8.7884
  27  0.321414  3.5690  4.9584 -1.7837 14.0114 11.2029  9.7649  9.1288  8.7594
  28  0.325057  3.5696  4.9554 -1.7736 13.9752 11.1707  9.7351  9.1020  8.7345
  29  0.328748  3.5701  4.9524 -1.7634 13.9388 11.1386  9.7054  9.0751  8.7096
  30  0.332866  3.5708  4.9491 -1.7522 13.8984 11.1028  9.6723  9.0454  8.6820
  31  0.337930  3.5716  4.9451 -1.7384 13.8489 11.0590  9.6319  9.0092  8.6486
  32  0.344098  3.5726  4.9399 -1.7214 13.7876 11.0048  9.5820  8.9642  8.6069
  33  0.354852  3.5744  4.9299 -1.6907 13.6764 10.9068  9.4920  8.8833  8.5320
  34  0.398056  3.5839  4.8816 -1.5546 13.1628 10.4576  9.0862  8.5228  8.2013
  35  0.416572  3.5888  4.8584 -1.4922 12.9194 10.2471  8.8999  8.3578  8.0501
  36  0.430611  3.5929  4.8396 -1.4427 12.7227 10.0779  8.7521  8.2269  7.9302
  37  0.443715  3.5971  4.8219 -1.3951 12.5304  9.9125  8.6094  8.1009  7.8151
  38  0.457396  3.6020  4.8037 -1.3441 12.3202  9.7322  8.4561  7.9662  7.6923
  39  0.471397  3.6076  4.7851 -1.2902 12.0951  9.5385  8.2943  7.8240  7.5627
  40  0.483953  3.6131  4.7693 -1.2407 11.8846  9.3573  8.1457  7.6941  7.4443
  41  0.494738  3.6182  4.7564 -1.1980 11.6990  9.1975  8.0168  7.5818  7.3423
  42  0.504033  3.6228  4.7463 -1.1612 11.5358  9.0569  7.9052  7.4851  7.2546
  43  0.512006  3.6271  4.7382 -1.1291 11.3920  8.9315  7.8065  7.4006  7.1788
  44  0.519466  3.6314  4.7312 -1.0985 11.2520  8.8097  7.7119  7.3202  7.1071
  45  0.527011  3.6361  4.7247 -1.0673 11.1041  8.6829  7.6146  7.2381  7.0338
  46  0.535265  3.6413  4.7183 -1.0331 10.9358  8.5417  7.5076  7.1479  6.9538
  47  0.544681  3.6475  4.7116 -0.9943 10.7311  8.3788  7.3858  7.0451  6.8627
  48  0.555305  3.6546  4.7047 -0.9505 10.4851  8.1938  7.2490  6.9294  6.7598
  49  0.566452  3.6624  4.6985 -0.9043 10.2080  7.9965  7.1050  6.8070  6.6509
  50  0.577712  3.6706  4.6928 -0.8576  9.9176  7.8001  6.9615  6.6830  6.5398
  51  0.588809  3.6785  4.6872 -0.8120  9.6260  7.6125  6.8237  6.5625  6.4311
  52  0.594052  3.6822  4.6843 -0.7905  9.4871  7.5265  6.7603  6.5066  6.3803
  53  0.599265  3.6858  4.6811 -0.7694  9.3459  7.4432  6.6987  6.4521  6.3308
  54  0.604446  3.6892  4.6778 -0.7484  9.2077  7.3623  6.6385  6.3985  6.2818
  55  0.609598  3.6927  4.6744 -0.7277  9.0723  7.2833  6.5792  6.3456  6.2336
  56  0.614711  3.6960  4.6709 -0.7071  8.9417  7.2064  6.5209  6.2935  6.1858
  57  0.619799  3.6993  4.6674 -0.6867  8.8168  7.1314  6.4634  6.2419  6.1386
  58  0.624850  3.7026  4.6638 -0.6665  8.7088  7.0594  6.4064  6.1907  6.0918
  59  0.629863  3.7058  4.6599 -0.6464  8.6068  6.9895  6.3503  6.1402  6.0456
  60  0.634832  3.7089  4.6561 -0.6266  8.5088  6.9214  6.2952  6.0903  6.0000
  61  0.639753  3.7120  4.6521 -0.6071  8.4143  6.8550  6.2410  6.0414  5.9553
  62  0.644625  3.7149  4.6480 -0.5877  8.3223  6.7902  6.1878  5.9933  5.9111
  63  0.649459  3.7179  4.6437 -0.5685  8.2283  6.7267  6.1359  5.9460  5.8675
  64  0.654234  3.7207  4.6394 -0.5496  8.1328  6.6643  6.0851  5.8998  5.8248
  65  0.658957  3.7235  4.6349 -0.5309  8.0390  6.6034  6.0353  5.8543  5.7828
  66  0.663621  3.7261  4.6305 -0.5125  7.9467  6.5436  5.9866  5.8096  5.7414
  67  0.668231  3.7289  4.6259 -0.4942  7.8567  6.4852  5.9387  5.7657  5.7007
  68  0.672780  3.7314  4.6212 -0.4762  7.7690  6.4280  5.8917  5.7226  5.6606
  69  0.677277  3.7339  4.6163 -0.4583  7.6848  6.3720  5.8456  5.6804  5.6213
  70  0.681711  3.7364  4.6114 -0.4407  7.6037  6.3171  5.8003  5.6388  5.5826
  71  0.686079  3.7387  4.6063 -0.4234  7.5252  6.2634  5.7560  5.5981  5.5446
  72  0.690386  3.7410  4.6011 -0.4063  7.4492  6.2108  5.7124  5.5579  5.5072
  73  0.694628  3.7433  4.5958 -0.3894  7.3757  6.1595  5.6696  5.5186  5.4703
  74  0.698791  3.7454  4.5903 -0.3728  7.3049  6.1092  5.6278  5.4799  5.4340
  75  0.702884  3.7475  4.5848 -0.3565  7.2364  6.0602  5.5866  5.4419  5.3984
  76  0.706898  3.7495  4.5791 -0.3404  7.1705  6.0124  5.5463  5.4046  5.3633
  77  0.710831  3.7514  4.5735 -0.3246  7.1067  5.9656  5.5067  5.3679  5.3288
  78  0.714691  3.7533  4.5678 -0.3091  7.0451  5.9198  5.4680  5.3320  5.2949
  79  0.718478  3.7551  4.5619 -0.2938  6.9854  5.8751  5.4299  5.2965  5.2615
  80  0.722195  3.7568  4.5560 -0.2787  6.9277  5.8313  5.3925  5.2617  5.2285
  81  0.725844  3.7585  4.5500 -0.2639  6.8714  5.7885  5.3559  5.2275  5.1962
  82  0.730438  3.7605  4.5423 -0.2452  6.8014  5.7346  5.3096  5.1843  5.1551
  83  0.734998  3.7625  4.5343 -0.2264  6.7327  5.6811  5.2636  5.1412  5.1142
  84  0.739521  3.7644  4.5260 -0.2078  6.6648  5.6282  5.2179  5.0984  5.0734
  85  0.744001  3.7664  4.5176 -0.1892  6.5974  5.5758  5.1727  5.0559  5.0328
  86  0.748433  3.7683  4.5090 -0.1706  6.5312  5.5239  5.1278  5.0135  4.9923
  87  0.752806  3.7700  4.5002 -0.1522  6.4666  5.4726  5.0830  4.9713  4.9518
  88  0.757109  3.7717  4.4912 -0.1338  6.4034  5.4216  5.0386  4.9294  4.9115
  89  0.761336  3.7734  4.4820 -0.1156  6.3418  5.3712  4.9944  4.8876  4.8714
  90  0.765475  3.7749  4.4727 -0.0976  6.2816  5.3216  4.9507  4.8462  4.8316
  91  0.769530  3.7765  4.4632 -0.0797  6.2228  5.2725  4.9073  4.8052  4.7920
  92  0.773494  3.7779  4.4537 -0.0620  6.1657  5.2240  4.8644  4.7644  4.7528
  93  0.777365  3.7794  4.4442 -0.0446  6.1106  5.1762  4.8219  4.7241  4.7139
  94  0.781149  3.7808  4.4347 -0.0273  6.0573  5.1290  4.7797  4.6841  4.6755
  95  0.784840  3.7822  4.4253 -0.0104  6.0050  5.0822  4.7380  4.6448  4.6375
  96  0.788443  3.7836  4.4158  0.0065  5.9541  5.0362  4.6968  4.6058  4.5999
  97  0.791965  3.7849  4.4064  0.0230  5.9042  4.9909  4.6561  4.5672  4.5628
  98  0.795409  3.7861  4.3970  0.0394  5.8554  4.9462  4.6159  4.5291  4.5259
  99  0.798782  3.7874  4.3877  0.0556  5.8075  4.9021  4.5763  4.4914  4.4896
 100  0.802088  3.7886  4.3783  0.0716  5.7605  4.8585  4.5369  4.4541  4.4535
 101  0.805335  3.7898  4.3690  0.0874  5.7144  4.8155  4.4980  4.4171  4.4178
 102  0.808524  3.7909  4.3595  0.1031  5.6691  4.7731  4.4595  4.3805  4.3823
 103  0.811656  3.7920  4.3501  0.1186  5.6246  4.7310  4.4214  4.3442  4.3471
 104  0.814734  3.7931  4.3407  0.1340  5.5806  4.6897  4.3837  4.3082  4.3122
 105  0.817764  3.7941  4.3311  0.1492  5.5372  4.6489  4.3464  4.2725  4.2775
 106  0.820743  3.7951  4.3215  0.1643  5.4943  4.6086  4.3094  4.2371  4.2429
 107  0.823683  3.7960  4.3119  0.1792  5.4522  4.5688  4.2728  4.2018  4.2087
 108  0.826582  3.7969  4.3020  0.1941  5.4109  4.5294  4.2364  4.1669  4.1745
 109  0.829442  3.7977  4.2922  0.2088  5.3704  4.4906  4.2004  4.1320  4.1404
 110  0.832239  3.7984  4.2821  0.2233  5.3306  4.4523  4.1647  4.0976  4.1066
 111  0.834896  3.7992  4.2723  0.2376  5.2912  4.4144  4.1294  4.0636  4.0734
 112  0.835897  3.7995  4.2685  0.2432  5.2760  4.3998  4.1159  4.0505  4.0605
 113  0.836898  3.7998  4.2647  0.2487  5.2608  4.3851  4.1022  4.0372  4.0476
 114  0.837896  3.8001  4.2607  0.2543  5.2455  4.3702  4.0884  4.0239  4.0345
 115  0.838891  3.8003  4.2566  0.2600  5.2302  4.3553  4.0744  4.0103  4.0211
 116  0.839882  3.8006  4.2524  0.2657  5.2149  4.3403  4.0603  3.9966  4.0076
 117  0.840868  3.8008  4.2480  0.2715  5.1995  4.3252  4.0460  3.9826  3.9939
 118  0.841851  3.8010  4.2435  0.2774  5.1841  4.3100  4.0315  3.9685  3.9800
 119  0.842829  3.8012  4.2389  0.2833  5.1687  4.2947  4.0169  3.9543  3.9659
 120  0.843803  3.8014  4.2341  0.2892  5.1532  4.2793  4.0021  3.9398  3.9516
 121  0.844772  3.8016  4.2292  0.2952  5.1376  4.2637  3.9872  3.9252  3.9371
 122  0.845738  3.8017  4.2243  0.3013  5.1220  4.2481  3.9722  3.9105  3.9225
 123  0.846697  3.8018  4.2192  0.3074  5.1064  4.2325  3.9570  3.8955  3.9077
 124  0.847649  3.8020  4.2140  0.3135  5.0907  4.2166  3.9417  3.8803  3.8926
 125  0.848596  3.8021  4.2088  0.3197  5.0748  4.2007  3.9262  3.8651  3.8774
 126  0.849538  3.8022  4.2034  0.3260  5.0590  4.1847  3.9106  3.8497  3.8621
 127  0.850478  3.8023  4.1979  0.3323  5.0432  4.1685  3.8949  3.8342  3.8466
 128  0.851413  3.8024  4.1924  0.3387  5.0273  4.1523  3.8791  3.8185  3.8310
 129  0.852344  3.8024  4.1867  0.3451  5.0114  4.1361  3.8631  3.8027  3.8153
 130  0.853270  3.8024  4.1809  0.3515  4.9955  4.1199  3.8471  3.7867  3.7992
 131  0.854192  3.8025  4.1749  0.3580  4.9797  4.1035  3.8308  3.7706  3.7831
 132  0.855107  3.8024  4.1687  0.3645  4.9638  4.0871  3.8145  3.7542  3.7667
 133  0.856016  3.8024  4.1624  0.3711  4.9480  4.0707  3.7980  3.7377  3.7501
 134  0.856919  3.8023  4.1559  0.3777  4.9322  4.0542  3.7814  3.7210  3.7333
 135  0.857816  3.8022  4.1492  0.3844  4.9164  4.0376  3.7645  3.7040  3.7162
 136  0.858707  3.8020  4.1424  0.3911  4.9007  4.0209  3.7476  3.6870  3.6990
 137  0.859591  3.8019  4.1354  0.3978  4.8849  4.0043  3.7305  3.6697  3.6815
 138  0.860467  3.8017  4.1283  0.4046  4.8692  3.9876  3.7133  3.6522  3.6637
 139  0.861336  3.8015  4.1209  0.4116  4.8536  3.9707  3.6959  3.6345  3.6459
 140  0.862196  3.8012  4.1134  0.4185  4.8380  3.9540  3.6784  3.6167  3.6277
 141  0.863050  3.8009  4.1055  0.4254  4.8225  3.9372  3.6608  3.5986  3.6092
 142  0.863894  3.8005  4.0976  0.4324  4.8071  3.9203  3.6429  3.5803  3.5906
 143  0.864729  3.8001  4.0894  0.4395  4.7918  3.9035  3.6250  3.5618  3.5718
 144  0.865556  3.7997  4.0809  0.4466  4.7767  3.8867  3.6069  3.5430  3.5525
 145  0.866373  3.7992  4.0722  0.4537  4.7617  3.8699  3.5887  3.5241  3.5331
 146  0.867180  3.7986  4.0631  0.4608  4.7470  3.8532  3.5704  3.5051  3.5134
 147  0.867977  3.7980  4.0538  0.4681  4.7324  3.8366  3.5518  3.4856  3.4934
 148  0.868764  3.7973  4.0442  0.4754  4.7181  3.8199  3.5333  3.4661  3.4731
 149  0.869541  3.7966  4.0344  0.4827  4.7040  3.8034  3.5146  3.4463  3.4526
 150  0.870307  3.7957  4.0239  0.4900  4.6906  3.7872  3.4958  3.4262  3.4316
 151  0.871062  3.7947  4.0131  0.4973  4.6777  3.7713  3.4769  3.4059  3.4103
 152  0.871806  3.7936  4.0015  0.5046  4.6660  3.7559  3.4580  3.3852  3.3884
 153  0.872539  3.7922  3.9889  0.5120  4.6551  3.7411  3.4390  3.3643  3.3660
 154  0.873260  3.7906  3.9755  0.5192  4.6451  3.7272  3.4203  3.3431  3.3431
 155  0.873973  3.7889  3.9618  0.5265  4.6357  3.7135  3.4016  3.3217  3.3199
 156  0.874677  3.7869  3.9470  0.5337  4.6283  3.7009  3.3829  3.3002  3.2961
 157  0.875375  3.7847  3.9314  0.5408  4.6226  3.6891  3.3645  3.2783  3.2720
 158  0.876054  3.7818  3.9132  0.5478  4.6224  3.6802  3.3466  3.2559  3.2465
 159  0.876729  3.7787  3.8945  0.5546  4.6251  3.6723  3.3288  3.2336  3.2209
 160  0.877398  3.7753  3.8748  0.5611  4.6346  3.6659  3.3108  3.2106  3.1944
 161  0.878078  3.7717  3.8542  0.5674  4.6491  3.6613  3.2931  3.1874  3.1677
 162  0.878647  3.7692  3.8394  0.5724  4.6585  3.6566  3.2793  3.1699  3.1475
 163  0.879217  3.7663  3.8235  0.5770  4.6730  3.6543  3.2663  3.1526  3.1273
 164  0.879785  3.7630  3.8065  0.5813  4.6925  3.6546  3.2546  3.1358  3.1071
 165  0.880349  3.7593  3.7878  0.5853  4.7168  3.6576  3.2441  3.1196  3.0868
 166  0.880907  3.7552  3.7675  0.5895  4.7455  3.6620  3.2337  3.1029  3.0656
 167  0.881454  3.7510  3.7458  0.5946  4.7757  3.6655  3.2218  3.0844  3.0422
 168  0.881978  3.7469  3.7230  0.6012  4.8028  3.6649  3.2062  3.0624  3.0156
 169  0.882460  3.7432  3.7000  0.6099  4.8227  3.6583  3.1861  3.0365  2.9855
 170  0.882895  3.7401  3.6777  0.6201  4.8335  3.6458  3.1621  3.0077  2.9529
 171  0.883285  3.7376  3.6566  0.6313  4.8359  3.6288  3.1355  2.9770  2.9192
 172  0.883640  3.7356  3.6365  0.6432  4.8318  3.6082  3.1071  2.9454  2.8850
 173  0.883968  3.7337  3.6174  0.6555  4.8223  3.5851  3.0775  2.9130  2.8505
 174  0.884276  3.7323  3.5990  0.6681  4.8094  3.5603  3.0471  2.8802  2.8160
 175  0.884569  3.7310  3.5813  0.6809  4.7937  3.5340  3.0161  2.8472  2.7814
 176  0.884848  3.7300  3.5642  0.6940  4.7754  3.5067  2.9847  2.8140  2.7469
 177  0.885117  3.7291  3.5475  0.7070  4.7549  3.4784  2.9528  2.7807  2.7124
 178  0.885378  3.7282  3.5310  0.7201  4.7336  3.4498  2.9210  2.7473  2.6779
 179  0.885632  3.7275  3.5150  0.7334  4.7102  3.4203  2.8888  2.7139  2.6437
 180  0.885881  3.7268  3.4991  0.7465  4.6865  3.3907  2.8566  2.6806  2.6094
 181  0.886125  3.7261  3.4835  0.7597  4.6617  3.3608  2.8243  2.6472  2.5753
 182  0.886394  3.7254  3.4661  0.7745  4.6337  3.3272  2.7884  2.6101  2.5372
 183  0.886662  3.7247  3.4487  0.7894  4.6045  3.2929  2.7517  2.5725  2.4987
 184  0.886929  3.7241  3.4314  0.8046  4.5740  3.2578  2.7147  2.5345  2.4600
 185  0.887196  3.7236  3.4140  0.8198  4.5429  3.2224  2.6773  2.4962  2.4209
 186  0.887463  3.7230  3.3965  0.8353  4.5112  3.1865  2.6395  2.4575  2.3815
 187  0.887728  3.7225  3.3790  0.8508  4.4785  3.1501  2.6013  2.4185  2.3418
 188  0.887995  3.7220  3.3614  0.8666  4.4453  3.1131  2.5627  2.3790  2.3016
 189  0.888259  3.7216  3.3437  0.8825  4.4111  3.0755  2.5235  2.3391  2.2611
 190  0.888523  3.7211  3.3259  0.8987  4.3761  3.0373  2.4838  2.2986  2.2200
 191  0.888786  3.7207  3.3076  0.9152  4.3408  2.9983  2.4433  2.2575  2.1781
 192  0.889047  3.7202  3.2892  0.9319  4.3048  2.9590  2.4024  2.2158  2.1359
 193  0.889308  3.7198  3.2706  0.9488  4.2679  2.9190  2.3610  2.1735  2.0930
 194  0.889566  3.7193  3.2517  0.9661  4.2300  2.8780  2.3185  2.1303  2.0492
 195  0.889819  3.7189  3.2319  0.9843  4.1900  2.8348  2.2739  2.0849  2.0031
 196  0.890063  3.7184  3.2108  1.0034  4.1484  2.7895  2.2269  2.0371  1.9546
 197  0.890301  3.7178  3.1887  1.0235  4.1046  2.7420  2.1776  1.9869  1.9036
 198  0.890532  3.7172  3.1656  1.0444  4.0596  2.6927  2.1264  1.9348  1.8506
 199  0.890757  3.7167  3.1420  1.0659  4.0124  2.6417  2.0734  1.8809  1.7960
 200  0.890974  3.7160  3.1173  1.0882  3.9643  2.5893  2.0189  1.8253  1.7395
 201  0.891187  3.7154  3.0923  1.1109  3.9142  2.5357  1.9634  1.7688  1.6820
 202  0.891393  3.7148  3.0664  1.1342  3.8634  2.4808  1.9064  1.7105  1.6229
 203  0.891592  3.7140  3.0397  1.1581  3.8120  2.4250  1.8480  1.6509  1.5621
 204  0.891787  3.7133  3.0127  1.1823  3.7596  2.3681  1.7887  1.5905  1.5006
 205  0.891975  3.7125  2.9848  1.2072  3.7075  2.3106  1.7284  1.5286  1.4375
 206  0.892158  3.7116  2.9562  1.2323  3.6554  2.2527  1.6671  1.4658  1.3734
 207  0.892334  3.7108  2.9271  1.2578  3.6029  2.1939  1.6049  1.4019  1.3082
 208  0.892505  3.7098  2.8974  1.2838  3.5499  2.1344  1.5419  1.3371  1.2421
 209  0.892669  3.7089  2.8672  1.3101  3.4965  2.0741  1.4778  1.2714  1.1748
 210  0.892827  3.7078  2.8364  1.3369  3.4434  2.0134  1.4131  1.2048  1.1067
 211  0.892979  3.7067  2.8052  1.3639  3.3902  1.9523  1.3478  1.1374  1.0377
 212  0.893125  3.7056  2.7734  1.3912  3.3372  1.8906  1.2818  1.0693  0.9679
 213  0.893265  3.7044  2.7413  1.4188  3.2842  1.8285  1.2151  1.0005  0.8974
 214  0.893399  3.7030  2.7077  1.4466  3.2350  1.7676  1.1485  0.9312  0.8260
 215  0.893527  3.7018  2.6749  1.4748  3.1825  1.7047  1.0807  0.8611  0.7541
 216  0.893650  3.7005  2.6415  1.5032  3.1306  1.6416  1.0124  0.7905  0.6817
 217  0.893670  3.7003  2.6359  1.5080  3.1219  1.6309  1.0009  0.7786  0.6694
 218  0.893690  3.7001  2.6301  1.5129  3.1130  1.6201  0.9892  0.7665  0.6570
 219  0.893710  3.6999  2.6245  1.5176  3.1043  1.6094  0.9775  0.7545  0.6447
 220  0.893730  3.6997  2.6187  1.5225  3.0956  1.5986  0.9659  0.7424  0.6323
 221  0.893749  3.6994  2.6129  1.5275  3.0868  1.5876  0.9541  0.7301  0.6196
 222  0.893769  3.6992  2.6071  1.5324  3.0783  1.5768  0.9422  0.7178  0.6071
 223  0.893789  3.6990  2.6012  1.5374  3.0701  1.5658  0.9302  0.7054  0.5943
 224  0.893808  3.6988  2.5954  1.5423  3.0616  1.5548  0.9183  0.6930  0.5817
 225  0.893828  3.6985  2.5896  1.5473  3.0534  1.5438  0.9063  0.6806  0.5689
 226  0.893847  3.6983  2.5836  1.5523  3.0451  1.5327  0.8942  0.6681  0.5561
 227  0.894013  3.6962  2.5306  1.5971  2.9730  1.4344  0.7866  0.5565  0.4417
 228  0.894173  3.6939  2.4740  1.6444  2.9007  1.3315  0.6733  0.4388  0.3206
 229  0.894321  3.6914  2.4173  1.6914  2.8340  1.2309  0.5613  0.3221  0.2005
 230  0.894450  3.6890  2.3630  1.7361  2.7738  1.1360  0.4550  0.2108  0.0859
 231  0.894569  3.6867  2.3105  1.7792  2.7181  1.0453  0.3528  0.1039 -0.0244
 232  0.894681  3.6843  2.2596  1.8209  2.6662  0.9583  0.2543  0.0006 -0.1310
 233  0.894782  3.6825  2.2188  1.8544  2.6247  0.8885  0.1751 -0.0825 -0.2167
 234  0.894879  3.6818  2.2003  1.8701  2.6015  0.8544  0.1374 -0.1217 -0.2569
 235  0.894979  3.6837  2.2320  1.8460  2.6189  0.9005  0.1929 -0.0623 -0.1949
 236  0.895094  3.6824  2.2004  1.8723  2.5832  0.8445  0.1302 -0.1277 -0.2622
 237  0.895201  3.6792  2.1332  1.9269  2.5169  0.7327  0.0025 -0.2622 -0.4016
 238  0.895295  3.6762  2.0699  1.9783  2.4548  0.6286 -0.1167 -0.3882 -0.5322
 239  0.895379  3.6733  2.0074  2.0288  2.3956  0.5267 -0.2339 -0.5120 -0.6607
 240  0.895454  3.6702  1.9476  2.0769  2.3439  0.4318 -0.3442 -0.6289 -0.7824
 241  0.895523  3.6673  1.8886  2.1240  2.2973  0.3405 -0.4514 -0.7429 -0.9014
 242  0.895584  3.6643  1.8298  2.1710  2.2533  0.2502 -0.5579 -0.8565 -1.0199
 243  0.895638  3.6614  1.7726  2.2165  2.2146  0.1639 -0.6603 -0.9659 -1.1344
 244  0.895688  3.6585  1.7166  2.2608  2.1805  0.0811 -0.7597 -1.0724 -1.2459
 245  0.895733  3.6556  1.6611  2.3048  2.1492 -0.0001 -0.8574 -1.1773 -1.3559
 246  0.895773  3.6527  1.6068  2.3478  2.1216 -0.0781 -0.9521 -1.2794 -1.4632
 247  0.895810  3.6499  1.5530  2.3901  2.0971 -0.1540 -1.0450 -1.3797 -1.5687
 248  0.895844  3.6471  1.5013  2.4309  2.0770 -0.2255 -1.1334 -1.4755 -1.6696
 249  0.895874  3.6443  1.4496  2.4709  2.0623 -0.2938 -1.2195 -1.5693 -1.7689
 250  0.895902  3.6414  1.3986  2.5103  2.0515 -0.3595 -1.3037 -1.6615 -1.8663
 251  0.895927  3.6385  1.3487  2.5487  2.0440 -0.4221 -1.3850 -1.7506 -1.9610
 252  0.895950  3.6356  1.3001  2.5860  2.0398 -0.4817 -1.4633 -1.8370 -2.0527
 253  0.895972  3.6328  1.2522  2.6226  2.0383 -0.5388 -1.5395 -1.9213 -2.1426
 254  0.895991  3.6300  1.2051  2.6586  2.0397 -0.5934 -1.6133 -2.0037 -2.2305
 255  0.896009  3.6273  1.1588  2.6938  2.0437 -0.6456 -1.6849 -2.0838 -2.3165
 256  0.896026  3.6246  1.1139  2.7281  2.0497 -0.6950 -1.7537 -2.1612 -2.3996
 257  0.896041  3.6219  1.0697  2.7616  2.0588 -0.7419 -1.8204 -2.2366 -2.4806
 258  0.896057  3.6193  1.0261  2.7946  2.0701 -0.7868 -1.8857 -2.3105 -2.5603
 259  0.896070  3.6166  0.9833  2.8269  2.0842 -0.8289 -1.9483 -2.3820 -2.6378
 260  0.896082  3.6140  0.9416  2.8582  2.1010 -0.8681 -2.0078 -2.4507 -2.7126
 261  0.896094  3.6115  0.9007  2.8890  2.1184 -0.9056 -2.0657 -2.5180 -2.7861
 262  0.896105  3.6089  0.8603  2.9192  2.1372 -0.9412 -2.1217 -2.5837 -2.8581
 263  0.896115  3.6064  0.8211  2.9485  2.1568 -0.9745 -2.1751 -2.6468 -2.9278
 264  0.896124  3.6040  0.7824  2.9774  2.1767 -1.0066 -2.2271 -2.7090 -2.9964
 265  0.896133  3.6016  0.7446  3.0055  2.1976 -1.0366 -2.2774 -2.7689 -3.0629
 266  0.896141  3.5992  0.7076  3.0331  2.2192 -1.0653 -2.3266 -2.8277 -3.1281
 267  0.896149  3.5969  0.6713  3.0603  2.2415 -1.0922 -2.3737 -2.8848 -3.1920
 268  0.896156  3.5947  0.6359  3.0866  2.2635 -1.1174 -2.4186 -2.9400 -3.2541
 269  0.896163  3.5924  0.6010  3.1126  2.2862 -1.1408 -2.4617 -2.9939 -3.3152
 270  0.896169  3.5903  0.5671  3.1378  2.3084 -1.1625 -2.5022 -3.0457 -3.3744
 271  0.896175  3.5882  0.5340  3.1625  2.3294 -1.1833 -2.5413 -3.0965 -3.4326
 272  0.896181  3.5860  0.5011  3.1869  2.3528 -1.2012 -2.5776 -3.1455 -3.4895
 273  0.896187  3.5840  0.4692  3.2105  2.3786 -1.2160 -2.6108 -3.1924 -3.5449
 274  0.896192  3.5819  0.4377  3.2337  2.4039 -1.2292 -2.6419 -3.2378 -3.5993
 275  0.896197  3.5797  0.4061  3.2563  2.4341 -1.2376 -2.6688 -3.2806 -3.6520
 276  0.896201  3.5777  0.3760  3.2783  2.4577 -1.2487 -2.6968 -3.3230 -3.7038
 277  0.896206  3.5758  0.3471  3.2999  2.4779 -1.2600 -2.7236 -3.3644 -3.7543
 278  0.896210  3.5740  0.3193  3.3203  2.4975 -1.2692 -2.7473 -3.4030 -3.8024
 279  0.896217  3.5725  0.2960  3.3374  2.5126 -1.2770 -2.7665 -3.4355 -3.8428
