#NUMBER OF AGES= 1
#----------------------------------------------------       
#MIX-LEN  Y      Z          Zeff        [Fe/H] [a/Fe]
# 1.9380  0.2488 2.3381E-03 1.7027E-03  -1.00   0.20 
#----------------------------------------------------       
#**PHOTOMETRIC SYSTEM**: SDSS (AB)                          
#----------------------------------------------------       
#AGE=10.500 EEPS=268
#EEP   M/Mo    LogTeff  LogG   LogL/Lo sdss_u  sdss_g  sdss_r  sdss_i  sdss_z
  12  0.112823  3.5224  5.3028 -2.7695 17.7858 14.3651 12.7302 11.7504 11.1990
  13  0.127466  3.5255  5.2411 -2.6422 17.3189 13.9827 12.3653 11.4197 10.8822
  14  0.145699  3.5298  5.1810 -2.5072 16.8147 13.5683 11.9714 11.0663 10.5466
  15  0.166835  3.5361  5.1351 -2.3773 16.2891 13.1407 11.5696 10.7176 10.2239
  16  0.186051  3.5424  5.1054 -2.2746 15.8541 12.7868 11.2403 10.4373  9.9696
  17  0.201598  3.5470  5.0830 -2.1993 15.5474 12.5328 11.0041 10.2333  9.7832
  18  0.215140  3.5504  5.0641 -2.1387 15.3103 12.3333 10.8181 10.0704  9.6332
  19  0.228026  3.5533  5.0475 -2.0851 15.1047 12.1585 10.6552  9.9268  9.5007
  20  0.240904  3.5560  5.0322 -2.0351 14.9165 11.9971 10.5048  9.7935  9.3774
  21  0.254680  3.5586  5.0172 -1.9854 14.7329 11.8383 10.3566  9.6616  9.2551
  22  0.272002  3.5616  5.0010 -1.9288 14.5267 11.6585 10.1890  9.5114  9.1158
  23  0.288469  3.5641  4.9863 -1.8782 14.3462 11.4994 10.0406  9.3778  8.9914
  24  0.300972  3.5661  4.9751 -1.8410 14.2133 11.3820  9.9314  9.2793  8.8996
  25  0.309469  3.5673  4.9678 -1.8165 14.1269 11.3055  9.8601  9.2150  8.8397
  26  0.315621  3.5682  4.9628 -1.7994 14.0665 11.2518  9.8103  9.1699  8.7976
  27  0.320163  3.5689  4.9590 -1.7866 14.0216 11.2120  9.7733  9.1364  8.7665
  28  0.323906  3.5694  4.9558 -1.7762 13.9845 11.1790  9.7427  9.1088  8.7409
  29  0.327458  3.5700  4.9529 -1.7663 13.9493 11.1478  9.7139  9.0829  8.7167
  30  0.331233  3.5706  4.9498 -1.7559 13.9117 11.1147  9.6832  9.0553  8.6913
  31  0.335728  3.5713  4.9463 -1.7437 13.8674 11.0755  9.6472  9.0229  8.6613
  32  0.341064  3.5721  4.9417 -1.7290 13.8146 11.0287  9.6040  8.9840  8.6253
  33  0.347659  3.5732  4.9357 -1.7103 13.7476 10.9696  9.5497  8.9350  8.5797
  34  0.371903  3.5779  4.9111 -1.6379 13.4817 10.7352  9.3355  8.7436  8.4033
  35  0.407314  3.5864  4.8690 -1.5224 13.0376 10.3492  8.9899  8.4373  8.1230
  36  0.422914  3.5907  4.8488 -1.4685 12.8258 10.1665  8.8292  8.2949  7.9925
  37  0.436112  3.5947  4.8308 -1.4210 12.6363 10.0033  8.6874  8.1695  7.8777
  38  0.449002  3.5991  4.8133 -1.3734 12.4425  9.8368  8.5445  8.0438  7.7630
  39  0.462868  3.6043  4.7948 -1.3210 12.2254  9.6505  8.3872  7.9054  7.6367
  40  0.476022  3.6098  4.7775 -1.2696 12.0090  9.4643  8.2328  7.7700  7.5133
  41  0.487613  3.6150  4.7630 -1.2236 11.8118  9.2943  8.0944  7.6491  7.4033
  42  0.497774  3.6200  4.7512 -1.1832 11.6351  9.1421  7.9722  7.5429  7.3068
  43  0.506461  3.6244  4.7419 -1.1484 11.4805  9.0085  7.8666  7.4516  7.2243
  44  0.514211  3.6287  4.7342 -1.1168 11.3382  8.8841  7.7692  7.3686  7.1499
  45  0.521622  3.6331  4.7274 -1.0862 11.1960  8.7610  7.6740  7.2879  7.0780
  46  0.529352  3.6380  4.7209 -1.0540 11.0412  8.6292  7.5733  7.2029  7.0025
  47  0.537919  3.6435  4.7144 -1.0183 10.8623  8.4810  7.4615  7.1087  6.9189
  48  0.547564  3.6499  4.7077 -0.9781 10.6447  8.3122  7.3359  7.0028  6.8248
  49  0.558137  3.6571  4.7009 -0.9343 10.3923  8.1259  7.1987  6.8864  6.7214
  50  0.568993  3.6649  4.6950 -0.8889 10.1165  7.9329  7.0579  6.7661  6.6142
  51  0.579822  3.6728  4.6893 -0.8436  9.8332  7.7440  6.9196  6.6463  6.5065
  52  0.585027  3.6766  4.6866 -0.8219  9.6951  7.6551  6.8544  6.5891  6.4549
  53  0.590208  3.6803  4.6837 -0.8006  9.5576  7.5686  6.7906  6.5329  6.4040
  54  0.595354  3.6838  4.6806 -0.7794  9.4181  7.4844  6.7284  6.4780  6.3540
  55  0.600458  3.6873  4.6774 -0.7585  9.2790  7.4028  6.6679  6.4244  6.3051
  56  0.605521  3.6907  4.6740 -0.7378  9.1434  7.3235  6.6086  6.3716  6.2569
  57  0.610562  3.6941  4.6705 -0.7173  9.0114  7.2462  6.5503  6.3195  6.2092
  58  0.615564  3.6974  4.6670 -0.6970  8.8842  7.1708  6.4929  6.2680  6.1621
  59  0.620523  3.7007  4.6633 -0.6768  8.7680  7.0980  6.4362  6.2170  6.1156
  60  0.625446  3.7038  4.6596 -0.6569  8.6638  7.0277  6.3802  6.1667  6.0695
  61  0.630318  3.7070  4.6558 -0.6372  8.5645  6.9592  6.3250  6.1170  6.0240
  62  0.635142  3.7100  4.6518 -0.6177  8.4694  6.8927  6.2710  6.0681  5.9793
  63  0.639928  3.7130  4.6477 -0.5984  8.3772  6.8276  6.2178  6.0200  5.9352
  64  0.644658  3.7159  4.6435 -0.5794  8.2871  6.7643  6.1658  5.9727  5.8917
  65  0.649339  3.7187  4.6391 -0.5605  8.1933  6.7021  6.1149  5.9265  5.8490
  66  0.653959  3.7215  4.6347 -0.5420  8.0997  6.6410  6.0652  5.8810  5.8071
  67  0.658524  3.7242  4.6303 -0.5236  8.0078  6.5814  6.0165  5.8364  5.7658
  68  0.663027  3.7269  4.6257 -0.5055  7.9180  6.5230  5.9687  5.7927  5.7252
  69  0.667478  3.7295  4.6210 -0.4876  7.8304  6.4659  5.9218  5.7496  5.6852
  70  0.671868  3.7320  4.6162 -0.4699  7.7450  6.4100  5.8758  5.7075  5.6459
  71  0.676194  3.7343  4.6114 -0.4524  7.6631  6.3553  5.8306  5.6660  5.6074
  72  0.680461  3.7367  4.6064 -0.4351  7.5843  6.3016  5.7864  5.6253  5.5695
  73  0.684665  3.7390  4.6012 -0.4181  7.5077  6.2492  5.7429  5.5854  5.5322
  74  0.688797  3.7412  4.5960 -0.4014  7.4339  6.1979  5.7003  5.5461  5.4956
  75  0.692863  3.7434  4.5906 -0.3849  7.3625  6.1478  5.6585  5.5076  5.4594
  76  0.696860  3.7455  4.5851 -0.3686  7.2936  6.0987  5.6175  5.4697  5.4239
  77  0.700780  3.7475  4.5797 -0.3527  7.2265  6.0508  5.5772  5.4325  5.3890
  78  0.704624  3.7494  4.5740 -0.3370  7.1623  6.0040  5.5378  5.3960  5.3546
  79  0.708393  3.7513  4.5683 -0.3215  7.1003  5.9583  5.4991  5.3600  5.3207
  80  0.712087  3.7531  4.5625 -0.3063  7.0403  5.9136  5.4612  5.3248  5.2875
  81  0.715707  3.7548  4.5567 -0.2913  6.9822  5.8700  5.4239  5.2901  5.2547
  82  0.720272  3.7569  4.5491 -0.2724  6.9098  5.8150  5.3770  5.2463  5.2133
  83  0.724798  3.7590  4.5412 -0.2535  6.8390  5.7607  5.3303  5.2027  5.1719
  84  0.729286  3.7610  4.5331 -0.2347  6.7696  5.7069  5.2839  5.1593  5.1306
  85  0.733731  3.7629  4.5247 -0.2159  6.7014  5.6534  5.2378  5.1160  5.0894
  86  0.738132  3.7649  4.5163 -0.1973  6.6337  5.6007  5.1922  5.0732  5.0485
  87  0.742482  3.7667  4.5075 -0.1786  6.5672  5.5486  5.1468  5.0305  5.0076
  88  0.746776  3.7685  4.4987 -0.1601  6.5019  5.4968  5.1019  4.9880  4.9670
  89  0.751004  3.7702  4.4896 -0.1417  6.4380  5.4456  5.0571  4.9458  4.9265
  90  0.755151  3.7719  4.4802 -0.1234  6.3755  5.3950  5.0128  4.9039  4.8861
  91  0.759217  3.7735  4.4708 -0.1052  6.3145  5.3449  4.9687  4.8621  4.8459
  92  0.763192  3.7750  4.4611 -0.0872  6.2551  5.2954  4.9250  4.8206  4.8060
  93  0.767075  3.7764  4.4514 -0.0694  6.1972  5.2467  4.8817  4.7796  4.7664
  94  0.770864  3.7778  4.4416 -0.0518  6.1409  5.1987  4.8390  4.7389  4.7271
  95  0.774556  3.7792  4.4319 -0.0344  6.0862  5.1510  4.7964  4.6986  4.6882
  96  0.778154  3.7807  4.4221 -0.0172  6.0333  5.1040  4.7544  4.6587  4.6497
  97  0.781661  3.7820  4.4123 -0.0003  5.9818  5.0578  4.7128  4.6192  4.6117
  98  0.785081  3.7832  4.4026  0.0165  5.9314  5.0120  4.6718  4.5802  4.5740
  99  0.788418  3.7845  4.3929  0.0329  5.8821  4.9671  4.6312  4.5417  4.5367
 100  0.791675  3.7856  4.3832  0.0492  5.8339  4.9227  4.5912  4.5036  4.4999
 101  0.794859  3.7868  4.3734  0.0654  5.7867  4.8790  4.5515  4.4659  4.4634
 102  0.797977  3.7879  4.3637  0.0813  5.7404  4.8359  4.5123  4.4285  4.4272
 103  0.801036  3.7890  4.3539  0.0971  5.6949  4.7933  4.4735  4.3915  4.3913
 104  0.804042  3.7900  4.3442  0.1127  5.6502  4.7512  4.4352  4.3549  4.3557
 105  0.807005  3.7910  4.3343  0.1281  5.6063  4.7096  4.3972  4.3185  4.3203
 106  0.809926  3.7920  4.3245  0.1435  5.5629  4.6685  4.3595  4.2824  4.2853
 107  0.812810  3.7930  4.3147  0.1586  5.5203  4.6278  4.3221  4.2467  4.2504
 108  0.815665  3.7938  4.3046  0.1737  5.4782  4.5879  4.2852  4.2110  4.2157
 109  0.818487  3.7947  4.2946  0.1886  5.4367  4.5484  4.2485  4.1757  4.1811
 110  0.821260  3.7954  4.2843  0.2034  5.3959  4.5094  4.2121  4.1406  4.1468
 111  0.823899  3.7963  4.2744  0.2179  5.3555  4.4708  4.1763  4.1060  4.1129
 112  0.824878  3.7966  4.2707  0.2234  5.3401  4.4561  4.1628  4.0929  4.1001
 113  0.825859  3.7969  4.2669  0.2290  5.3247  4.4412  4.1491  4.0797  4.0872
 114  0.826837  3.7972  4.2629  0.2346  5.3093  4.4264  4.1352  4.0663  4.0741
 115  0.827814  3.7974  4.2588  0.2403  5.2939  4.4115  4.1213  4.0528  4.0608
 116  0.828787  3.7977  4.2546  0.2461  5.2784  4.3964  4.1070  4.0390  4.0473
 117  0.829757  3.7979  4.2503  0.2519  5.2629  4.3813  4.0927  4.0251  4.0336
 118  0.830723  3.7981  4.2458  0.2578  5.2474  4.3661  4.0782  4.0110  4.0197
 119  0.831686  3.7984  4.2412  0.2637  5.2318  4.3506  4.0636  3.9967  4.0056
 120  0.832645  3.7985  4.2365  0.2697  5.2161  4.3352  4.0489  3.9823  3.9912
 121  0.833601  3.7987  4.2317  0.2757  5.2005  4.3196  4.0340  3.9676  3.9767
 122  0.834553  3.7989  4.2268  0.2817  5.1847  4.3040  4.0190  3.9528  3.9621
 123  0.835501  3.7990  4.2216  0.2878  5.1690  4.2883  4.0037  3.9379  3.9473
 124  0.836441  3.7992  4.2165  0.2940  5.1531  4.2724  3.9884  3.9228  3.9324
 125  0.837377  3.7993  4.2113  0.3002  5.1371  4.2563  3.9729  3.9076  3.9172
 126  0.838310  3.7994  4.2060  0.3065  5.1212  4.2403  3.9573  3.8922  3.9019
 127  0.839241  3.7995  4.2005  0.3128  5.1053  4.2242  3.9416  3.8766  3.8864
 128  0.840166  3.7996  4.1950  0.3191  5.0893  4.2081  3.9258  3.8610  3.8709
 129  0.841087  3.7996  4.1893  0.3255  5.0734  4.1918  3.9098  3.8452  3.8551
 130  0.842004  3.7997  4.1836  0.3320  5.0573  4.1755  3.8938  3.8293  3.8392
 131  0.842916  3.7997  4.1777  0.3385  5.0414  4.1592  3.8776  3.8132  3.8231
 132  0.843820  3.7997  4.1715  0.3450  5.0256  4.1428  3.8613  3.7968  3.8066
 133  0.844718  3.7996  4.1653  0.3515  5.0097  4.1263  3.8448  3.7803  3.7901
 134  0.845609  3.7996  4.1587  0.3581  4.9939  4.1099  3.8282  3.7637  3.7734
 135  0.846493  3.7995  4.1521  0.3648  4.9780  4.0933  3.8115  3.7469  3.7564
 136  0.847370  3.7993  4.1454  0.3715  4.9623  4.0768  3.7947  3.7298  3.7392
 137  0.848238  3.7992  4.1385  0.3782  4.9466  4.0601  3.7776  3.7126  3.7219
 138  0.849099  3.7990  4.1313  0.3850  4.9310  4.0435  3.7605  3.6952  3.7043
 139  0.849951  3.7988  4.1241  0.3918  4.9153  4.0268  3.7433  3.6776  3.6864
 140  0.850794  3.7985  4.1166  0.3988  4.8998  4.0100  3.7258  3.6599  3.6684
 141  0.851628  3.7982  4.1088  0.4057  4.8845  3.9933  3.7083  3.6420  3.6502
 142  0.852453  3.7979  4.1009  0.4127  4.8691  3.9766  3.6906  3.6238  3.6316
 143  0.853269  3.7975  4.0928  0.4197  4.8539  3.9598  3.6728  3.6055  3.6129
 144  0.854075  3.7970  4.0844  0.4267  4.8388  3.9432  3.6549  3.5869  3.5938
 145  0.854872  3.7965  4.0757  0.4338  4.8240  3.9266  3.6368  3.5682  3.5746
 146  0.855658  3.7960  4.0668  0.4409  4.8093  3.9099  3.6186  3.5492  3.5551
 147  0.856435  3.7954  4.0576  0.4481  4.7950  3.8934  3.6003  3.5301  3.5353
 148  0.857200  3.7947  4.0482  0.4553  4.7808  3.8770  3.5819  3.5106  3.5152
 149  0.857957  3.7941  4.0385  0.4626  4.7667  3.8605  3.5634  3.4912  3.4951
 150  0.858702  3.7932  4.0282  0.4698  4.7534  3.8445  3.5448  3.4713  3.4742
 151  0.859436  3.7922  4.0174  0.4771  4.7405  3.8287  3.5262  3.4513  3.4531
 152  0.860159  3.7910  4.0056  0.4843  4.7286  3.8137  3.5076  3.4308  3.4315
 153  0.860869  3.7896  3.9930  0.4915  4.7181  3.7994  3.4890  3.4100  3.4091
 154  0.861567  3.7878  3.9792  0.4988  4.7095  3.7863  3.4705  3.3889  3.3861
 155  0.862260  3.7861  3.9652  0.5060  4.7012  3.7731  3.4520  3.3677  3.3630
 156  0.862938  3.7839  3.9498  0.5131  4.6959  3.7614  3.4336  3.3462  3.3390
 157  0.863614  3.7816  3.9340  0.5201  4.6918  3.7502  3.4154  3.3244  3.3149
 158  0.864275  3.7788  3.9162  0.5270  4.6926  3.7412  3.3975  3.3023  3.2898
 159  0.864940  3.7761  3.8988  0.5340  4.6959  3.7319  3.3789  3.2797  3.2644
 160  0.865605  3.7732  3.8809  0.5407  4.7020  3.7234  3.3606  3.2570  3.2389
 161  0.866279  3.7701  3.8621  0.5473  4.7126  3.7167  3.3423  3.2342  3.2128
 162  0.866842  3.7675  3.8469  0.5525  4.7224  3.7116  3.3280  3.2161  3.1921
 163  0.867405  3.7647  3.8306  0.5575  4.7369  3.7088  3.3144  3.1980  3.1710
 164  0.867968  3.7614  3.8130  0.5622  4.7553  3.7083  3.3019  3.1805  3.1501
 165  0.868527  3.7576  3.7937  0.5668  4.7788  3.7100  3.2901  3.1630  3.1284
 166  0.869077  3.7535  3.7729  0.5717  4.8060  3.7125  3.2780  3.1447  3.1056
 167  0.869613  3.7494  3.7505  0.5778  4.8339  3.7135  3.2640  3.1241  3.0803
 168  0.870125  3.7455  3.7273  0.5855  4.8584  3.7102  3.2461  3.1001  3.0516
 169  0.870596  3.7420  3.7040  0.5949  4.8753  3.7011  3.2238  3.0723  3.0197
 170  0.871022  3.7390  3.6813  0.6059  4.8834  3.6864  3.1979  3.0418  2.9856
 171  0.871406  3.7364  3.6596  0.6179  4.8836  3.6672  3.1695  3.0093  2.9502
 172  0.871759  3.7344  3.6390  0.6305  4.8773  3.6448  3.1394  2.9759  2.9144
 173  0.872087  3.7327  3.6193  0.6436  4.8657  3.6197  3.1080  2.9419  2.8782
 174  0.872395  3.7313  3.6004  0.6569  4.8509  3.5929  3.0758  2.9072  2.8419
 175  0.872688  3.7301  3.5820  0.6705  4.8332  3.5648  3.0431  2.8725  2.8056
 176  0.872969  3.7290  3.5642  0.6842  4.8130  3.5356  3.0098  2.8376  2.7693
 177  0.873239  3.7281  3.5468  0.6980  4.7907  3.5055  2.9762  2.8024  2.7330
 178  0.873503  3.7273  3.5298  0.7119  4.7672  3.4750  2.9425  2.7674  2.6968
 179  0.873760  3.7266  3.5131  0.7258  4.7420  3.4437  2.9085  2.7322  2.6607
 180  0.874011  3.7259  3.4965  0.7397  4.7161  3.4122  2.8746  2.6971  2.6248
 181  0.874259  3.7252  3.4802  0.7537  4.6893  3.3804  2.8404  2.6619  2.5888
 182  0.874516  3.7245  3.4630  0.7684  4.6608  3.3467  2.8045  2.6249  2.5509
 183  0.874773  3.7239  3.4457  0.7833  4.6311  3.3123  2.7680  2.5875  2.5127
 184  0.875030  3.7234  3.4286  0.7984  4.6004  3.2772  2.7310  2.5496  2.4741
 185  0.875286  3.7228  3.4113  0.8136  4.5691  3.2418  2.6938  2.5114  2.4351
 186  0.875541  3.7223  3.3941  0.8290  4.5371  3.2059  2.6561  2.4729  2.3960
 187  0.875797  3.7218  3.3768  0.8445  4.5042  3.1695  2.6181  2.4341  2.3565
 188  0.876051  3.7214  3.3593  0.8602  4.4707  3.1326  2.5797  2.3949  2.3166
 189  0.876306  3.7209  3.3417  0.8761  4.4366  3.0950  2.5406  2.3551  2.2762
 190  0.876558  3.7205  3.3239  0.8922  4.4017  3.0569  2.5010  2.3147  2.2353
 191  0.876810  3.7200  3.3057  0.9087  4.3661  3.0181  2.4606  2.2736  2.1935
 192  0.877061  3.7196  3.2875  0.9252  4.3301  2.9789  2.4199  2.2321  2.1514
 193  0.877310  3.7191  3.2689  0.9421  4.2932  2.9389  2.3784  2.1900  2.1086
 194  0.877558  3.7187  3.2500  0.9595  4.2551  2.8977  2.3359  2.1467  2.0647
 195  0.877798  3.7183  3.2301  0.9777  4.2146  2.8541  2.2909  2.1010  2.0183
 196  0.878032  3.7178  3.2089  0.9971  4.1724  2.8085  2.2435  2.0528  1.9694
 197  0.878259  3.7172  3.1867  1.0172  4.1284  2.7607  2.1940  2.0024  1.9183
 198  0.878479  3.7167  3.1636  1.0382  4.0830  2.7112  2.1425  1.9500  1.8650
 199  0.878693  3.7161  3.1397  1.0598  4.0354  2.6600  2.0895  1.8960  1.8102
 200  0.878901  3.7155  3.1150  1.0822  3.9865  2.6075  2.0350  1.8403  1.7537
 201  0.879104  3.7149  3.0899  1.1049  3.9363  2.5537  1.9792  1.7836  1.6960
 202  0.879301  3.7142  3.0640  1.1283  3.8853  2.4987  1.9221  1.7253  1.6368
 203  0.879492  3.7135  3.0373  1.1522  3.8339  2.4428  1.8637  1.6656  1.5761
 204  0.879678  3.7128  3.0103  1.1765  3.7814  2.3858  1.8043  1.6050  1.5143
 205  0.879858  3.7119  2.9823  1.2013  3.7292  2.3283  1.7438  1.5431  1.4512
 206  0.880032  3.7110  2.9537  1.2265  3.6770  2.2702  1.6824  1.4801  1.3869
 207  0.880201  3.7102  2.9245  1.2522  3.6243  2.2112  1.6201  1.4161  1.3216
 208  0.880364  3.7093  2.8948  1.2782  3.5712  2.1515  1.5569  1.3512  1.2553
 209  0.880521  3.7083  2.8646  1.3046  3.5177  2.0912  1.4927  1.2853  1.1879
 210  0.880671  3.7072  2.8336  1.3313  3.4647  2.0304  1.4279  1.2185  1.1196
 211  0.880817  3.7062  2.8023  1.3584  3.4113  1.9690  1.3624  1.1510  1.0505
 212  0.880956  3.7049  2.7701  1.3859  3.3598  1.9080  1.2964  1.0827  0.9805
 213  0.881089  3.7039  2.7383  1.4136  3.3051  1.8450  1.2293  1.0137  0.9099
 214  0.881218  3.7025  2.7049  1.4415  3.2553  1.7836  1.1625  0.9442  0.8383
 215  0.881340  3.7013  2.6720  1.4697  3.2027  1.7205  1.0944  0.8740  0.7663
 216  0.881457  3.7000  2.6386  1.4981  3.1508  1.6572  1.0261  0.8032  0.6937
 217  0.881476  3.6998  2.6329  1.5030  3.1421  1.6465  1.0145  0.7912  0.6814
 218  0.881495  3.6996  2.6271  1.5078  3.1334  1.6357  1.0028  0.7791  0.6689
 219  0.881514  3.6994  2.6214  1.5127  3.1247  1.6250  0.9911  0.7670  0.6565
 220  0.881533  3.6992  2.6157  1.5176  3.1165  1.6142  0.9793  0.7549  0.6440
 221  0.881552  3.6989  2.6099  1.5225  3.1081  1.6032  0.9674  0.7426  0.6315
 222  0.881570  3.6987  2.6041  1.5275  3.0997  1.5922  0.9556  0.7303  0.6189
 223  0.881589  3.6985  2.5982  1.5324  3.0914  1.5813  0.9436  0.7179  0.6061
 224  0.881608  3.6983  2.5925  1.5374  3.0830  1.5703  0.9316  0.7055  0.5934
 225  0.881626  3.6980  2.5866  1.5424  3.0748  1.5593  0.9196  0.6930  0.5806
 226  0.881645  3.6978  2.5806  1.5475  3.0664  1.5481  0.9074  0.6804  0.5677
 227  0.881803  3.6957  2.5271  1.5926  2.9941  1.4490  0.7990  0.5681  0.4525
 228  0.881958  3.6933  2.4701  1.6403  2.9216  1.3453  0.6847  0.4492  0.3304
 229  0.882095  3.6909  2.4140  1.6866  2.8558  1.2459  0.5741  0.3339  0.2117
 230  0.882219  3.6885  2.3595  1.7316  2.7956  1.1508  0.4675  0.2224  0.0968
 231  0.882332  3.6862  2.3072  1.7746  2.7400  1.0602  0.3654  0.1155 -0.0134
 232  0.882439  3.6839  2.2569  1.8158  2.6884  0.9740  0.2679  0.0133 -0.1189
 233  0.882535  3.6822  2.2183  1.8476  2.6483  0.9076  0.1928 -0.0655 -0.2002
 234  0.882629  3.6818  2.2061  1.8584  2.6296  0.8833  0.1665 -0.0924 -0.2277
 235  0.882727  3.6835  2.2355  1.8358  2.6473  0.9270  0.2187 -0.0368 -0.1696
 236  0.882837  3.6816  2.1911  1.8727  2.5996  0.8496  0.1316 -0.1279 -0.2635
 237  0.882936  3.6785  2.1244  1.9268  2.5325  0.7387  0.0049 -0.2613 -0.4018
 238  0.883024  3.6755  2.0612  1.9781  2.4706  0.6346 -0.1142 -0.3872 -0.5322
 239  0.883104  3.6725  1.9988  2.0286  2.4117  0.5331 -0.2311 -0.5106 -0.6605
 240  0.883174  3.6695  1.9391  2.0765  2.3608  0.4388 -0.3407 -0.6270 -0.7816
 241  0.883238  3.6666  1.8803  2.1235  2.3145  0.3476 -0.4477 -0.7408 -0.9005
 242  0.883296  3.6636  1.8212  2.1707  2.2708  0.2572 -0.5544 -0.8546 -1.0192
 243  0.883347  3.6607  1.7642  2.2161  2.2327  0.1713 -0.6567 -0.9639 -1.1335
 244  0.883392  3.6578  1.7081  2.2605  2.1990  0.0884 -0.7560 -1.0704 -1.2451
 245  0.883435  3.6549  1.6529  2.3043  2.1681  0.0078 -0.8533 -1.1749 -1.3547
 246  0.883473  3.6520  1.5984  2.3474  2.1408 -0.0703 -0.9482 -1.2772 -1.4621
 247  0.883507  3.6492  1.5448  2.3896  2.1167 -0.1458 -1.0407 -1.3770 -1.5672
 248  0.883538  3.6464  1.4928  2.4303  2.0973 -0.2169 -1.1290 -1.4729 -1.6682
 249  0.883567  3.6435  1.4415  2.4703  2.0831 -0.2848 -1.2147 -1.5663 -1.7671
 250  0.883594  3.6407  1.3904  2.5097  2.0727 -0.3503 -1.2988 -1.6584 -1.8645
 251  0.883617  3.6378  1.3406  2.5481  2.0656 -0.4127 -1.3800 -1.7475 -1.9591
 252  0.883639  3.6350  1.2919  2.5855  2.0618 -0.4721 -1.4582 -1.8338 -2.0509
 253  0.883659  3.6321  1.2439  2.6221  2.0609 -0.5290 -1.5342 -1.9182 -2.1409
 254  0.883677  3.6293  1.1968  2.6580  2.0625 -0.5834 -1.6079 -2.0003 -2.2286
 255  0.883694  3.6266  1.1506  2.6933  2.0668 -0.6354 -1.6794 -2.0804 -2.3145
 256  0.883710  3.6239  1.1056  2.7275  2.0733 -0.6846 -1.7479 -2.1577 -2.3975
 257  0.883724  3.6212  1.0615  2.7611  2.0830 -0.7311 -1.8147 -2.2330 -2.4785
 258  0.883738  3.6186  1.0178  2.7941  2.0946 -0.7758 -1.8797 -2.3066 -2.5581
 259  0.883750  3.6159  0.9750  2.8264  2.1093 -0.8175 -1.9420 -2.3781 -2.6355
 260  0.883762  3.6133  0.9334  2.8576  2.1262 -0.8564 -2.0014 -2.4468 -2.7103
 261  0.883774  3.6108  0.8923  2.8884  2.1439 -0.8938 -2.0591 -2.5140 -2.7838
 262  0.883784  3.6082  0.8521  2.9186  2.1628 -0.9290 -2.1149 -2.5795 -2.8556
 263  0.883793  3.6057  0.8128  2.9479  2.1824 -0.9622 -2.1681 -2.6426 -2.9252
 264  0.883802  3.6033  0.7741  2.9768  2.2024 -0.9940 -2.2199 -2.7045 -2.9939
 265  0.883810  3.6009  0.7364  3.0049  2.2237 -1.0239 -2.2704 -2.7646 -3.0604
 266  0.883818  3.5986  0.6994  3.0326  2.2455 -1.0524 -2.3193 -2.8231 -3.1256
 267  0.883825  3.5962  0.6631  3.0596  2.2677 -1.0789 -2.3662 -2.8802 -3.1894
 268  0.883832  3.5940  0.6277  3.0861  2.2896 -1.1038 -2.4108 -2.9353 -3.2515
 269  0.883838  3.5918  0.5928  3.1121  2.3122 -1.1270 -2.4535 -2.9891 -3.3125
 270  0.883844  3.5896  0.5590  3.1372  2.3345 -1.1485 -2.4938 -3.0408 -3.3717
 271  0.883850  3.5875  0.5258  3.1620  2.3556 -1.1690 -2.5325 -3.0914 -3.4299
 272  0.883856  3.5853  0.4930  3.1863  2.3797 -1.1862 -2.5682 -3.1402 -3.4868
 273  0.883861  3.5833  0.4610  3.2100  2.4053 -1.2007 -2.6010 -3.1870 -3.5423
 274  0.883865  3.5812  0.4293  3.2332  2.4320 -1.2125 -2.6309 -3.2320 -3.5966
 275  0.883870  3.5790  0.3979  3.2558  2.4607 -1.2218 -2.6585 -3.2750 -3.6495
 276  0.883874  3.5770  0.3679  3.2778  2.4836 -1.2328 -2.6863 -3.3174 -3.7013
 277  0.883879  3.5751  0.3389  3.2992  2.5037 -1.2438 -2.7125 -3.3585 -3.7519
 278  0.883883  3.5733  0.3110  3.3198  2.5230 -1.2528 -2.7358 -3.3973 -3.8001
 279  0.883894  3.5718  0.2873  3.3374  2.5372 -1.2613 -2.7556 -3.4306 -3.8417
