#NUMBER OF AGES= 1
#----------------------------------------------------       
#MIX-LEN  Y      Z          Zeff        [Fe/H] [a/Fe]
# 1.9380  0.2488 2.3381E-03 1.7027E-03  -1.00   0.20 
#----------------------------------------------------       
#**PHOTOMETRIC SYSTEM**: SDSS (AB)                          
#----------------------------------------------------       
#AGE=11.000 EEPS=268
#EEP   M/Mo    LogTeff  LogG   LogL/Lo sdss_u  sdss_g  sdss_r  sdss_i  sdss_z
  12  0.110120  3.5218  5.3150 -2.7948 17.8789 14.4410 12.8026 11.8158 11.2618
  13  0.124254  3.5249  5.2536 -2.6684 17.4148 14.0616 12.4405 11.4878 10.9474
  14  0.141672  3.5288  5.1923 -2.5346 16.9189 13.6539 12.0526 11.1384 10.6147
  15  0.162039  3.5345  5.1433 -2.4044 16.4027 13.2328 11.6557 10.7912 10.2912
  16  0.181359  3.5409  5.1115 -2.2977 15.9519 12.8668 11.3147 10.5006 10.0268
  17  0.197150  3.5458  5.0885 -2.2191 15.6264 12.5989 11.0656 10.2868  9.8322
  18  0.210729  3.5493  5.0690 -2.1566 15.3807 12.3927 10.8734 10.1189  9.6778
  19  0.223519  3.5523  5.0520 -2.1021 15.1702 12.2143 10.7071  9.9725  9.5429
  20  0.236233  3.5551  5.0365 -2.0516 14.9786 12.0506 10.5545  9.8375  9.4180
  21  0.249280  3.5576  5.0217 -2.0031 14.7984 11.8952 10.4096  9.7086  9.2987
  22  0.265742  3.5606  5.0056 -1.9476 14.5951 11.7183 10.2446  9.5612  9.1619
  23  0.283090  3.5633  4.9900 -1.8934 14.4006 11.5474 10.0852  9.4179  9.0287
  24  0.297449  3.5656  4.9774 -1.8505 14.2475 11.4122  9.9593  9.3044  8.9230
  25  0.307069  3.5670  4.9691 -1.8225 14.1482 11.3243  9.8777  9.2307  8.8543
  26  0.313929  3.5680  4.9636 -1.8033 14.0807 11.2645  9.8220  9.1804  8.8075
  27  0.318899  3.5687  4.9595 -1.7895 14.0321 11.2212  9.7818  9.1440  8.7736
  28  0.322817  3.5693  4.9563 -1.7787 13.9933 11.1869  9.7500  9.1153  8.7469
  29  0.326313  3.5698  4.9534 -1.7689 13.9584 11.1561  9.7215  9.0897  8.7231
  30  0.329846  3.5704  4.9504 -1.7590 13.9231 11.1246  9.6926  9.0636  8.6989
  31  0.333910  3.5711  4.9472 -1.7479 13.8825 11.0890  9.6596  9.0340  8.6716
  32  0.338625  3.5718  4.9431 -1.7348 13.8357 11.0474  9.6213  8.9996  8.6396
  33  0.344586  3.5728  4.9379 -1.7181 13.7757 10.9943  9.5723  8.9555  8.5988
  34  0.354411  3.5744  4.9284 -1.6897 13.6736 10.9041  9.4895  8.8808  8.5295
  35  0.393737  3.5830  4.8844 -1.5658 13.2073 10.4959  9.1202  8.5526  8.2285
  36  0.414679  3.5884  4.8583 -1.4956 12.9336 10.2592  8.9103  8.3668  8.0582
  37  0.428813  3.5925  4.8395 -1.4457 12.7360 10.0889  8.7614  8.2348  7.9374
  38  0.441363  3.5966  4.8222 -1.3997 12.5508  9.9296  8.6237  8.1134  7.8263
  39  0.454590  3.6013  4.8044 -1.3505 12.3488  9.7562  8.4759  7.9832  7.7077
  40  0.467984  3.6065  4.7864 -1.2988 12.1336  9.5713  8.3209  7.8471  7.5835
  41  0.480188  3.6118  4.7705 -1.2505 11.9291  9.3951  8.1760  7.7201  7.4677
  42  0.491074  3.6169  4.7571 -1.2070 11.7415  9.2334  8.0450  7.6059  7.3638
  43  0.500549  3.6216  4.7463 -1.1692 11.5748  9.0897  7.9303  7.5063  7.2735
  44  0.508829  3.6260  4.7377 -1.1357 11.4253  8.9597  7.8279  7.4183  7.1942
  45  0.516358  3.6304  4.7303 -1.1046 11.2840  8.8365  7.7319  7.3366  7.1212
  46  0.523827  3.6349  4.7235 -1.0734 11.1375  8.7104  7.6348  7.2545  7.0481
  47  0.531814  3.6400  4.7170 -1.0399 10.9741  8.5725  7.5299  7.1662  6.9696
  48  0.540625  3.6458  4.7105 -1.0029 10.7831  8.4181  7.4141  7.0685  6.8829
  49  0.550423  3.6524  4.7037 -0.9620 10.5562  8.2451  7.2859  6.9601  6.7866
  50  0.560827  3.6597  4.6972 -0.9183 10.3001  8.0596  7.1498  6.8445  6.6837
  51  0.571344  3.6673  4.6913 -0.8740 10.0281  7.8721  7.0129  6.7269  6.5786
  52  0.576498  3.6711  4.6886 -0.8522  9.8921  7.7815  6.9465  6.6693  6.5268
  53  0.581638  3.6748  4.6858 -0.8306  9.7551  7.6926  6.8812  6.6122  6.4754
  54  0.586745  3.6785  4.6830 -0.8092  9.6186  7.6056  6.8171  6.5560  6.4245
  55  0.591817  3.6821  4.6800 -0.7882  9.4816  7.5209  6.7545  6.5007  6.3744
  56  0.596844  3.6857  4.6769 -0.7673  9.3423  7.4387  6.6938  6.4470  6.3255
  57  0.601840  3.6891  4.6735 -0.7466  9.2064  7.3591  6.6345  6.3942  6.2773
  58  0.606796  3.6924  4.6700 -0.7262  9.0736  7.2814  6.5762  6.3421  6.2297
  59  0.611707  3.6957  4.6665 -0.7060  8.9454  7.2058  6.5189  6.2909  6.1828
  60  0.616585  3.6989  4.6628 -0.6859  8.8226  7.1324  6.4625  6.2403  6.1363
  61  0.621412  3.7021  4.6591 -0.6661  8.7155  7.0617  6.4066  6.1901  6.0905
  62  0.626193  3.7052  4.6552 -0.6465  8.6151  6.9931  6.3516  6.1406  6.0452
  63  0.630931  3.7083  4.6513 -0.6271  8.5190  6.9263  6.2977  6.0917  6.0005
  64  0.635616  3.7112  4.6472 -0.6080  8.4266  6.8614  6.2446  6.0438  5.9566
  65  0.640253  3.7140  4.6430 -0.5890  8.3369  6.7980  6.1926  5.9966  5.9133
  66  0.644830  3.7170  4.6387 -0.5703  8.2473  6.7359  6.1417  5.9503  5.8707
  67  0.649354  3.7197  4.6343 -0.5518  8.1545  6.6751  6.0920  5.9051  5.8288
  68  0.653815  3.7223  4.6299 -0.5336  8.0632  6.6156  6.0434  5.8606  5.7878
  69  0.658225  3.7250  4.6253 -0.5156  7.9739  6.5573  5.9958  5.8169  5.7473
  70  0.662573  3.7276  4.6206 -0.4978  7.8863  6.5004  5.9490  5.7740  5.7075
  71  0.666857  3.7301  4.6159 -0.4803  7.8010  6.4446  5.9031  5.7320  5.6683
  72  0.671084  3.7325  4.6111 -0.4630  7.7179  6.3900  5.8581  5.6907  5.6298
  73  0.675247  3.7348  4.6062 -0.4458  7.6387  6.3366  5.8140  5.6501  5.5921
  74  0.679346  3.7371  4.6011 -0.4289  7.5620  6.2843  5.7708  5.6103  5.5549
  75  0.683381  3.7393  4.5958 -0.4123  7.4880  6.2332  5.7283  5.5712  5.5185
  76  0.687348  3.7415  4.5906 -0.3959  7.4162  6.1831  5.6866  5.5328  5.4825
  77  0.691244  3.7436  4.5853 -0.3798  7.3465  6.1342  5.6458  5.4952  5.4472
  78  0.695071  3.7456  4.5798 -0.3639  7.2794  6.0863  5.6057  5.4581  5.4124
  79  0.698830  3.7475  4.5743 -0.3483  7.2144  6.0395  5.5663  5.4216  5.3782
  80  0.702513  3.7494  4.5686 -0.3329  7.1518  5.9939  5.5277  5.3859  5.3445
  81  0.706118  3.7512  4.5629 -0.3178  7.0914  5.9492  5.4898  5.3507  5.3113
  82  0.710676  3.7534  4.5554 -0.2986  7.0161  5.8929  5.4419  5.3061  5.2692
  83  0.715184  3.7556  4.5476 -0.2794  6.9429  5.8375  5.3944  5.2618  5.2273
  84  0.719646  3.7576  4.5397 -0.2605  6.8713  5.7826  5.3474  5.2178  5.1855
  85  0.724064  3.7597  4.5314 -0.2416  6.8010  5.7283  5.3006  5.1740  5.1439
  86  0.728436  3.7616  4.5231 -0.2227  6.7322  5.6745  5.2541  5.1305  5.1025
  87  0.732758  3.7636  4.5144 -0.2038  6.6647  5.6214  5.2080  5.0870  5.0611
  88  0.737030  3.7654  4.5056 -0.1852  6.5977  5.5689  5.1624  5.0441  5.0200
  89  0.741242  3.7672  4.4965 -0.1665  6.5320  5.5168  5.1170  5.0013  4.9789
  90  0.745386  3.7689  4.4872 -0.1480  6.4675  5.4654  5.0721  4.9587  4.9381
  91  0.749459  3.7705  4.4778 -0.1296  6.4043  5.4144  5.0274  4.9165  4.8975
  92  0.753447  3.7721  4.4682 -0.1113  6.3428  5.3641  4.9831  4.8746  4.8571
  93  0.757343  3.7736  4.4584 -0.0933  6.2829  5.3144  4.9391  4.8327  4.8167
  94  0.761146  3.7751  4.4485 -0.0753  6.2244  5.2654  4.8955  4.7914  4.7768
  95  0.764849  3.7765  4.4385 -0.0576  6.1672  5.2169  4.8524  4.7504  4.7373
  96  0.768454  3.7778  4.4285 -0.0401  6.1115  5.1692  4.8097  4.7098  4.6979
  97  0.771963  3.7792  4.4184 -0.0228  6.0577  5.1221  4.7675  4.6696  4.6590
  98  0.775378  3.7805  4.4085 -0.0056  6.0055  5.0754  4.7256  4.6297  4.6206
  99  0.778702  3.7817  4.3984  0.0112  5.9547  5.0296  4.6842  4.5903  4.5824
 100  0.781938  3.7829  4.3883  0.0279  5.9051  4.9843  4.6433  4.5514  4.5447
 101  0.785091  3.7841  4.3782  0.0442  5.8565  4.9397  4.6029  4.5129  4.5075
 102  0.788169  3.7852  4.3681  0.0604  5.8089  4.8958  4.5630  4.4748  4.4706
 103  0.791176  3.7863  4.3581  0.0765  5.7624  4.8525  4.5235  4.4371  4.4339
 104  0.794118  3.7873  4.3480  0.0923  5.7167  4.8099  4.4845  4.3998  4.3978
 105  0.797007  3.7883  4.3379  0.1080  5.6720  4.7677  4.4459  4.3628  4.3618
 106  0.799849  3.7892  4.3278  0.1236  5.6279  4.7260  4.4077  4.3262  4.3262
 107  0.802656  3.7902  4.3176  0.1389  5.5846  4.6848  4.3698  4.2898  4.2907
 108  0.805439  3.7910  4.3073  0.1542  5.5421  4.6442  4.3322  4.2536  4.2554
 109  0.808196  3.7918  4.2970  0.1693  5.5003  4.6041  4.2949  4.2177  4.2203
 110  0.810914  3.7926  4.2866  0.1842  5.4591  4.5644  4.2580  4.1821  4.1854
 111  0.813505  3.7934  4.2765  0.1991  5.4179  4.5250  4.2216  4.1470  4.1511
 112  0.814456  3.7938  4.2728  0.2046  5.4025  4.5103  4.2079  4.1339  4.1383
 113  0.815406  3.7941  4.2689  0.2102  5.3870  4.4956  4.1942  4.1207  4.1254
 114  0.816356  3.7944  4.2650  0.2158  5.3714  4.4807  4.1803  4.1073  4.1123
 115  0.817306  3.7946  4.2610  0.2215  5.3559  4.4657  4.1664  4.0938  4.0990
 116  0.818252  3.7949  4.2568  0.2272  5.3403  4.4507  4.1522  4.0799  4.0855
 117  0.819197  3.7951  4.2524  0.2330  5.3247  4.4354  4.1379  4.0660  4.0718
 118  0.820138  3.7954  4.2479  0.2388  5.3091  4.4202  4.1235  4.0519  4.0579
 119  0.821077  3.7956  4.2433  0.2447  5.2934  4.4048  4.1088  4.0376  4.0438
 120  0.822013  3.7958  4.2387  0.2507  5.2777  4.3894  4.0941  4.0232  4.0295
 121  0.822946  3.7959  4.2338  0.2567  5.2619  4.3738  4.0791  4.0086  4.0150
 122  0.823877  3.7961  4.2290  0.2629  5.2461  4.3582  4.0641  3.9938  4.0005
 123  0.824804  3.7962  4.2239  0.2690  5.2303  4.3424  4.0489  3.9789  3.9857
 124  0.825723  3.7964  4.2188  0.2752  5.2143  4.3264  4.0336  3.9637  3.9706
 125  0.826641  3.7965  4.2135  0.2814  5.1983  4.3105  4.0181  3.9485  3.9555
 126  0.827556  3.7966  4.2081  0.2876  5.1823  4.2945  4.0025  3.9331  3.9402
 127  0.828469  3.7967  4.2027  0.2939  5.1663  4.2784  3.9868  3.9176  3.9248
 128  0.829377  3.7968  4.1972  0.3003  5.1503  4.2621  3.9710  3.9020  3.9092
 129  0.830282  3.7969  4.1916  0.3066  5.1343  4.2459  3.9551  3.8862  3.8934
 130  0.831184  3.7969  4.1858  0.3131  5.1181  4.2296  3.9391  3.8703  3.8775
 131  0.832079  3.7970  4.1799  0.3195  5.1021  4.2133  3.9228  3.8542  3.8615
 132  0.832971  3.7969  4.1738  0.3260  5.0862  4.1968  3.9066  3.8379  3.8452
 133  0.833855  3.7969  4.1676  0.3327  5.0704  4.1804  3.8901  3.8214  3.8286
 134  0.834733  3.7968  4.1612  0.3393  5.0545  4.1640  3.8736  3.8048  3.8119
 135  0.835605  3.7968  4.1546  0.3459  5.0386  4.1474  3.8568  3.7880  3.7950
 136  0.836470  3.7966  4.1478  0.3526  5.0228  4.1308  3.8400  3.7711  3.7779
 137  0.837328  3.7965  4.1409  0.3593  5.0071  4.1143  3.8231  3.7539  3.7605
 138  0.838178  3.7963  4.1339  0.3661  4.9915  4.0976  3.8059  3.7366  3.7430
 139  0.839020  3.7961  4.1266  0.3729  4.9758  4.0809  3.7887  3.7191  3.7253
 140  0.839853  3.7958  4.1192  0.3798  4.9603  4.0643  3.7714  3.7014  3.7073
 141  0.840677  3.7955  4.1114  0.3867  4.9449  4.0476  3.7539  3.6835  3.6891
 142  0.841493  3.7952  4.1036  0.3937  4.9296  4.0309  3.7363  3.6654  3.6706
 143  0.842299  3.7948  4.0955  0.4007  4.9145  4.0143  3.7185  3.6472  3.6520
 144  0.843094  3.7944  4.0872  0.4077  4.8995  3.9976  3.7007  3.6287  3.6330
 145  0.843880  3.7939  4.0785  0.4148  4.8848  3.9811  3.6828  3.6101  3.6139
 146  0.844655  3.7934  4.0697  0.4219  4.8701  3.9646  3.6647  3.5913  3.5945
 147  0.845419  3.7928  4.0606  0.4290  4.8559  3.9481  3.6466  3.5722  3.5749
 148  0.846172  3.7921  4.0512  0.4362  4.8415  3.9318  3.6283  3.5530  3.5549
 149  0.846916  3.7915  4.0416  0.4435  4.8271  3.9155  3.6101  3.5338  3.5350
 150  0.847647  3.7906  4.0314  0.4507  4.8137  3.8997  3.5917  3.5141  3.5144
 151  0.848367  3.7896  4.0207  0.4579  4.8008  3.8842  3.5733  3.4942  3.4934
 152  0.849076  3.7884  4.0089  0.4651  4.7893  3.8693  3.5548  3.4739  3.4719
 153  0.849771  3.7870  3.9962  0.4722  4.7795  3.8554  3.5363  3.4532  3.4496
 154  0.850451  3.7851  3.9822  0.4794  4.7720  3.8426  3.5181  3.4322  3.4267
 155  0.851128  3.7834  3.9682  0.4866  4.7645  3.8297  3.4997  3.4112  3.4037
 156  0.851788  3.7811  3.9525  0.4936  4.7609  3.8187  3.4817  3.3897  3.3798
 157  0.852446  3.7788  3.9366  0.5006  4.7583  3.8078  3.4635  3.3681  3.3557
 158  0.853094  3.7761  3.9194  0.5074  4.7614  3.7984  3.4450  3.3457  3.3305
 159  0.853750  3.7737  3.9031  0.5145  4.7636  3.7881  3.4263  3.3234  3.3057
 160  0.854411  3.7713  3.8867  0.5214  4.7667  3.7780  3.4076  3.3011  3.2810
 161  0.855076  3.7685  3.8694  0.5282  4.7738  3.7695  3.3892  3.2787  3.2558
 162  0.855636  3.7660  3.8539  0.5337  4.7837  3.7641  3.3744  3.2600  3.2345
 163  0.856196  3.7630  3.8371  0.5390  4.7979  3.7606  3.3601  3.2412  3.2127
 164  0.856754  3.7597  3.8189  0.5441  4.8157  3.7593  3.3469  3.2229  3.1906
 165  0.857307  3.7560  3.7991  0.5494  4.8381  3.7596  3.3337  3.2042  3.1678
 166  0.857852  3.7520  3.7777  0.5551  4.8635  3.7601  3.3200  3.1842  3.1433
 167  0.858382  3.7480  3.7550  0.5620  4.8890  3.7587  3.3038  3.1617  3.1162
 168  0.858882  3.7441  3.7314  0.5705  4.9109  3.7529  3.2838  3.1357  3.0858
 169  0.859346  3.7407  3.7079  0.5807  4.9250  3.7417  3.2598  3.1064  3.0525
 170  0.859769  3.7378  3.6847  0.5923  4.9310  3.7250  3.2323  3.0743  3.0170
 171  0.860154  3.7354  3.6626  0.6050  4.9292  3.7042  3.2023  3.0405  2.9801
 172  0.860508  3.7334  3.6414  0.6183  4.9209  3.6798  3.1705  3.0053  2.9426
 173  0.860838  3.7318  3.6212  0.6321  4.9078  3.6529  3.1373  2.9695  2.9048
 174  0.861150  3.7304  3.6017  0.6463  4.8909  3.6242  3.1033  2.9332  2.8667
 175  0.861446  3.7292  3.5826  0.6605  4.8712  3.5943  3.0687  2.8967  2.8287
 176  0.861731  3.7281  3.5642  0.6749  4.8491  3.5632  3.0337  2.8599  2.7905
 177  0.862007  3.7272  3.5460  0.6895  4.8250  3.5313  2.9983  2.8230  2.7525
 178  0.862274  3.7264  3.5283  0.7041  4.7992  3.4988  2.9627  2.7861  2.7145
 179  0.862536  3.7257  3.5109  0.7187  4.7720  3.4656  2.9270  2.7491  2.6767
 180  0.862793  3.7249  3.4938  0.7334  4.7441  3.4322  2.8911  2.7122  2.6388
 181  0.863046  3.7243  3.4766  0.7481  4.7154  3.3986  2.8552  2.6752  2.6011
 182  0.863296  3.7237  3.4596  0.7628  4.6864  3.3647  2.8193  2.6382  2.5632
 183  0.863544  3.7231  3.4426  0.7777  4.6562  3.3302  2.7828  2.6009  2.5251
 184  0.863792  3.7226  3.4255  0.7928  4.6250  3.2951  2.7459  2.5632  2.4867
 185  0.864040  3.7221  3.4084  0.8080  4.5936  3.2597  2.7087  2.5251  2.4480
 186  0.864288  3.7216  3.3913  0.8233  4.5613  3.2238  2.6711  2.4868  2.4090
 187  0.864535  3.7212  3.3741  0.8387  4.5282  3.1873  2.6332  2.4482  2.3696
 188  0.864781  3.7207  3.3569  0.8544  4.4945  3.1505  2.5949  2.4090  2.3299
 189  0.865026  3.7203  3.3393  0.8702  4.4602  3.1130  2.5559  2.3693  2.2896
 190  0.865271  3.7198  3.3215  0.8864  4.4253  3.0749  2.5164  2.3290  2.2488
 191  0.865514  3.7194  3.3036  0.9028  4.3896  3.0362  2.4761  2.2882  2.2072
 192  0.865756  3.7190  3.2854  0.9193  4.3536  2.9970  2.4356  2.2468  2.1653
 193  0.865997  3.7185  3.2668  0.9361  4.3166  2.9569  2.3941  2.2046  2.1224
 194  0.866235  3.7181  3.2478  0.9535  4.2783  2.9156  2.3514  2.1612  2.0785
 195  0.866467  3.7177  3.2279  0.9720  4.2372  2.8717  2.3061  2.1152  2.0318
 196  0.866690  3.7172  3.2064  0.9915  4.1946  2.8256  2.2582  2.0665  1.9824
 197  0.866908  3.7166  3.1842  1.0117  4.1503  2.7776  2.2086  2.0160  1.9311
 198  0.867120  3.7161  3.1610  1.0328  4.1043  2.7279  2.1570  1.9634  1.8777
 199  0.867326  3.7155  3.1372  1.0545  4.0560  2.6765  2.1039  1.9093  1.8228
 200  0.867525  3.7149  3.1125  1.0768  4.0070  2.6238  2.0492  1.8537  1.7662
 201  0.867721  3.7143  3.0873  1.0996  3.9568  2.5701  1.9935  1.7968  1.7084
 202  0.867911  3.7136  3.0613  1.1230  3.9057  2.5150  1.9362  1.7385  1.6491
 203  0.868095  3.7129  3.0347  1.1469  3.8542  2.4590  1.8779  1.6789  1.5885
 204  0.868274  3.7122  3.0076  1.1712  3.8016  2.4021  1.8184  1.6181  1.5266
 205  0.868446  3.7114  2.9795  1.1962  3.7496  2.3445  1.7578  1.5561  1.4634
 206  0.868614  3.7105  2.9509  1.2214  3.6973  2.2863  1.6963  1.4931  1.3991
 207  0.868776  3.7096  2.9217  1.2470  3.6444  2.2272  1.6340  1.4290  1.3338
 208  0.868933  3.7087  2.8920  1.2730  3.5915  2.1677  1.5708  1.3641  1.2675
 209  0.869084  3.7077  2.8617  1.2995  3.5382  2.1073  1.5066  1.2982  1.2001
 210  0.869229  3.7067  2.8309  1.3263  3.4849  2.0464  1.4418  1.2315  1.1318
 211  0.869368  3.7056  2.7996  1.3533  3.4316  1.9850  1.3763  1.1638  1.0625
 212  0.869503  3.7043  2.7669  1.3807  3.3819  1.9247  1.3105  1.0957  0.9924
 213  0.869630  3.7034  2.7356  1.4084  3.3254  1.8608  1.2431  1.0266  0.9219
 214  0.869753  3.7021  2.7026  1.4365  3.2742  1.7988  1.1759  0.9570  0.8504
 215  0.869871  3.7009  2.6696  1.4647  3.2218  1.7358  1.1080  0.8868  0.7784
 216  0.869983  3.6996  2.6363  1.4931  3.1700  1.6725  1.0396  0.8160  0.7058
 217  0.870001  3.6994  2.6306  1.4979  3.1613  1.6618  1.0279  0.8040  0.6935
 218  0.870020  3.6992  2.6249  1.5028  3.1530  1.6511  1.0163  0.7920  0.6812
 219  0.870038  3.6990  2.6192  1.5076  3.1449  1.6404  1.0047  0.7800  0.6688
 220  0.870056  3.6987  2.6135  1.5124  3.1366  1.6296  0.9930  0.7678  0.6564
 221  0.870074  3.6985  2.6077  1.5173  3.1285  1.6188  0.9812  0.7556  0.6439
 222  0.870092  3.6983  2.6020  1.5222  3.1203  1.6080  0.9694  0.7434  0.6313
 223  0.870110  3.6981  2.5961  1.5272  3.1123  1.5971  0.9575  0.7311  0.6187
 224  0.870127  3.6979  2.5903  1.5321  3.1039  1.5860  0.9455  0.7187  0.6061
 225  0.870145  3.6976  2.5844  1.5371  3.0958  1.5751  0.9336  0.7063  0.5933
 226  0.870163  3.6974  2.5785  1.5421  3.0875  1.5641  0.9216  0.6939  0.5806
 227  0.870318  3.6953  2.5242  1.5880  3.0138  1.4631  0.8111  0.5794  0.4632
 228  0.870467  3.6929  2.4667  1.6362  2.9412  1.3587  0.6960  0.4597  0.3402
 229  0.870597  3.6905  2.4116  1.6818  2.8768  1.2611  0.5875  0.3464  0.2236
 230  0.870717  3.6881  2.3567  1.7270  2.8159  1.1652  0.4800  0.2341  0.1078
 231  0.870826  3.6858  2.3044  1.7701  2.7602  1.0745  0.3778  0.1271 -0.0024
 232  0.870930  3.6835  2.2549  1.8106  2.7093  0.9896  0.2816  0.0264 -0.1064
 233  0.871023  3.6820  2.2191  1.8402  2.6717  0.9277  0.2118 -0.0468 -0.1819
 234  0.871114  3.6821  2.2154  1.8443  2.6595  0.9168  0.2012 -0.0573 -0.1922
 235  0.871209  3.6833  2.2364  1.8283  2.6711  0.9475  0.2381 -0.0178 -0.1509
 236  0.871314  3.6810  2.1825  1.8728  2.6131  0.8541  0.1329 -0.1280 -0.2646
 237  0.871409  3.6778  2.1164  1.9266  2.5464  0.7441  0.0073 -0.2604 -0.4017
 238  0.871493  3.6748  2.0530  1.9780  2.4843  0.6398 -0.1121 -0.3865 -0.5325
 239  0.871569  3.6719  1.9909  2.0283  2.4263  0.5391 -0.2282 -0.5091 -0.6599
 240  0.871635  3.6689  1.9316  2.0759  2.3761  0.4456 -0.3371 -0.6247 -0.7803
 241  0.871696  3.6660  1.8725  2.1232  2.3296  0.3539 -0.4447 -0.7392 -0.8997
 242  0.871750  3.6630  1.8134  2.1704  2.2864  0.2635 -0.5514 -0.8531 -1.0187
 243  0.871799  3.6601  1.7564  2.2157  2.2487  0.1778 -0.6534 -0.9621 -1.1327
 244  0.871842  3.6572  1.7001  2.2605  2.2151  0.0946 -0.7532 -1.0690 -1.2448
 245  0.871882  3.6543  1.6451  2.3040  2.1845  0.0145 -0.8499 -1.1729 -1.3538
 246  0.871918  3.6515  1.5904  2.3473  2.1575 -0.0637 -0.9450 -1.2755 -1.4616
 247  0.871951  3.6486  1.5373  2.3891  2.1340 -0.1385 -1.0367 -1.3746 -1.5658
 248  0.871981  3.6458  1.4851  2.4300  2.1152 -0.2097 -1.1253 -1.4708 -1.6673
 249  0.872007  3.6429  1.4338  2.4698  2.1014 -0.2770 -1.2106 -1.5638 -1.7657
 250  0.872032  3.6400  1.3828  2.5092  2.0914 -0.3423 -1.2945 -1.6557 -1.8629
 251  0.872055  3.6371  1.3330  2.5475  2.0846 -0.4045 -1.3755 -1.7446 -1.9573
 252  0.872075  3.6344  1.2841  2.5850  2.0810 -0.4639 -1.4539 -1.8313 -2.0495
 253  0.872094  3.6315  1.2360  2.6218  2.0804 -0.5208 -1.5300 -1.9157 -2.1396
 254  0.872112  3.6288  1.1892  2.6575  2.0824 -0.5747 -1.6032 -1.9973 -2.2268
 255  0.872129  3.6260  1.1428  2.6930  2.0869 -0.6267 -1.6748 -2.0776 -2.3129
 256  0.872144  3.6233  1.0979  2.7271  2.0939 -0.6755 -1.7433 -2.1547 -2.3958
 257  0.872157  3.6206  1.0536  2.7607  2.1039 -0.7221 -1.8100 -2.2302 -2.4769
 258  0.872170  3.6180  1.0101  2.7937  2.1159 -0.7664 -1.8747 -2.3037 -2.5563
 259  0.872182  3.6153  0.9673  2.8259  2.1312 -0.8077 -1.9366 -2.3748 -2.6336
 260  0.872193  3.6127  0.9256  2.8573  2.1481 -0.8466 -1.9961 -2.4436 -2.7085
 261  0.872203  3.6102  0.8845  2.8881  2.1661 -0.8837 -2.0538 -2.5108 -2.7821
 262  0.872213  3.6076  0.8444  2.9181  2.1851 -0.9187 -2.1091 -2.5759 -2.8536
 263  0.872221  3.6052  0.8052  2.9474  2.2046 -0.9518 -2.1623 -2.6391 -2.9233
 264  0.872230  3.6027  0.7665  2.9763  2.2248 -0.9833 -2.2138 -2.7009 -2.9918
 265  0.872238  3.6003  0.7288  3.0045  2.2464 -1.0131 -2.2646 -2.7610 -3.0584
 266  0.872245  3.5980  0.6917  3.0323  2.2683 -1.0413 -2.3134 -2.8196 -3.1237
 267  0.872252  3.5957  0.6555  3.0593  2.2904 -1.0677 -2.3599 -2.8764 -3.1873
 268  0.872258  3.5934  0.6201  3.0857  2.3126 -1.0924 -2.4043 -2.9315 -3.2495
 269  0.872264  3.5912  0.5853  3.1116  2.3351 -1.1153 -2.4467 -2.9851 -3.3104
 270  0.872270  3.5890  0.5513  3.1368  2.3570 -1.1367 -2.4869 -3.0369 -3.3698
 271  0.872275  3.5869  0.5181  3.1617  2.3785 -1.1567 -2.5251 -3.0873 -3.4279
 272  0.872281  3.5848  0.4853  3.1859  2.4033 -1.1733 -2.5602 -3.1359 -3.4848
 273  0.872285  3.5827  0.4533  3.2096  2.4285 -1.1878 -2.5930 -3.1827 -3.5404
 274  0.872290  3.5805  0.4212  3.2328  2.4573 -1.1978 -2.6214 -3.2270 -3.5944
 275  0.872294  3.5784  0.3902  3.2553  2.4832 -1.2087 -2.6501 -3.2705 -3.6475
 276  0.872299  3.5764  0.3603  3.2775  2.5054 -1.2199 -2.6778 -3.3130 -3.6995
 277  0.872302  3.5746  0.3312  3.2989  2.5263 -1.2300 -2.7031 -3.3537 -3.7500
 278  0.872306  3.5727  0.3032  3.3195  2.5453 -1.2388 -2.7261 -3.3925 -3.7983
 279  0.872311  3.5711  0.2788  3.3376  2.5605 -1.2466 -2.7454 -3.4264 -3.8410
