#NUMBER OF AGES= 1
#----------------------------------------------------       
#MIX-LEN  Y      Z          Zeff        [Fe/H] [a/Fe]
# 1.9380  0.2488 2.3381E-03 1.7027E-03  -1.00   0.20 
#----------------------------------------------------       
#**PHOTOMETRIC SYSTEM**: SDSS (AB)                          
#----------------------------------------------------       
#AGE=11.500 EEPS=268
#EEP   M/Mo    LogTeff  LogG   LogL/Lo sdss_u  sdss_g  sdss_r  sdss_i  sdss_z
  12  0.107578  3.5212  5.3267 -2.8191 17.9690 14.5141 12.8724 11.8788 11.3221
  13  0.121299  3.5242  5.2655 -2.6932 17.5055 14.1362 12.5117 11.5523 11.0093
  14  0.138001  3.5280  5.2035 -2.5606 17.0165 13.7342 12.1288 11.2067 10.6794
  15  0.157627  3.5331  5.1517 -2.4303 16.5097 13.3195 11.7371 10.8611 10.3555
  16  0.176924  3.5395  5.1175 -2.3204 16.0478 12.9451 11.3873 10.5624 10.0828
  17  0.192927  3.5446  5.0937 -2.2385 15.7051 12.6642 11.1263 10.3393  9.8800
  18  0.206563  3.5483  5.0738 -2.1742 15.4494 12.4506 10.9273 10.1660  9.7210
  19  0.219279  3.5514  5.0564 -2.1185 15.2336 12.2682 10.7574 10.0167  9.5835
  20  0.231847  3.5542  5.0406 -2.0674 15.0387 12.1021 10.6025  9.8799  9.4572
  21  0.244662  3.5568  5.0257 -2.0187 14.8565 11.9453 10.4563  9.7501  9.3370
  22  0.259757  3.5596  5.0101 -1.9660 14.6625 11.7772 10.2994  9.6102  9.2073
  23  0.277524  3.5625  4.9940 -1.9094 14.4581 11.5980 10.1324  9.4603  9.0679
  24  0.293417  3.5650  4.9801 -1.8615 14.2871 11.4471  9.9918  9.3336  8.9500
  25  0.304497  3.5666  4.9706 -1.8289 14.1716 11.3449  9.8968  9.2479  8.8703
  26  0.312141  3.5678  4.9644 -1.8076 14.0960 11.2780  9.8346  9.1916  8.8178
  27  0.317605  3.5685  4.9601 -1.7926 14.0427 11.2307  9.7907  9.1520  8.7809
  28  0.321761  3.5692  4.9567 -1.7810 14.0018 11.1945  9.7570  9.1216  8.7528
  29  0.325274  3.5697  4.9538 -1.7713 13.9668 11.1635  9.7284  9.0958  8.7289
  30  0.328643  3.5702  4.9510 -1.7618 13.9327 11.1333  9.7005  9.0709  8.7056
  31  0.332378  3.5708  4.9479 -1.7514 13.8952 11.1002  9.6699  9.0434  8.6803
  32  0.336615  3.5715  4.9443 -1.7396 13.8528 11.0626  9.6353  9.0122  8.6513
  33  0.341851  3.5724  4.9396 -1.7250 13.8002 11.0160  9.5923  8.9735  8.6154
  34  0.348081  3.5734  4.9335 -1.7070 13.7362 10.9594  9.5403  8.9264  8.5716
  35  0.371348  3.5778  4.9096 -1.6372 13.4803 10.7337  9.3340  8.7420  8.4016
  36  0.405768  3.5861  4.8687 -1.5245 13.0473 10.3572  8.9968  8.4433  8.1283
  37  0.421340  3.5904  4.8483 -1.4707 12.8359 10.1748  8.8362  8.3009  7.9977
  38  0.434174  3.5944  4.8306 -1.4243 12.6507 10.0153  8.6975  8.1784  7.8856
  39  0.446879  3.5986  4.8132 -1.3773 12.4604  9.8518  8.5569  8.0543  7.7723
  40  0.460029  3.6035  4.7956 -1.3276 12.2545  9.6751  8.4074  7.9228  7.6525
  41  0.472608  3.6087  4.7787 -1.2782 12.0478  9.4971  8.2593  7.7930  7.5339
  42  0.484071  3.6138  4.7640 -1.2325 11.8527  9.3290  8.1218  7.6726  7.4244
  43  0.494227  3.6187  4.7517 -1.1916 11.6754  9.1762  7.9988  7.5655  7.3270
  44  0.503188  3.6233  4.7417 -1.1556 11.5155  9.0383  7.8895  7.4707  7.2411
  45  0.511062  3.6276  4.7336 -1.1233 11.3711  8.9120  7.7902  7.3859  7.1650
  46  0.518498  3.6320  4.7265 -1.0923 11.2283  8.7880  7.6940  7.3042  7.0921
  47  0.526142  3.6368  4.7197 -1.0602 11.0753  8.6570  7.5937  7.2195  7.0168
  48  0.534345  3.6422  4.7132 -1.0255 10.9035  8.5137  7.4852  7.1280  6.9356
  49  0.543351  3.6482  4.7066 -0.9874 10.7005  8.3536  7.3657  7.0274  6.8463
  50  0.553183  3.6549  4.6998 -0.9459 10.4667  8.1786  7.2364  6.9178  6.7488
  51  0.563341  3.6621  4.6936 -0.9029 10.2097  7.9956  7.1025  6.8038  6.6473
  52  0.568435  3.6659  4.6907 -0.8812 10.0769  7.9043  7.0357  6.7463  6.5958
  53  0.573524  3.6696  4.6878 -0.8596  9.9423  7.8139  6.9695  6.6890  6.5443
  54  0.578586  3.6733  4.6850 -0.8381  9.8070  7.7251  6.9043  6.6322  6.4930
  55  0.583619  3.6770  4.6822 -0.8168  9.6712  7.6379  6.8402  6.5759  6.4423
  56  0.588614  3.6806  4.6792 -0.7957  9.5361  7.5530  6.7775  6.5207  6.3923
  57  0.593578  3.6841  4.6761 -0.7749  9.3983  7.4704  6.7164  6.4667  6.3431
  58  0.598496  3.6876  4.6728 -0.7543  9.2617  7.3902  6.6569  6.4139  6.2950
  59  0.603361  3.6909  4.6693 -0.7340  9.1290  7.3126  6.5988  6.3621  6.2476
  60  0.608198  3.6942  4.6657 -0.7139  9.0001  7.2368  6.5417  6.3109  6.2008
  61  0.612981  3.6974  4.6621 -0.6939  8.8763  7.1633  6.4854  6.2605  6.1546
  62  0.617720  3.7005  4.6583 -0.6742  8.7625  7.0921  6.4300  6.2107  6.1090
  63  0.622417  3.7036  4.6545 -0.6547  8.6608  7.0234  6.3752  6.1614  6.0639
  64  0.627058  3.7067  4.6506 -0.6355  8.5640  6.9566  6.3213  6.1128  6.0194
  65  0.631653  3.7095  4.6465 -0.6164  8.4713  6.8917  6.2685  6.0650  5.9756
  66  0.636188  3.7125  4.6424 -0.5976  8.3813  6.8282  6.2166  6.0180  5.9325
  67  0.640671  3.7152  4.6381 -0.5790  8.2937  6.7664  6.1659  5.9718  5.8901
  68  0.645091  3.7180  4.6338 -0.5607  8.2039  6.7059  6.1162  5.9267  5.8484
  69  0.649462  3.7207  4.6293 -0.5426  8.1133  6.6465  6.0677  5.8824  5.8075
  70  0.653771  3.7234  4.6247 -0.5247  8.0244  6.5884  6.0202  5.8388  5.7671
  71  0.658017  3.7258  4.6201 -0.5071  7.9374  6.5316  5.9736  5.7961  5.7275
  72  0.662204  3.7284  4.6154 -0.4896  7.8522  6.4761  5.9279  5.7543  5.6885
  73  0.666327  3.7307  4.6106 -0.4725  7.7693  6.4217  5.8831  5.7131  5.6502
  74  0.670390  3.7331  4.6057 -0.4555  7.6890  6.3686  5.8392  5.6727  5.6126
  75  0.674391  3.7354  4.6007 -0.4388  7.6124  6.3165  5.7962  5.6330  5.5756
  76  0.678325  3.7376  4.5956 -0.4222  7.5380  6.2655  5.7539  5.5941  5.5393
  77  0.682197  3.7397  4.5904 -0.4060  7.4658  6.2156  5.7124  5.5559  5.5036
  78  0.685996  3.7418  4.5851 -0.3899  7.3961  6.1668  5.6716  5.5183  5.4684
  79  0.689733  3.7438  4.5797 -0.3741  7.3286  6.1191  5.6318  5.4815  5.4338
  80  0.693399  3.7458  4.5742 -0.3586  7.2634  6.0724  5.5926  5.4452  5.3997
  81  0.696993  3.7476  4.5686 -0.3434  7.2003  6.0268  5.5541  5.4096  5.3663
  82  0.701562  3.7500  4.5612 -0.3238  7.1215  5.9690  5.5051  5.3641  5.3233
  83  0.706070  3.7522  4.5536 -0.3044  7.0453  5.9122  5.4567  5.3191  5.2808
  84  0.710522  3.7544  4.5458 -0.2852  6.9710  5.8561  5.4087  5.2743  5.2385
  85  0.714920  3.7565  4.5376 -0.2661  6.8984  5.8008  5.3613  5.2300  5.1963
  86  0.719271  3.7585  4.5294 -0.2470  6.8274  5.7460  5.3141  5.1858  5.1545
  87  0.723568  3.7605  4.5208 -0.2281  6.7582  5.6919  5.2673  5.1418  5.1126
  88  0.727817  3.7624  4.5120 -0.2091  6.6902  5.6384  5.2208  5.0982  5.0709
  89  0.732008  3.7642  4.5030 -0.1904  6.6234  5.5855  5.1747  5.0547  5.0293
  90  0.736137  3.7660  4.4937 -0.1716  6.5572  5.5331  5.1291  5.0116  4.9880
  91  0.740202  3.7677  4.4843 -0.1530  6.4923  5.4814  5.0837  4.9688  4.9469
  92  0.744189  3.7693  4.4747 -0.1345  6.4290  5.4302  5.0388  4.9262  4.9058
  93  0.748096  3.7709  4.4649 -0.1161  6.3671  5.3797  4.9942  4.8838  4.8651
  94  0.751914  3.7724  4.4550 -0.0979  6.3066  5.3298  4.9499  4.8419  4.8246
  95  0.755635  3.7738  4.4449 -0.0800  6.2474  5.2804  4.9062  4.8002  4.7844
  96  0.759254  3.7752  4.4348 -0.0621  6.1898  5.2317  4.8627  4.7589  4.7445
  97  0.762774  3.7765  4.4245 -0.0444  6.1336  5.1837  4.8198  4.7179  4.7049
  98  0.766196  3.7779  4.4143 -0.0271  6.0788  5.1365  4.7774  4.6775  4.6656
  99  0.769522  3.7792  4.4039 -0.0098  6.0259  5.0897  4.7353  4.6374  4.6268
 100  0.772753  3.7804  4.3936  0.0072  5.9745  5.0437  4.6936  4.5977  4.5883
 101  0.775897  3.7815  4.3832  0.0239  5.9244  4.9982  4.6524  4.5583  4.5502
 102  0.778956  3.7826  4.3728  0.0405  5.8757  4.9535  4.6117  4.5194  4.5125
 103  0.781937  3.7837  4.3624  0.0568  5.8278  4.9094  4.5716  4.4810  4.4751
 104  0.784844  3.7847  4.3520  0.0729  5.7810  4.8659  4.5319  4.4431  4.4382
 105  0.787687  3.7857  4.3416  0.0888  5.7353  4.8231  4.4926  4.4054  4.4017
 106  0.790476  3.7867  4.3313  0.1046  5.6903  4.7808  4.4537  4.3681  4.3654
 107  0.793218  3.7876  4.3209  0.1202  5.6461  4.7392  4.4154  4.3312  4.3294
 108  0.795925  3.7884  4.3104  0.1356  5.6029  4.6980  4.3773  4.2946  4.2936
 109  0.798603  3.7892  4.2997  0.1509  5.5604  4.6574  4.3395  4.2582  4.2580
 110  0.801247  3.7900  4.2891  0.1661  5.5186  4.6172  4.3021  4.2220  4.2226
 111  0.803768  3.7908  4.2787  0.1810  5.4771  4.5773  4.2651  4.1863  4.1878
 112  0.804681  3.7911  4.2750  0.1865  5.4618  4.5626  4.2515  4.1732  4.1750
 113  0.805595  3.7914  4.2711  0.1921  5.4463  4.5478  4.2377  4.1600  4.1621
 114  0.806509  3.7917  4.2672  0.1977  5.4308  4.5329  4.2239  4.1467  4.1490
 115  0.807423  3.7920  4.2632  0.2034  5.4154  4.5179  4.2099  4.1331  4.1358
 116  0.808336  3.7923  4.2590  0.2091  5.3999  4.5028  4.1957  4.1194  4.1223
 117  0.809248  3.7925  4.2546  0.2149  5.3843  4.4877  4.1814  4.1055  4.1086
 118  0.810157  3.7927  4.2501  0.2207  5.3688  4.4724  4.1669  4.0914  4.0947
 119  0.811064  3.7929  4.2455  0.2266  5.3531  4.4570  4.1523  4.0771  4.0806
 120  0.811970  3.7931  4.2408  0.2326  5.3373  4.4415  4.1376  4.0627  4.0663
 121  0.812873  3.7933  4.2360  0.2386  5.3215  4.4260  4.1227  4.0480  4.0519
 122  0.813775  3.7934  4.2311  0.2446  5.3057  4.4103  4.1077  4.0333  4.0373
 123  0.814674  3.7936  4.2260  0.2507  5.2898  4.3946  4.0924  4.0184  4.0225
 124  0.815567  3.7937  4.2208  0.2570  5.2738  4.3787  4.0771  4.0033  4.0075
 125  0.816458  3.7939  4.2156  0.2632  5.2577  4.3626  4.0616  3.9880  3.9923
 126  0.817348  3.7940  4.2102  0.2695  5.2418  4.3466  4.0461  3.9726  3.9770
 127  0.818235  3.7941  4.2048  0.2758  5.2257  4.3306  4.0304  3.9571  3.9616
 128  0.819121  3.7941  4.1993  0.2821  5.2096  4.3144  4.0145  3.9415  3.9461
 129  0.820003  3.7942  4.1936  0.2885  5.1936  4.2982  3.9987  3.9258  3.9304
 130  0.820881  3.7943  4.1879  0.2949  5.1774  4.2818  3.9827  3.9098  3.9144
 131  0.821756  3.7943  4.1820  0.3014  5.1614  4.2655  3.9665  3.8937  3.8984
 132  0.822626  3.7943  4.1759  0.3079  5.1455  4.2492  3.9502  3.8775  3.8821
 133  0.823490  3.7942  4.1696  0.3144  5.1296  4.2327  3.9338  3.8611  3.8656
 134  0.824349  3.7942  4.1632  0.3210  5.1137  4.2163  3.9173  3.8444  3.8488
 135  0.825202  3.7941  4.1566  0.3278  5.0978  4.1998  3.9006  3.8277  3.8320
 136  0.826049  3.7940  4.1499  0.3344  5.0820  4.1833  3.8838  3.8108  3.8149
 137  0.826889  3.7938  4.1430  0.3412  5.0663  4.1667  3.8669  3.7936  3.7976
 138  0.827722  3.7936  4.1359  0.3479  5.0506  4.1501  3.8498  3.7763  3.7801
 139  0.828547  3.7934  4.1286  0.3547  5.0351  4.1335  3.8326  3.7588  3.7624
 140  0.829366  3.7931  4.1212  0.3616  5.0197  4.1168  3.8153  3.7411  3.7444
 141  0.830174  3.7928  4.1134  0.3685  5.0043  4.1003  3.7978  3.7233  3.7262
 142  0.830975  3.7925  4.1055  0.3754  4.9891  4.0837  3.7803  3.7053  3.7077
 143  0.831767  3.7921  4.0974  0.3825  4.9738  4.0672  3.7627  3.6870  3.6891
 144  0.832549  3.7917  4.0890  0.3895  4.9588  4.0507  3.7449  3.6687  3.6703
 145  0.833322  3.7912  4.0804  0.3966  4.9439  4.0342  3.7271  3.6501  3.6511
 146  0.834085  3.7906  4.0715  0.4036  4.9293  4.0179  3.7091  3.6314  3.6317
 147  0.834838  3.7900  4.0623  0.4108  4.9148  4.0015  3.6911  3.6124  3.6122
 148  0.835580  3.7893  4.0528  0.4179  4.9008  3.9854  3.6729  3.5932  3.5922
 149  0.836313  3.7887  4.0432  0.4252  4.8867  3.9693  3.6548  3.5740  3.5723
 150  0.837035  3.7878  4.0329  0.4323  4.8737  3.9536  3.6364  3.5544  3.5517
 151  0.837746  3.7868  4.0221  0.4395  4.8612  3.9382  3.6181  3.5346  3.5308
 152  0.838445  3.7856  4.0105  0.4467  4.8501  3.9235  3.5997  3.5144  3.5094
 153  0.839132  3.7842  3.9979  0.4539  4.8406  3.9095  3.5813  3.4939  3.4873
 154  0.839805  3.7824  3.9841  0.4610  4.8332  3.8967  3.5631  3.4730  3.4646
 155  0.840473  3.7807  3.9705  0.4682  4.8262  3.8837  3.5448  3.4522  3.4418
 156  0.841126  3.7785  3.9550  0.4752  4.8232  3.8725  3.5267  3.4307  3.4181
 157  0.841775  3.7763  3.9396  0.4822  4.8225  3.8612  3.5080  3.4088  3.3939
 158  0.842416  3.7738  3.9230  0.4891  4.8256  3.8513  3.4894  3.3866  3.3691
 159  0.843064  3.7715  3.9072  0.4962  4.8274  3.8406  3.4707  3.3645  3.3447
 160  0.843718  3.7693  3.8915  0.5032  4.8295  3.8299  3.4519  3.3424  3.3203
 161  0.844374  3.7668  3.8748  0.5101  4.8349  3.8205  3.4334  3.3202  3.2955
 162  0.844934  3.7642  3.8591  0.5157  4.8451  3.8149  3.4183  3.3012  3.2738
 163  0.845492  3.7613  3.8420  0.5214  4.8581  3.8109  3.4037  3.2821  3.2516
 164  0.846048  3.7580  3.8236  0.5269  4.8753  3.8087  3.3897  3.2630  3.2288
 165  0.846599  3.7543  3.8034  0.5326  4.8967  3.8076  3.3755  3.2432  3.2049
 166  0.847140  3.7504  3.7818  0.5391  4.9205  3.8064  3.3601  3.2218  3.1792
 167  0.847663  3.7465  3.7587  0.5468  4.9439  3.8027  3.3421  3.1977  3.1504
 168  0.848158  3.7428  3.7349  0.5560  4.9631  3.7948  3.3202  3.1700  3.1186
 169  0.848615  3.7395  3.7111  0.5670  4.9743  3.7811  3.2945  3.1392  3.0838
 170  0.849033  3.7367  3.6879  0.5793  4.9777  3.7626  3.2655  3.1057  3.0470
 171  0.849416  3.7344  3.6655  0.5925  4.9738  3.7399  3.2341  3.0705  3.0090
 172  0.849770  3.7325  3.6440  0.6064  4.9636  3.7139  3.2008  3.0341  2.9703
 173  0.850102  3.7309  3.6233  0.6208  4.9488  3.6856  3.1663  2.9970  2.9311
 174  0.850416  3.7295  3.6034  0.6355  4.9300  3.6553  3.1307  2.9592  2.8917
 175  0.850716  3.7283  3.5839  0.6504  4.9087  3.6238  3.0948  2.9213  2.8522
 176  0.851005  3.7273  3.5649  0.6654  4.8848  3.5911  3.0583  2.8832  2.8128
 177  0.851285  3.7263  3.5463  0.6805  4.8590  3.5577  3.0214  2.8448  2.7732
 178  0.851557  3.7255  3.5280  0.6957  4.8313  3.5235  2.9843  2.8064  2.7338
 179  0.851824  3.7248  3.5101  0.7110  4.8024  3.4888  2.9470  2.7679  2.6944
 180  0.852086  3.7242  3.4923  0.7263  4.7725  3.4537  2.9096  2.7294  2.6551
 181  0.852344  3.7235  3.4746  0.7416  4.7422  3.4184  2.8722  2.6909  2.6157
 182  0.852588  3.7230  3.4577  0.7563  4.7126  3.3844  2.8361  2.6539  2.5780
 183  0.852831  3.7224  3.4408  0.7712  4.6821  3.3497  2.7997  2.6166  2.5400
 184  0.853075  3.7220  3.4239  0.7863  4.6505  3.3145  2.7628  2.5789  2.5017
 185  0.853317  3.7215  3.4069  0.8015  4.6188  3.2791  2.7256  2.5410  2.4631
 186  0.853559  3.7210  3.3899  0.8168  4.5863  3.2432  2.6881  2.5028  2.4241
 187  0.853801  3.7206  3.3729  0.8323  4.5529  3.2067  2.6503  2.4641  2.3849
 188  0.854041  3.7202  3.3557  0.8478  4.5191  3.1698  2.6120  2.4251  2.3454
 189  0.854282  3.7197  3.3383  0.8637  4.4846  3.1324  2.5731  2.3855  2.3051
 190  0.854521  3.7193  3.3205  0.8797  4.4496  3.0943  2.5336  2.3453  2.2643
 191  0.854758  3.7189  3.3026  0.8961  4.4137  3.0555  2.4935  2.3045  2.2228
 192  0.854995  3.7184  3.2844  0.9126  4.3776  3.0164  2.4529  2.2632  2.1810
 193  0.855230  3.7180  3.2659  0.9296  4.3404  2.9762  2.4114  2.2210  2.1381
 194  0.855462  3.7176  3.2468  0.9470  4.3018  2.9347  2.3684  2.1774  2.0939
 195  0.855687  3.7172  3.2268  0.9656  4.2603  2.8904  2.3228  2.1311  2.0469
 196  0.855903  3.7167  3.2052  0.9853  4.2171  2.8437  2.2744  2.0818  1.9971
 197  0.856116  3.7162  3.1828  1.0057  4.1722  2.7955  2.2246  2.0311  1.9456
 198  0.856321  3.7156  3.1595  1.0268  4.1253  2.7454  2.1727  1.9783  1.8919
 199  0.856521  3.7150  3.1356  1.0486  4.0768  2.6937  2.1194  1.9240  1.8368
 200  0.856716  3.7144  3.1108  1.0710  4.0277  2.6410  2.0647  1.8682  1.7801
 201  0.856906  3.7138  3.0856  1.0939  3.9774  2.5871  2.0087  1.8112  1.7222
 202  0.857090  3.7131  3.0597  1.1173  3.9260  2.5318  1.9513  1.7527  1.6627
 203  0.857269  3.7124  3.0329  1.1413  3.8743  2.4758  1.8928  1.6930  1.6019
 204  0.857443  3.7117  3.0058  1.1657  3.8217  2.4186  1.8332  1.6321  1.5399
 205  0.857610  3.7109  2.9777  1.1906  3.7696  2.3610  1.7725  1.5699  1.4765
 206  0.857773  3.7100  2.9490  1.2159  3.7170  2.3025  1.7109  1.5068  1.4121
 207  0.857931  3.7091  2.9198  1.2417  3.6640  2.2434  1.6483  1.4425  1.3466
 208  0.858083  3.7082  2.8900  1.2677  3.6109  2.1836  1.5850  1.3775  1.2801
 209  0.858230  3.7073  2.8596  1.2942  3.5577  2.1232  1.5207  1.3114  1.2126
 210  0.858369  3.7062  2.8287  1.3210  3.5043  2.0622  1.4557  1.2445  1.1442
 211  0.858505  3.7052  2.7974  1.3482  3.4510  2.0006  1.3900  1.1768  1.0748
 212  0.858635  3.7037  2.7643  1.3757  3.4023  1.9406  1.3243  1.1085  1.0044
 213  0.858759  3.7029  2.7333  1.4035  3.3445  1.8761  1.2566  1.0392  0.9339
 214  0.858878  3.7017  2.7005  1.4315  3.2925  1.8136  1.1891  0.9694  0.8622
 215  0.858992  3.7005  2.6674  1.4598  3.2401  1.7503  1.1209  0.8990  0.7901
 216  0.859101  3.6992  2.6340  1.4884  3.1885  1.6870  1.0524  0.8281  0.7173
 217  0.859119  3.6990  2.6283  1.4932  3.1804  1.6762  1.0408  0.8161  0.7050
 218  0.859136  3.6988  2.6226  1.4980  3.1723  1.6655  1.0292  0.8040  0.6927
 219  0.859154  3.6986  2.6170  1.5028  3.1641  1.6549  1.0175  0.7920  0.6803
 220  0.859171  3.6984  2.6113  1.5077  3.1559  1.6441  1.0058  0.7799  0.6679
 221  0.859189  3.6981  2.6055  1.5126  3.1478  1.6333  0.9941  0.7677  0.6554
 222  0.859206  3.6979  2.5997  1.5174  3.1396  1.6225  0.9823  0.7555  0.6429
 223  0.859223  3.6977  2.5939  1.5223  3.1316  1.6116  0.9704  0.7432  0.6303
 224  0.859241  3.6975  2.5881  1.5273  3.1233  1.6006  0.9585  0.7309  0.6177
 225  0.859258  3.6972  2.5822  1.5322  3.1151  1.5897  0.9465  0.7185  0.6050
 226  0.859276  3.6970  2.5763  1.5372  3.1070  1.5787  0.9345  0.7061  0.5923
 227  0.859426  3.6949  2.5214  1.5837  3.0326  1.4767  0.8230  0.5904  0.4737
 228  0.859571  3.6925  2.4635  1.6322  2.9598  1.3716  0.7069  0.4698  0.3498
 229  0.859695  3.6901  2.4091  1.6772  2.8962  1.2752  0.5997  0.3579  0.2346
 230  0.859811  3.6878  2.3542  1.7225  2.8352  1.1790  0.4919  0.2453  0.1186
 231  0.859917  3.6854  2.3018  1.7657  2.7795  1.0883  0.3897  0.1383  0.0082
 232  0.860017  3.6832  2.2530  1.8058  2.7288  1.0043  0.2948  0.0388 -0.0943
 233  0.860107  3.6817  2.2195  1.8335  2.6930  0.9461  0.2290 -0.0300 -0.1653
 234  0.860196  3.6822  2.2218  1.8327  2.6857  0.9448  0.2299 -0.0283 -0.1632
 235  0.860291  3.6832  2.2371  1.8215  2.6914  0.9655  0.2555 -0.0007 -0.1340
 236  0.860392  3.6803  2.1745  1.8729  2.6260  0.8587  0.1345 -0.1278 -0.2653
 237  0.860482  3.6772  2.1088  1.9264  2.5596  0.7494  0.0097 -0.2592 -0.4015
 238  0.860563  3.6742  2.0454  1.9778  2.4975  0.6451 -0.1098 -0.3853 -0.5323
 239  0.860635  3.6713  1.9835  2.0279  2.4400  0.5448 -0.2252 -0.5074 -0.6592
 240  0.860698  3.6683  1.9244  2.0754  2.3905  0.4518 -0.3337 -0.6226 -0.7791
 241  0.860755  3.6654  1.8651  2.1228  2.3439  0.3598 -0.4416 -0.7375 -0.8990
 242  0.860808  3.6624  1.8061  2.1699  2.3012  0.2697 -0.5482 -0.8511 -1.0177
 243  0.860854  3.6595  1.7491  2.2153  2.2641  0.1843 -0.6500 -0.9600 -1.1316
 244  0.860895  3.6566  1.6927  2.2601  2.2304  0.1010 -0.7499 -1.0672 -1.2439
 245  0.860933  3.6538  1.6379  2.3035  2.2003  0.0212 -0.8462 -1.1706 -1.3525
 246  0.860968  3.6509  1.5832  2.3468  2.1735 -0.0569 -0.9414 -1.2733 -1.4603
 247  0.860999  3.6481  1.5302  2.3886  2.1504 -0.1313 -1.0327 -1.3720 -1.5643
 248  0.861027  3.6452  1.4778  2.4295  2.1321 -0.2025 -1.1214 -1.4683 -1.6658
 249  0.861052  3.6424  1.4267  2.4691  2.1189 -0.2695 -1.2063 -1.5609 -1.7638
 250  0.861076  3.6394  1.3758  2.5085  2.1092 -0.3345 -1.2902 -1.6527 -1.8610
 251  0.861097  3.6366  1.3260  2.5469  2.1027 -0.3965 -1.3710 -1.7416 -1.9553
 252  0.861117  3.6337  1.2770  2.5845  2.0994 -0.4559 -1.4494 -1.8283 -2.0476
 253  0.861135  3.6310  1.2288  2.6213  2.0991 -0.5127 -1.5255 -1.9129 -2.1378
 254  0.861152  3.6282  1.1822  2.6569  2.1014 -0.5662 -1.5984 -1.9941 -2.2247
 255  0.861167  3.6254  1.1357  2.6923  2.1062 -0.6181 -1.6699 -2.0745 -2.3109
 256  0.861182  3.6228  1.0908  2.7264  2.1137 -0.6667 -1.7383 -2.1515 -2.3936
 257  0.861195  3.6201  1.0465  2.7602  2.1238 -0.7130 -1.8050 -2.2269 -2.4748
 258  0.861207  3.6174  1.0030  2.7931  2.1362 -0.7570 -1.8695 -2.3002 -2.5541
 259  0.861219  3.6148  0.9602  2.8253  2.1520 -0.7981 -1.9312 -2.3713 -2.6313
 260  0.861229  3.6122  0.9185  2.8567  2.1690 -0.8368 -1.9907 -2.4401 -2.7063
 261  0.861239  3.6096  0.8773  2.8875  2.1871 -0.8738 -2.0482 -2.5073 -2.7799
 262  0.861248  3.6071  0.8373  2.9175  2.2062 -0.9084 -2.1032 -2.5721 -2.8512
 263  0.861256  3.6046  0.7981  2.9469  2.2257 -0.9415 -2.1563 -2.6353 -2.9210
 264  0.861264  3.6022  0.7595  2.9757  2.2463 -0.9728 -2.2080 -2.6970 -2.9894
 265  0.861272  3.5998  0.7216  3.0040  2.2680 -1.0025 -2.2585 -2.7572 -3.0561
 266  0.861279  3.5974  0.6846  3.0316  2.2900 -1.0305 -2.3071 -2.8158 -3.1213
 267  0.861285  3.5951  0.6484  3.0587  2.3120 -1.0567 -2.3534 -2.8724 -3.1849
 268  0.861291  3.5929  0.6130  3.0851  2.3343 -1.0811 -2.3976 -2.9274 -3.2471
 269  0.861297  3.5907  0.5782  3.1110  2.3566 -1.1039 -2.4398 -2.9808 -3.3080
 270  0.861303  3.5885  0.5443  3.1363  2.3784 -1.1251 -2.4798 -3.0327 -3.3674
 271  0.861308  3.5864  0.5110  3.1611  2.4002 -1.1449 -2.5177 -3.0830 -3.4255
 272  0.861313  3.5842  0.4782  3.1854  2.4255 -1.1608 -2.5522 -3.1313 -3.4824
 273  0.861317  3.5822  0.4461  3.2091  2.4505 -1.1751 -2.5847 -3.1781 -3.5380
 274  0.861322  3.5799  0.4139  3.2322  2.4807 -1.1841 -2.6126 -3.2221 -3.5921
 275  0.861326  3.5778  0.3832  3.2548  2.5049 -1.1957 -2.6415 -3.2657 -3.6452
 276  0.861330  3.5759  0.3533  3.2769  2.5265 -1.2070 -2.6691 -3.3082 -3.6973
 277  0.861334  3.5740  0.3241  3.2984  2.5475 -1.2165 -2.6938 -3.3488 -3.7477
 278  0.861337  3.5722  0.2961  3.3190  2.5662 -1.2253 -2.7164 -3.3875 -3.7963
 279  0.861341  3.5706  0.2711  3.3375  2.5813 -1.2333 -2.7358 -3.4222 -3.8399
