#NUMBER OF AGES= 1
#----------------------------------------------------       
#MIX-LEN  Y      Z          Zeff        [Fe/H] [a/Fe]
# 1.9380  0.2488 2.3381E-03 1.7027E-03  -1.00   0.20 
#----------------------------------------------------       
#**PHOTOMETRIC SYSTEM**: SDSS (AB)                          
#----------------------------------------------------       
#AGE=12.000 EEPS=268
#EEP   M/Mo    LogTeff  LogG   LogL/Lo sdss_u  sdss_g  sdss_r  sdss_i  sdss_z
  12  0.105172  3.5206  5.3379 -2.8425 18.0567 14.5849 12.9400 11.9396 11.3803
  13  0.118559  3.5237  5.2768 -2.7169 17.5921 14.2071 12.5795 11.6137 11.0682
  14  0.134634  3.5272  5.2145 -2.5853 17.1085 13.8100 12.2009 11.2715 10.7408
  15  0.153577  3.5319  5.1602 -2.4549 16.6093 13.4007 11.8133 10.9272 10.4166
  16  0.172737  3.5381  5.1235 -2.3423 16.1414 13.0211 11.4581 10.6225 10.1373
  17  0.188916  3.5434  5.0987 -2.2573 15.7833 12.7287 11.1863 10.3907  9.9268
  18  0.202617  3.5474  5.0785 -2.1911 15.5164 12.5069 10.9798 10.2117  9.7630
  19  0.215278  3.5505  5.0607 -2.1345 15.2953 12.3205 10.8061 10.0594  9.6228
  20  0.227713  3.5533  5.0446 -2.0826 15.0969 12.1518 10.6488  9.9207  9.4948
  21  0.240330  3.5560  5.0296 -2.0337 14.9124 11.9937 10.5013  9.7900  9.3738
  22  0.254237  3.5586  5.0145 -1.9835 14.7271 11.8333 10.3518  9.6569  9.2504
  23  0.271904  3.5616  4.9980 -1.9258 14.5174 11.6502 10.1809  9.5039  9.1083
  24  0.288982  3.5643  4.9831 -1.8737 14.3311 11.4859 10.0279  9.3660  8.9802
  25  0.301742  3.5663  4.9722 -1.8361 14.1971 11.3676  9.9178  9.2668  8.8878
  26  0.310247  3.5675  4.9653 -1.8122 14.1122 11.2924  9.8479  9.2037  8.8290
  27  0.316265  3.5684  4.9606 -1.7957 14.0538 11.2405  9.7998  9.1602  8.7886
  28  0.320719  3.5690  4.9571 -1.7834 14.0103 11.2019  9.7640  9.1280  8.7586
  29  0.324308  3.5696  4.9542 -1.7735 13.9746 11.1704  9.7348  9.1016  8.7342
  30  0.327580  3.5701  4.9514 -1.7642 13.9413 11.1410  9.7076  9.0772  8.7116
  31  0.331065  3.5707  4.9485 -1.7544 13.9059 11.1096  9.6788  9.0513  8.6876
  32  0.334927  3.5713  4.9452 -1.7436 13.8669 11.0751  9.6469  9.0226  8.6610
  33  0.339606  3.5720  4.9410 -1.7304 13.8197 11.0334  9.6084  8.9880  8.6288
  34  0.345346  3.5730  4.9356 -1.7140 13.7613 10.9815  9.5604  8.9448  8.5887
  35  0.355896  3.5748  4.9251 -1.6833 13.6508 10.8839  9.4708  8.8639  8.5137
  36  0.391799  3.5827  4.8845 -1.5694 13.2222 10.5086  9.1314  8.5623  8.2372
  37  0.413431  3.5883  4.8576 -1.4968 12.9394 10.2638  8.9143  8.3700  8.0610
  38  0.427317  3.5923  4.8389 -1.4475 12.7446 10.0960  8.7674  8.2399  7.9419
  39  0.439702  3.5963  4.8216 -1.4021 12.5620  9.9388  8.6313  8.1197  7.8319
  40  0.452371  3.6008  4.8044 -1.3547 12.3681  9.7724  8.4892  7.9946  7.7178
  41  0.465022  3.6057  4.7872 -1.3058 12.1650  9.5978  8.3425  7.8657  7.6002
  42  0.476885  3.6108  4.7714 -1.2587 11.9663  9.4266  8.2011  7.7418  7.4871
  43  0.487626  3.6158  4.7578 -1.2155 11.7808  9.2667  8.0712  7.6283  7.3839
  44  0.497190  3.6205  4.7465 -1.1768 11.6117  9.1208  7.9544  7.5267  7.2918
  45  0.505606  3.6249  4.7373 -1.1426 11.4595  8.9889  7.8501  7.4368  7.2104
  46  0.513219  3.6292  4.7296 -1.1110 11.3168  8.8643  7.7526  7.3537  7.1360
  47  0.520722  3.6338  4.7225 -1.0794 11.1699  8.7372  7.6546  7.2706  7.0620
  48  0.528524  3.6388  4.7158 -1.0463 11.0100  8.6016  7.5511  7.1834  6.9844
  49  0.536927  3.6444  4.7093 -1.0105 10.8286  8.4526  7.4390  7.0889  6.9006
  50  0.546051  3.6506  4.7026 -0.9717 10.6157  8.2886  7.3172  6.9861  6.8094
  51  0.555791  3.6574  4.6960 -0.9303 10.3777  8.1136  7.1882  6.8765  6.7118
  52  0.560812  3.6610  4.6928 -0.9088 10.2492  8.0224  7.1215  6.8197  6.6612
  53  0.565841  3.6646  4.6898 -0.8873 10.1178  7.9315  7.0550  6.7626  6.6102
  54  0.570849  3.6683  4.6869 -0.8658  9.9852  7.8416  6.9892  6.7057  6.5590
  55  0.575838  3.6720  4.6841 -0.8444  9.8510  7.7529  6.9241  6.6490  6.5080
  56  0.580794  3.6757  4.6812 -0.8232  9.7167  7.6659  6.8602  6.5931  6.4575
  57  0.585723  3.6793  4.6782 -0.8022  9.5826  7.5809  6.7974  6.5379  6.4075
  58  0.590609  3.6828  4.6752 -0.7815  9.4472  7.4982  6.7362  6.4838  6.3584
  59  0.595441  3.6863  4.6719 -0.7610  9.3107  7.4178  6.6767  6.4311  6.3103
  60  0.600238  3.6896  4.6685 -0.7407  9.1778  7.3399  6.6186  6.3793  6.2631
  61  0.604982  3.6928  4.6649 -0.7207  9.0489  7.2642  6.5616  6.3284  6.2164
  62  0.609682  3.6960  4.6612 -0.7009  8.9244  7.1907  6.5056  6.2783  6.1705
  63  0.614337  3.6992  4.6575 -0.6813  8.8053  7.1191  6.4506  6.2287  6.1251
  64  0.618939  3.7022  4.6537 -0.6620  8.7021  7.0504  6.3960  6.1797  6.0803
  65  0.623495  3.7052  4.6497 -0.6428  8.6046  6.9836  6.3424  6.1313  6.0360
  66  0.627991  3.7082  4.6457 -0.6239  8.5113  6.9187  6.2898  6.0837  5.9924
  67  0.632433  3.7111  4.6416 -0.6052  8.4214  6.8554  6.2381  6.0371  5.9496
  68  0.636816  3.7139  4.6373 -0.5868  8.3343  6.7938  6.1875  5.9911  5.9074
  69  0.641146  3.7166  4.6330 -0.5686  8.2483  6.7336  6.1380  5.9461  5.8658
  70  0.645417  3.7192  4.6285 -0.5506  8.1584  6.6744  6.0896  5.9019  5.8251
  71  0.649626  3.7218  4.6240 -0.5329  8.0702  6.6166  6.0423  5.8586  5.7850
  72  0.653776  3.7243  4.6193 -0.5154  7.9838  6.5601  5.9959  5.8161  5.7456
  73  0.657860  3.7268  4.6147 -0.4981  7.8991  6.5048  5.9505  5.7744  5.7068
  74  0.661888  3.7292  4.6099 -0.4811  7.8165  6.4507  5.9059  5.7335  5.6687
  75  0.665855  3.7316  4.6050 -0.4643  7.7362  6.3978  5.8621  5.6932  5.6312
  76  0.669754  3.7337  4.6001 -0.4477  7.6588  6.3460  5.8193  5.6538  5.5945
  77  0.673596  3.7360  4.5951 -0.4313  7.5842  6.2951  5.7772  5.6150  5.5583
  78  0.677368  3.7381  4.5899 -0.4151  7.5122  6.2456  5.7360  5.5770  5.5228
  79  0.681079  3.7402  4.5846 -0.3992  7.4424  6.1969  5.6954  5.5396  5.4878
  80  0.684722  3.7422  4.5792 -0.3835  7.3747  6.1493  5.6557  5.5030  5.4534
  81  0.688296  3.7441  4.5738 -0.3681  7.3093  6.1029  5.6167  5.4669  5.4195
  82  0.692874  3.7465  4.5666 -0.3483  7.2267  6.0436  5.5667  5.4206  5.3760
  83  0.697389  3.7489  4.5591 -0.3286  7.1469  5.9853  5.5174  5.3747  5.3327
  84  0.701845  3.7511  4.5514 -0.3091  7.0696  5.9277  5.4685  5.3292  5.2897
  85  0.706239  3.7533  4.5434 -0.2897  6.9944  5.8712  5.4200  5.2840  5.2471
  86  0.710575  3.7554  4.5353 -0.2704  6.9210  5.8154  5.3722  5.2393  5.2046
  87  0.714855  3.7574  4.5268 -0.2513  6.8496  5.7603  5.3246  5.1948  5.1623
  88  0.719081  3.7595  4.5182 -0.2322  6.7797  5.7058  5.2775  5.1506  5.1202
  89  0.723253  3.7614  4.5092 -0.2132  6.7113  5.6520  5.2306  5.1066  5.0781
  90  0.727362  3.7632  4.5000 -0.1943  6.6444  5.5988  5.1842  5.0628  5.0362
  91  0.731411  3.7649  4.4906 -0.1755  6.5781  5.5462  5.1382  5.0193  4.9946
  92  0.735388  3.7666  4.4809 -0.1568  6.5132  5.4942  5.0925  4.9761  4.9531
  93  0.739291  3.7682  4.4711 -0.1383  6.4496  5.4428  5.0473  4.9332  4.9117
  94  0.743112  3.7697  4.4610 -0.1198  6.3874  5.3921  5.0024  4.8905  4.8705
  95  0.746844  3.7712  4.4509 -0.1014  6.3263  5.3418  4.9579  4.8482  4.8298
  96  0.750482  3.7727  4.4407 -0.0833  6.2668  5.2922  4.9138  4.8063  4.7893
  97  0.754019  3.7740  4.4304 -0.0654  6.2088  5.2433  4.8703  4.7647  4.7490
  98  0.757457  3.7754  4.4201 -0.0477  6.1521  5.1951  4.8271  4.7235  4.7092
  99  0.760794  3.7766  4.4094 -0.0301  6.0970  5.1477  4.7843  4.6827  4.6696
 100  0.764032  3.7779  4.3989 -0.0129  6.0433  5.1008  4.7421  4.6424  4.6304
 101  0.767176  3.7791  4.3883  0.0042  5.9912  5.0546  4.7003  4.6024  4.5917
 102  0.770232  3.7802  4.3776  0.0210  5.9409  5.0091  4.6589  4.5627  4.5532
 103  0.773203  3.7813  4.3669  0.0377  5.8917  4.9641  4.6180  4.5235  4.5151
 104  0.776094  3.7823  4.3563  0.0542  5.8437  4.9199  4.5774  4.4848  4.4775
 105  0.778915  3.7833  4.3456  0.0704  5.7967  4.8764  4.5375  4.4464  4.4401
 106  0.781672  3.7842  4.3348  0.0864  5.7506  4.8335  4.4980  4.4085  4.4032
 107  0.784375  3.7851  4.3242  0.1022  5.7055  4.7910  4.4590  4.3710  4.3666
 108  0.787034  3.7860  4.3134  0.1178  5.6614  4.7493  4.4203  4.3337  4.3302
 109  0.789658  3.7868  4.3026  0.1334  5.6181  4.7081  4.3820  4.2968  4.2940
 110  0.792243  3.7875  4.2916  0.1487  5.5756  4.6675  4.3442  4.2602  4.2581
 111  0.794697  3.7883  4.2811  0.1639  5.5334  4.6272  4.3068  4.2241  4.2230
 112  0.795571  3.7887  4.2773  0.1694  5.5181  4.6125  4.2932  4.2111  4.2102
 113  0.796445  3.7890  4.2735  0.1749  5.5026  4.5977  4.2795  4.1979  4.1974
 114  0.797321  3.7893  4.2696  0.1804  5.4871  4.5828  4.2657  4.1846  4.1843
 115  0.798195  3.7895  4.2655  0.1861  5.4715  4.5679  4.2517  4.1711  4.1711
 116  0.799070  3.7898  4.2613  0.1918  5.4560  4.5529  4.2376  4.1574  4.1577
 117  0.799943  3.7900  4.2569  0.1976  5.4405  4.5377  4.2233  4.1435  4.1440
 118  0.800814  3.7902  4.2524  0.2034  5.4249  4.5225  4.2089  4.1294  4.1301
 119  0.801685  3.7904  4.2477  0.2093  5.4093  4.5072  4.1943  4.1151  4.1160
 120  0.802554  3.7906  4.2430  0.2153  5.3936  4.4917  4.1795  4.1007  4.1018
 121  0.803422  3.7908  4.2381  0.2213  5.3779  4.4761  4.1647  4.0861  4.0873
 122  0.804289  3.7909  4.2332  0.2274  5.3622  4.4605  4.1496  4.0713  4.0727
 123  0.805154  3.7911  4.2281  0.2335  5.3464  4.4448  4.1345  4.0564  4.0580
 124  0.806012  3.7912  4.2230  0.2396  5.3304  4.4289  4.1191  4.0413  4.0430
 125  0.806872  3.7913  4.2177  0.2458  5.3144  4.4129  4.1037  4.0261  4.0279
 126  0.807731  3.7914  4.2123  0.2521  5.2985  4.3970  4.0880  4.0107  4.0126
 127  0.808587  3.7915  4.2069  0.2584  5.2824  4.3809  4.0724  3.9953  3.9972
 128  0.809444  3.7916  4.2013  0.2647  5.2664  4.3648  4.0566  3.9797  3.9816
 129  0.810295  3.7917  4.1957  0.2711  5.2503  4.3485  4.0408  3.9638  3.9659
 130  0.811145  3.7917  4.1899  0.2775  5.2343  4.3323  4.0248  3.9480  3.9500
 131  0.811992  3.7917  4.1840  0.2839  5.2183  4.3160  4.0087  3.9319  3.9340
 132  0.812835  3.7917  4.1779  0.2904  5.2024  4.2997  3.9923  3.9157  3.9177
 133  0.813673  3.7917  4.1716  0.2970  5.1865  4.2832  3.9760  3.8993  3.9012
 134  0.814507  3.7916  4.1651  0.3036  5.1705  4.2668  3.9595  3.8826  3.8845
 135  0.815335  3.7915  4.1585  0.3102  5.1546  4.2504  3.9429  3.8659  3.8676
 136  0.816158  3.7914  4.1518  0.3170  5.1388  4.2339  3.9260  3.8490  3.8506
 137  0.816975  3.7912  4.1449  0.3237  5.1231  4.2174  3.9092  3.8318  3.8332
 138  0.817785  3.7910  4.1378  0.3305  5.1073  4.2008  3.8922  3.8146  3.8158
 139  0.818589  3.7908  4.1304  0.3373  5.0918  4.1844  3.8750  3.7972  3.7981
 140  0.819385  3.7905  4.1229  0.3441  5.0764  4.1678  3.8578  3.7795  3.7800
 141  0.820173  3.7902  4.1151  0.3510  5.0610  4.1513  3.8404  3.7617  3.7619
 142  0.820954  3.7898  4.1071  0.3579  5.0460  4.1349  3.8229  3.7437  3.7433
 143  0.821726  3.7894  4.0988  0.3649  5.0309  4.1184  3.8053  3.7254  3.7247
 144  0.822490  3.7890  4.0904  0.3720  5.0161  4.1021  3.7875  3.7070  3.7059
 145  0.823245  3.7884  4.0816  0.3791  5.0015  4.0858  3.7698  3.6884  3.6866
 146  0.823990  3.7879  4.0726  0.3861  4.9871  4.0695  3.7518  3.6697  3.6673
 147  0.824726  3.7872  4.0633  0.3932  4.9731  4.0535  3.7338  3.6507  3.6476
 148  0.825452  3.7865  4.0537  0.4004  4.9595  4.0375  3.7157  3.6316  3.6276
 149  0.826169  3.7857  4.0439  0.4075  4.9459  4.0216  3.6976  3.6123  3.6075
 150  0.826876  3.7848  4.0333  0.4148  4.9335  4.0062  3.6793  3.5926  3.5868
 151  0.827573  3.7838  4.0223  0.4220  4.9218  3.9911  3.6611  3.5728  3.5659
 152  0.828258  3.7826  4.0107  0.4292  4.9112  3.9764  3.6427  3.5526  3.5445
 153  0.828933  3.7812  3.9984  0.4363  4.9020  3.9623  3.6244  3.5323  3.5226
 154  0.829596  3.7796  3.9851  0.4435  4.8947  3.9491  3.6061  3.5116  3.5002
 155  0.830252  3.7780  3.9719  0.4507  4.8881  3.9357  3.5877  3.4908  3.4777
 156  0.830895  3.7760  3.9571  0.4577  4.8860  3.9238  3.5690  3.4692  3.4540
 157  0.831535  3.7740  3.9424  0.4648  4.8846  3.9119  3.5502  3.4476  3.4304
 158  0.832166  3.7717  3.9266  0.4718  4.8867  3.9013  3.5316  3.4255  3.4060
 159  0.832803  3.7695  3.9112  0.4788  4.8880  3.8903  3.5129  3.4036  3.3818
 160  0.833442  3.7673  3.8956  0.4859  4.8904  3.8795  3.4941  3.3816  3.3576
 161  0.834082  3.7649  3.8793  0.4929  4.8954  3.8699  3.4756  3.3596  3.3330
 162  0.834636  3.7623  3.8632  0.4986  4.9052  3.8642  3.4605  3.3404  3.3111
 163  0.835189  3.7593  3.8458  0.5046  4.9181  3.8598  3.4455  3.3209  3.2883
 164  0.835739  3.7560  3.8271  0.5105  4.9347  3.8566  3.4306  3.3010  3.2648
 165  0.836283  3.7525  3.8067  0.5168  4.9550  3.8543  3.4153  3.2802  3.2399
 166  0.836817  3.7487  3.7849  0.5239  4.9769  3.8512  3.3986  3.2575  3.2129
 167  0.837333  3.7449  3.7617  0.5323  4.9983  3.8454  3.3788  3.2318  3.1829
 168  0.837820  3.7414  3.7378  0.5422  5.0146  3.8352  3.3553  3.2029  3.1497
 169  0.838270  3.7383  3.7140  0.5538  5.0230  3.8196  3.3282  3.1708  3.1140
 170  0.838685  3.7356  3.6908  0.5665  5.0240  3.7994  3.2979  3.1363  3.0763
 171  0.839067  3.7334  3.6683  0.5803  5.0179  3.7751  3.2652  3.1000  3.0372
 172  0.839423  3.7315  3.6466  0.5946  5.0062  3.7479  3.2308  3.0626  2.9976
 173  0.839757  3.7300  3.6257  0.6095  4.9897  3.7181  3.1951  3.0243  2.9574
 174  0.840075  3.7286  3.6055  0.6247  4.9693  3.6865  3.1585  2.9856  2.9170
 175  0.840379  3.7275  3.5856  0.6400  4.9464  3.6537  3.1214  2.9466  2.8765
 176  0.840673  3.7264  3.5663  0.6555  4.9209  3.6197  3.0837  2.9072  2.8358
 177  0.840958  3.7255  3.5472  0.6712  4.8936  3.5849  3.0456  2.8677  2.7952
 178  0.841236  3.7248  3.5286  0.6869  4.8643  3.5494  3.0072  2.8279  2.7544
 179  0.841508  3.7241  3.5102  0.7026  4.8337  3.5133  2.9686  2.7882  2.7139
 180  0.841776  3.7235  3.4920  0.7185  4.8023  3.4769  2.9298  2.7485  2.6733
 181  0.842040  3.7228  3.4738  0.7344  4.7704  3.4401  2.8910  2.7086  2.6326
 182  0.842282  3.7223  3.4570  0.7492  4.7403  3.4058  2.8549  2.6716  2.5948
 183  0.842523  3.7218  3.4402  0.7641  4.7094  3.3710  2.8184  2.6343  2.5569
 184  0.842764  3.7213  3.4234  0.7791  4.6774  3.3357  2.7816  2.5967  2.5186
 185  0.843005  3.7209  3.4064  0.7943  4.6454  3.3002  2.7443  2.5588  2.4800
 186  0.843245  3.7204  3.3895  0.8095  4.6126  3.2642  2.7069  2.5206  2.4412
 187  0.843484  3.7200  3.3725  0.8249  4.5790  3.2278  2.6690  2.4820  2.4021
 188  0.843722  3.7196  3.3555  0.8405  4.5448  3.1908  2.6308  2.4430  2.3625
 189  0.843960  3.7192  3.3381  0.8564  4.5102  3.1533  2.5919  2.4034  2.3224
 190  0.844196  3.7188  3.3204  0.8725  4.4751  3.1151  2.5523  2.3633  2.2816
 191  0.844431  3.7184  3.3025  0.8889  4.4390  3.0763  2.5123  2.3225  2.2402
 192  0.844666  3.7180  3.2844  0.9054  4.4027  3.0371  2.4716  2.2811  2.1983
 193  0.844897  3.7175  3.2660  0.9223  4.3652  2.9967  2.4299  2.2388  2.1553
 194  0.845126  3.7171  3.2468  0.9400  4.3260  2.9547  2.3867  2.1948  2.1108
 195  0.845346  3.7167  3.2265  0.9587  4.2841  2.9101  2.3406  2.1480  2.0634
 196  0.845560  3.7162  3.2047  0.9786  4.2401  2.8628  2.2919  2.0984  2.0131
 197  0.845768  3.7157  3.1823  0.9991  4.1943  2.8143  2.2417  2.0475  1.9613
 198  0.845970  3.7151  3.1588  1.0203  4.1471  2.7639  2.1896  1.9943  1.9074
 199  0.846167  3.7146  3.1349  1.0423  4.0983  2.7121  2.1359  1.9398  1.8520
 200  0.846358  3.7140  3.1100  1.0647  4.0489  2.6591  2.0810  1.8838  1.7950
 201  0.846546  3.7133  3.0847  1.0877  3.9983  2.6049  2.0248  1.8266  1.7369
 202  0.846727  3.7127  3.0587  1.1113  3.9468  2.5495  1.9673  1.7679  1.6772
 203  0.846903  3.7120  3.0319  1.1353  3.8949  2.4932  1.9086  1.7080  1.6163
 204  0.847074  3.7113  3.0047  1.1597  3.8422  2.4359  1.8488  1.6469  1.5542
 205  0.847239  3.7104  2.9765  1.1848  3.7897  2.3780  1.7879  1.5845  1.4906
 206  0.847399  3.7096  2.9478  1.2102  3.7370  2.3193  1.7261  1.5212  1.4259
 207  0.847553  3.7087  2.9185  1.2359  3.6838  2.2600  1.6633  1.4567  1.3602
 208  0.847702  3.7077  2.8885  1.2621  3.6306  2.2000  1.5997  1.3915  1.2935
 209  0.847845  3.7068  2.8581  1.2887  3.5772  2.1394  1.5352  1.3252  1.2258
 210  0.847984  3.7058  2.8272  1.3156  3.5236  2.0781  1.4700  1.2581  1.1570
 211  0.848116  3.7047  2.7958  1.3429  3.4701  2.0165  1.4040  1.1901  1.0876
 212  0.848244  3.7033  2.7626  1.3704  3.4216  1.9563  1.3383  1.1217  1.0170
 213  0.848365  3.7025  2.7314  1.3984  3.3637  1.8916  1.2703  1.0521  0.9462
 214  0.848482  3.7013  2.6987  1.4265  3.3107  1.8285  1.2024  0.9821  0.8744
 215  0.848593  3.7001  2.6655  1.4549  3.2582  1.7651  1.1341  0.9114  0.8020
 216  0.848700  3.6988  2.6320  1.4834  3.2076  1.7014  1.0652  0.8402  0.7290
 217  0.848717  3.6986  2.6263  1.4883  3.1995  1.6908  1.0536  0.8282  0.7167
 218  0.848734  3.6984  2.6207  1.4931  3.1912  1.6801  1.0420  0.8162  0.7044
 219  0.848751  3.6982  2.6150  1.4979  3.1832  1.6694  1.0304  0.8042  0.6921
 220  0.848768  3.6980  2.6093  1.5028  3.1749  1.6586  1.0187  0.7920  0.6797
 221  0.848785  3.6978  2.6036  1.5076  3.1668  1.6479  1.0069  0.7799  0.6672
 222  0.848802  3.6975  2.5978  1.5125  3.1587  1.6370  0.9951  0.7677  0.6547
 223  0.848819  3.6973  2.5920  1.5174  3.1506  1.6262  0.9833  0.7554  0.6422
 224  0.848835  3.6971  2.5862  1.5224  3.1424  1.6152  0.9714  0.7431  0.6295
 225  0.848852  3.6969  2.5803  1.5274  3.1343  1.6042  0.9594  0.7307  0.6168
 226  0.848868  3.6967  2.5744  1.5323  3.1261  1.5932  0.9475  0.7183  0.6041
 227  0.849023  3.6944  2.5168  1.5812  3.0480  1.4859  0.8301  0.5966  0.4793
 228  0.849158  3.6921  2.4610  1.6279  2.9781  1.3849  0.7185  0.4807  0.3602
 229  0.849282  3.6897  2.4048  1.6744  2.9128  1.2853  0.6078  0.3651  0.2412
 230  0.849395  3.6873  2.3501  1.7195  2.8522  1.1896  0.5004  0.2529  0.1256
 231  0.849497  3.6850  2.2980  1.7624  2.7966  1.0993  0.3988  0.1465  0.0159
 232  0.849595  3.6828  2.2503  1.8017  2.7468  1.0170  0.3057  0.0491 -0.0846
 233  0.849682  3.6816  2.2197  1.8272  2.7129  0.9633  0.2455 -0.0139 -0.1495
 234  0.849772  3.6824  2.2298  1.8203  2.7120  0.9745  0.2607  0.0028 -0.1316
 235  0.849871  3.6827  2.2296  1.8217  2.7015  0.9685  0.2561 -0.0011 -0.1351
 236  0.849967  3.6795  2.1620  1.8769  2.6333  0.8550  0.1269 -0.1371 -0.2759
 237  0.850053  3.6765  2.0971  1.9297  2.5677  0.7471  0.0037 -0.2669 -0.4104
 238  0.850129  3.6735  2.0341  1.9809  2.5062  0.6434 -0.1151 -0.3923 -0.5404
 239  0.850197  3.6706  1.9726  2.0306  2.4501  0.5445 -0.2294 -0.5132 -0.6662
 240  0.850259  3.6676  1.9120  2.0791  2.3997  0.4493 -0.3404 -0.6311 -0.7890
 241  0.850314  3.6646  1.8529  2.1265  2.3539  0.3579 -0.4479 -0.7456 -0.9084
 242  0.850363  3.6616  1.7936  2.1740  2.3118  0.2674 -0.5550 -0.8598 -1.0278
 243  0.850408  3.6587  1.7363  2.2195  2.2750  0.1816 -0.6572 -0.9692 -1.1423
 244  0.850448  3.6558  1.6801  2.2641  2.2418  0.0989 -0.7566 -1.0758 -1.2539
 245  0.850484  3.6529  1.6245  2.3082  2.2119  0.0182 -0.8542 -1.1808 -1.3642
 246  0.850516  3.6501  1.5707  2.3508  2.1862 -0.0584 -0.9476 -1.2815 -1.4700
 247  0.850546  3.6472  1.5169  2.3931  2.1636 -0.1334 -1.0399 -1.3813 -1.5752
 248  0.850573  3.6443  1.4642  2.4342  2.1463 -0.2043 -1.1288 -1.4780 -1.6772
 249  0.850598  3.6414  1.4125  2.4743  2.1339 -0.2717 -1.2146 -1.5717 -1.7764
 250  0.850620  3.6385  1.3619  2.5134  2.1251 -0.3359 -1.2974 -1.6625 -1.8726
 251  0.850641  3.6356  1.3121  2.5517  2.1196 -0.3974 -1.3780 -1.7513 -1.9668
 252  0.850659  3.6329  1.2630  2.5894  2.1168 -0.4566 -1.4564 -1.8381 -2.0592
 253  0.850677  3.6300  1.2147  2.6263  2.1173 -0.5131 -1.5325 -1.9227 -2.1495
 254  0.850692  3.6272  1.1678  2.6621  2.1201 -0.5667 -1.6055 -2.0044 -2.2370
 255  0.850707  3.6245  1.1216  2.6972  2.1258 -0.6176 -1.6762 -2.0839 -2.3224
 256  0.850721  3.6218  1.0761  2.7320  2.1343 -0.6665 -1.7455 -2.1619 -2.4062
 257  0.850733  3.6191  1.0319  2.7656  2.1451 -0.7123 -1.8119 -2.2371 -2.4872
 258  0.850744  3.6164  0.9883  2.7984  2.1585 -0.7556 -1.8758 -2.3101 -2.5663
 259  0.850755  3.6138  0.9454  2.8308  2.1749 -0.7964 -1.9375 -2.3812 -2.6436
 260  0.850765  3.6111  0.9034  2.8623  2.1925 -0.8349 -1.9969 -2.4501 -2.7189
 261  0.850774  3.6086  0.8624  2.8931  2.2110 -0.8713 -2.0539 -2.5169 -2.7922
 262  0.850783  3.6060  0.8220  2.9233  2.2306 -0.9059 -2.1090 -2.5821 -2.8640
 263  0.850791  3.6036  0.7827  2.9527  2.2505 -0.9385 -2.1620 -2.6453 -2.9339
 264  0.850799  3.6011  0.7443  2.9814  2.2714 -0.9694 -2.2135 -2.7066 -3.0018
 265  0.850806  3.5987  0.7064  3.0097  2.2932 -0.9989 -2.2639 -2.7669 -3.0688
 266  0.850812  3.5964  0.6695  3.0374  2.3153 -1.0262 -2.3117 -2.8249 -3.1337
 267  0.850819  3.5941  0.6331  3.0645  2.3381 -1.0518 -2.3577 -2.8817 -3.1975
 268  0.850825  3.5918  0.5975  3.0910  2.3606 -1.0758 -2.4015 -2.9367 -3.2599
 269  0.850831  3.5896  0.5628  3.1169  2.3826 -1.0983 -2.4431 -2.9899 -3.3207
 270  0.850836  3.5874  0.5290  3.1420  2.4047 -1.1187 -2.4822 -3.0412 -3.3797
 271  0.850841  3.5853  0.4957  3.1669  2.4276 -1.1374 -2.5193 -3.0913 -3.4381
 272  0.850846  3.5832  0.4629  3.1912  2.4536 -1.1524 -2.5531 -3.1394 -3.4951
 273  0.850850  3.5811  0.4308  3.2148  2.4783 -1.1661 -2.5846 -3.1858 -3.5506
 274  0.850854  3.5788  0.3985  3.2380  2.5093 -1.1743 -2.6121 -3.2295 -3.6046
 275  0.850858  3.5768  0.3679  3.2606  2.5311 -1.1868 -2.6412 -3.2734 -3.6580
 276  0.850862  3.5749  0.3379  3.2827  2.5526 -1.1973 -2.6676 -3.3154 -3.7098
 277  0.850866  3.5730  0.3089  3.3041  2.5723 -1.2069 -2.6919 -3.3559 -3.7604
 278  0.850869  3.5712  0.2812  3.3245  2.5903 -1.2151 -2.7133 -3.3939 -3.8082
 279  0.850911  3.5697  0.2584  3.3414  2.6033 -1.2223 -2.7308 -3.4255 -3.8482
