#NUMBER OF AGES= 1
#----------------------------------------------------       
#MIX-LEN  Y      Z          Zeff        [Fe/H] [a/Fe]
# 1.9380  0.2488 2.3381E-03 1.7027E-03  -1.00   0.20 
#----------------------------------------------------       
#**PHOTOMETRIC SYSTEM**: SDSS (AB)                          
#----------------------------------------------------       
#AGE=12.500 EEPS=266
#EEP   M/Mo    LogTeff  LogG   LogL/Lo sdss_u  sdss_g  sdss_r  sdss_i  sdss_z
  13  0.116000  3.5231  5.2878 -2.7396 17.6751 14.2751 12.6443 11.6726 11.1245
  14  0.131526  3.5265  5.2253 -2.6089 17.1957 13.8817 12.2692 11.3330 10.7996
  15  0.149872  3.5309  5.1688 -2.4782 16.7014 13.4759 11.8842 10.9894 10.4744
  16  0.168788  3.5368  5.1295 -2.3637 16.2320 13.0946 11.5266 10.6808 10.1903
  17  0.185102  3.5422  5.1035 -2.2758 15.8604 12.7921 11.2451 10.4410  9.9724
  18  0.198867  3.5464  5.0831 -2.2076 15.5819 12.5619 11.0310 10.2563  9.8039
  19  0.211489  3.5496  5.0648 -2.1498 15.3553 12.3713 10.8534 10.1009  9.6608
  20  0.223808  3.5525  5.0484 -2.0974 15.1534 12.2000 10.6937  9.9603  9.5312
  21  0.236250  3.5551  5.0333 -2.0480 14.9666 12.0402 10.5446  9.8283  9.4093
  22  0.249486  3.5578  5.0185 -1.9991 14.7847 11.8833 10.3983  9.6982  9.2888
  23  0.266359  3.5607  5.0021 -1.9424 14.5775 11.7029 10.2301  9.5479  9.1492
  24  0.284262  3.5636  4.9863 -1.8870 14.3786 11.5278 10.0669  9.4011  9.0127
  25  0.298779  3.5658  4.9740 -1.8440 14.2254 11.3926  9.9410  9.2876  8.9071
  26  0.308239  3.5672  4.9663 -1.8170 14.1297 11.3079  9.8623  9.2166  8.8411
  27  0.314868  3.5682  4.9612 -1.7989 14.0654 11.2508  9.8093  9.1687  8.7965
  28  0.319673  3.5689  4.9576 -1.7858 14.0188 11.2095  9.7710  9.1343  8.7644
  29  0.323393  3.5695  4.9546 -1.7755 13.9820 11.1769  9.7408  9.1071  8.7393
  30  0.326623  3.5700  4.9518 -1.7664 13.9490 11.1477  9.7140  9.0829  8.7169
  31  0.329921  3.5705  4.9491 -1.7570 13.9152 11.1179  9.6864  9.0583  8.6940
  32  0.333486  3.5711  4.9459 -1.7469 13.8787 11.0857  9.6566  9.0315  8.6693
  33  0.337724  3.5718  4.9421 -1.7349 13.8358 11.0477  9.6216  8.9999  8.6400
  34  0.342833  3.5726  4.9373 -1.7204 13.7839 11.0016  9.5791  8.9615  8.6042
  35  0.349043  3.5736  4.9309 -1.7022 13.7193 10.9445  9.5264  8.9139  8.5600
  36  0.371854  3.5780  4.9069 -1.6331 13.4664 10.7213  9.3225  8.7315  8.3918
  37  0.404900  3.5861  4.8675 -1.5245 13.0482 10.3579  8.9973  8.4435  8.1284
  38  0.420064  3.5903  4.8475 -1.4719 12.8416 10.1795  8.8401  8.3043  8.0007
  39  0.432824  3.5942  4.8298 -1.4256 12.6576 10.0208  8.7019  8.1820  7.8888
  40  0.445218  3.5983  4.8127 -1.3796 12.4712  9.8606  8.5642  8.0605  7.7778
  41  0.457581  3.6029  4.7958 -1.3325 12.2775  9.6944  8.4232  7.9365  7.6646
  42  0.469636  3.6078  4.7794 -1.2853 12.0796  9.5239  8.2811  7.8116  7.5507
  43  0.480842  3.6128  4.7647 -1.2402 11.8889  9.3595  8.1460  7.6935  7.4430
  44  0.490925  3.6176  4.7521 -1.1995 11.7122  9.2071  8.0231  7.5862  7.3455
  45  0.499887  3.6222  4.7416 -1.1629 11.5517  9.0686  7.9127  7.4904  7.2587
  46  0.507867  3.6265  4.7330 -1.1301 11.4049  8.9408  7.8120  7.4040  7.1809
  47  0.515418  3.6309  4.7255 -1.0983 11.2605  8.8150  7.7140  7.3206  7.1064
  48  0.522999  3.6357  4.7186 -1.0663 11.1088  8.6845  7.6138  7.2359  7.0309
  49  0.530974  3.6409  4.7119 -1.0321 10.9413  8.5439  7.5070  7.1460  6.9510
  50  0.539501  3.6467  4.7054 -0.9955 10.7495  8.3903  7.3921  7.0492  6.8652
  51  0.548666  3.6530  4.6987 -0.9562 10.5302  8.2243  7.2691  6.9451  6.7728
  52  0.553603  3.6564  4.6952 -0.9350 10.4083  8.1350  7.2034  6.8892  6.7229
  53  0.558561  3.6600  4.6920 -0.9137 10.2817  8.0446  7.1372  6.8328  6.6726
  54  0.563509  3.6636  4.6890 -0.8923 10.1520  7.9543  7.0712  6.7762  6.6221
  55  0.568445  3.6673  4.6860 -0.8710 10.0208  7.8649  7.0056  6.7197  6.5713
  56  0.573359  3.6709  4.6830 -0.8497  9.8884  7.7766  6.9408  6.6633  6.5206
  57  0.578249  3.6745  4.6801 -0.8286  9.7554  7.6899  6.8770  6.6076  6.4703
  58  0.583098  3.6781  4.6772 -0.8077  9.6223  7.6050  6.8145  6.5525  6.4205
  59  0.587897  3.6816  4.6741 -0.7870  9.4899  7.5223  6.7533  6.4985  6.3715
  60  0.592664  3.6851  4.6709 -0.7667  9.3538  7.4418  6.6937  6.4459  6.3235
  61  0.597374  3.6884  4.6675 -0.7465  9.2209  7.3638  6.6357  6.3942  6.2764
  62  0.602037  3.6916  4.6639 -0.7266  9.0920  7.2883  6.5789  6.3435  6.2300
  63  0.606655  3.6948  4.6602 -0.7070  8.9672  7.2147  6.5232  6.2936  6.1843
  64  0.611218  3.6979  4.6565 -0.6875  8.8476  7.1433  6.4684  6.2444  6.1392
  65  0.615737  3.7010  4.6526 -0.6683  8.7394  7.0743  6.4143  6.1957  6.0945
  66  0.620197  3.7039  4.6487 -0.6493  8.6410  7.0077  6.3610  6.1477  6.0506
  67  0.624601  3.7069  4.6447 -0.6305  8.5474  6.9429  6.3086  6.1004  6.0073
  68  0.628948  3.7097  4.6406 -0.6120  8.4576  6.8798  6.2573  6.0540  5.9647
  69  0.633242  3.7125  4.6363 -0.5936  8.3707  6.8183  6.2068  6.0082  5.9227
  70  0.637476  3.7152  4.6320 -0.5756  8.2858  6.7583  6.1575  5.9633  5.8814
  71  0.641648  3.7178  4.6276 -0.5577  8.1993  6.6996  6.1093  5.9195  5.8409
  72  0.645763  3.7203  4.6231 -0.5402  8.1117  6.6421  6.0622  5.8764  5.8010
  73  0.649810  3.7229  4.6185 -0.5228  8.0260  6.5859  6.0161  5.8341  5.7619
  74  0.653803  3.7253  4.6138 -0.5057  7.9420  6.5309  5.9709  5.7926  5.7233
  75  0.657734  3.7277  4.6090 -0.4888  7.8599  6.4771  5.9265  5.7519  5.6854
  76  0.661599  3.7300  4.6042 -0.4722  7.7798  6.4244  5.8831  5.7119  5.6481
  77  0.665411  3.7322  4.5993 -0.4557  7.7019  6.3729  5.8405  5.6726  5.6115
  78  0.669152  3.7344  4.5943 -0.4395  7.6273  6.3224  5.7986  5.6341  5.5756
  79  0.672836  3.7366  4.5892 -0.4235  7.5553  6.2730  5.7576  5.5962  5.5402
  80  0.676452  3.7386  4.5840 -0.4077  7.4854  6.2247  5.7173  5.5591  5.5055
  81  0.680003  3.7406  4.5787 -0.3921  7.4178  6.1773  5.6777  5.5226  5.4713
  82  0.684590  3.7431  4.5716 -0.3720  7.3317  6.1165  5.6267  5.4754  5.4269
  83  0.689111  3.7456  4.5642 -0.3521  7.2485  6.0567  5.5763  5.4288  5.3830
  84  0.693568  3.7480  4.5566 -0.3323  7.1677  5.9979  5.5266  5.3826  5.3396
  85  0.697963  3.7503  4.5488 -0.3126  7.0895  5.9400  5.4773  5.3368  5.2962
  86  0.702297  3.7525  4.5407 -0.2931  7.0134  5.8830  5.4285  5.2912  5.2532
  87  0.706567  3.7546  4.5324 -0.2737  6.9395  5.8268  5.3803  5.2461  5.2103
  88  0.710778  3.7566  4.5239 -0.2544  6.8675  5.7714  5.3324  5.2013  5.1678
  89  0.714931  3.7586  4.5150 -0.2353  6.7972  5.7166  5.2849  5.1568  5.1253
  90  0.719022  3.7605  4.5059 -0.2162  6.7285  5.6625  5.2378  5.1124  5.0829
  91  0.723052  3.7623  4.4966 -0.1972  6.6612  5.6090  5.1911  5.0683  5.0408
  92  0.727012  3.7640  4.4870 -0.1783  6.5953  5.5561  5.1447  5.0245  4.9987
  93  0.730904  3.7656  4.4771 -0.1595  6.5302  5.5039  5.0988  4.9810  4.9569
  94  0.734717  3.7672  4.4670 -0.1408  6.4664  5.4524  5.0533  4.9377  4.9153
  95  0.738448  3.7687  4.4568 -0.1223  6.4037  5.4013  5.0082  4.8949  4.8739
  96  0.742090  3.7702  4.4465 -0.1039  6.3426  5.3509  4.9634  4.8522  4.8327
  97  0.745639  3.7716  4.4360 -0.0857  6.2829  5.3011  4.9191  4.8099  4.7918
  98  0.749094  3.7730  4.4256 -0.0677  6.2244  5.2521  4.8752  4.7681  4.7514
  99  0.752450  3.7743  4.4148 -0.0499  6.1676  5.2037  4.8317  4.7266  4.7111
 100  0.755703  3.7755  4.4041 -0.0322  6.1122  5.1560  4.7888  4.6856  4.6713
 101  0.758858  3.7768  4.3933 -0.0148  6.0581  5.1090  4.7463  4.6449  4.6318
 102  0.761920  3.7779  4.3823  0.0023  6.0056  5.0629  4.7044  4.6047  4.5927
 103  0.764892  3.7790  4.3714  0.0193  5.9545  5.0172  4.6628  4.5648  4.5539
 104  0.767779  3.7800  4.3606  0.0359  5.9051  4.9721  4.6217  4.5253  4.5156
 105  0.770589  3.7810  4.3495  0.0525  5.8568  4.9278  4.5810  4.4863  4.4774
 106  0.773331  3.7819  4.3386  0.0689  5.8096  4.8841  4.5408  4.4477  4.4398
 107  0.776012  3.7828  4.3276  0.0849  5.7634  4.8410  4.5011  4.4093  4.4025
 108  0.778643  3.7837  4.3165  0.1009  5.7183  4.7987  4.4618  4.3715  4.3655
 109  0.781233  3.7845  4.3054  0.1166  5.6740  4.7569  4.4229  4.3339  4.3287
 110  0.783783  3.7852  4.2943  0.1322  5.6307  4.7155  4.3844  4.2967  4.2923
 111  0.786194  3.7860  4.2834  0.1475  5.5877  4.6747  4.3465  4.2601  4.2565
 112  0.787037  3.7863  4.2796  0.1530  5.5722  4.6600  4.3329  4.2471  4.2438
 113  0.787880  3.7866  4.2758  0.1585  5.5566  4.6452  4.3192  4.2339  4.2310
 114  0.788723  3.7869  4.2719  0.1641  5.5411  4.6304  4.3055  4.2207  4.2180
 115  0.789567  3.7872  4.2680  0.1697  5.5255  4.6155  4.2917  4.2073  4.2048
 116  0.790409  3.7875  4.2638  0.1754  5.5099  4.6005  4.2776  4.1937  4.1915
 117  0.791249  3.7877  4.2594  0.1812  5.4943  4.5854  4.2634  4.1798  4.1780
 118  0.792087  3.7879  4.2549  0.1870  5.4788  4.5702  4.2490  4.1658  4.1641
 119  0.792924  3.7881  4.2502  0.1928  5.4632  4.5550  4.2344  4.1516  4.1501
 120  0.793759  3.7883  4.2455  0.1988  5.4475  4.5396  4.2197  4.1372  4.1359
 121  0.794591  3.7884  4.2406  0.2047  5.4318  4.5241  4.2049  4.1226  4.1214
 122  0.795423  3.7886  4.2356  0.2108  5.4160  4.5085  4.1899  4.1079  4.1069
 123  0.796253  3.7887  4.2305  0.2168  5.4002  4.4929  4.1748  4.0930  4.0921
 124  0.797076  3.7889  4.2254  0.2230  5.3842  4.4770  4.1595  4.0779  4.0772
 125  0.797901  3.7890  4.2201  0.2292  5.3683  4.4611  4.1440  4.0628  4.0621
 126  0.798724  3.7891  4.2147  0.2354  5.3525  4.4452  4.1285  4.0474  4.0468
 127  0.799546  3.7891  4.2092  0.2417  5.3364  4.4292  4.1128  4.0320  4.0313
 128  0.800367  3.7892  4.2036  0.2480  5.3204  4.4131  4.0971  4.0163  4.0158
 129  0.801186  3.7893  4.1979  0.2544  5.3044  4.3969  4.0813  4.0006  4.0001
 130  0.802003  3.7893  4.1920  0.2608  5.2883  4.3807  4.0653  3.9847  3.9843
 131  0.802818  3.7893  4.1860  0.2672  5.2724  4.3644  4.0492  3.9687  3.9682
 132  0.803629  3.7893  4.1799  0.2737  5.2565  4.3482  4.0329  3.9525  3.9520
 133  0.804437  3.7893  4.1736  0.2802  5.2406  4.3319  4.0166  3.9361  3.9355
 134  0.805240  3.7892  4.1672  0.2869  5.2248  4.3155  4.0001  3.9195  3.9188
 135  0.806038  3.7891  4.1606  0.2936  5.2090  4.2990  3.9835  3.9027  3.9019
 136  0.806832  3.7890  4.1538  0.3002  5.1931  4.2826  3.9668  3.8859  3.8849
 137  0.807622  3.7888  4.1469  0.3070  5.1775  4.2662  3.9499  3.8688  3.8677
 138  0.808404  3.7886  4.1397  0.3137  5.1619  4.2497  3.9329  3.8515  3.8501
 139  0.809181  3.7883  4.1323  0.3205  5.1465  4.2332  3.9159  3.8340  3.8323
 140  0.809951  3.7880  4.1246  0.3274  5.1311  4.2168  3.8986  3.8164  3.8144
 141  0.810714  3.7877  4.1168  0.3343  5.1159  4.2004  3.8812  3.7985  3.7961
 142  0.811470  3.7873  4.1087  0.3412  5.1010  4.1840  3.8638  3.7805  3.7776
 143  0.812218  3.7869  4.1004  0.3481  5.0863  4.1677  3.8462  3.7623  3.7590
 144  0.812959  3.7864  4.0918  0.3552  5.0717  4.1515  3.8285  3.7438  3.7400
 145  0.813691  3.7858  4.0828  0.3623  5.0575  4.1353  3.8107  3.7253  3.7208
 146  0.814413  3.7852  4.0737  0.3694  5.0434  4.1192  3.7928  3.7065  3.7013
 147  0.815129  3.7845  4.0643  0.3765  5.0299  4.1033  3.7749  3.6875  3.6816
 148  0.815834  3.7837  4.0544  0.3836  5.0168  4.0876  3.7568  3.6682  3.6614
 149  0.816530  3.7829  4.0444  0.3907  5.0040  4.0719  3.7387  3.6489  3.6412
 150  0.817218  3.7819  4.0335  0.3980  4.9926  4.0568  3.7204  3.6292  3.6204
 151  0.817896  3.7808  4.0222  0.4051  4.9818  4.0419  3.7022  3.6093  3.5993
 152  0.818564  3.7796  4.0106  0.4123  4.9718  4.0274  3.6838  3.5891  3.5779
 153  0.819221  3.7783  3.9986  0.4195  4.9628  4.0130  3.6654  3.5689  3.5562
 154  0.819869  3.7769  3.9858  0.4267  4.9562  3.9991  3.6467  3.5480  3.5339
 155  0.820511  3.7754  3.9731  0.4339  4.9500  3.9854  3.6280  3.5272  3.5115
 156  0.821141  3.7736  3.9592  0.4411  4.9469  3.9727  3.6093  3.5059  3.4884
 157  0.821766  3.7718  3.9452  0.4482  4.9444  3.9602  3.5905  3.4845  3.4651
 158  0.822383  3.7698  3.9302  0.4552  4.9448  3.9488  3.5718  3.4628  3.4414
 159  0.823003  3.7677  3.9152  0.4623  4.9459  3.9375  3.5531  3.4410  3.4174
 160  0.823622  3.7654  3.8994  0.4694  4.9490  3.9270  3.5344  3.4191  3.3932
 161  0.824237  3.7630  3.8830  0.4764  4.9542  3.9176  3.5162  3.3972  3.3687
 162  0.824780  3.7603  3.8667  0.4823  4.9641  3.9119  3.5010  3.3779  3.3465
 163  0.825321  3.7573  3.8489  0.4884  4.9770  3.9070  3.4855  3.3579  3.3232
 164  0.825858  3.7541  3.8299  0.4949  4.9932  3.9030  3.4698  3.3373  3.2989
 165  0.826390  3.7506  3.8093  0.5017  5.0124  3.8994  3.4535  3.3154  3.2731
 166  0.826911  3.7470  3.7873  0.5094  5.0327  3.8944  3.4352  3.2914  3.2449
 167  0.827413  3.7433  3.7640  0.5184  5.0514  3.8866  3.4140  3.2645  3.2137
 168  0.827885  3.7400  3.7403  0.5290  5.0649  3.8744  3.3891  3.2344  3.1797
 169  0.828326  3.7370  3.7167  0.5410  5.0707  3.8570  3.3607  3.2014  3.1430
 170  0.828733  3.7345  3.6934  0.5543  5.0694  3.8352  3.3293  3.1660  3.1046
 171  0.829109  3.7324  3.6710  0.5684  5.0615  3.8097  3.2957  3.1288  3.0649
 172  0.829462  3.7306  3.6492  0.5831  5.0482  3.7812  3.2604  3.0906  3.0245
 173  0.829795  3.7291  3.6281  0.5982  5.0303  3.7503  3.2239  3.0517  2.9836
 174  0.830113  3.7278  3.6078  0.6138  5.0085  3.7176  3.1864  3.0120  2.9425
 175  0.830418  3.7267  3.5877  0.6295  4.9842  3.6839  3.1483  2.9722  2.9011
 176  0.830713  3.7256  3.5682  0.6453  4.9573  3.6488  3.1097  2.9320  2.8597
 177  0.831001  3.7248  3.5489  0.6614  4.9286  3.6131  3.0707  2.8915  2.8181
 178  0.831281  3.7241  3.5300  0.6775  4.8980  3.5764  3.0313  2.8509  2.7766
 179  0.831555  3.7234  3.5112  0.6937  4.8663  3.5392  2.9917  2.8103  2.7350
 180  0.831826  3.7228  3.4927  0.7099  4.8334  3.5016  2.9520  2.7695  2.6934
 181  0.832093  3.7222  3.4741  0.7262  4.8003  3.4639  2.9121  2.7287  2.6518
 182  0.832332  3.7217  3.4574  0.7410  4.7699  3.4295  2.8759  2.6917  2.6141
 183  0.832571  3.7212  3.4407  0.7560  4.7385  3.3945  2.8394  2.6542  2.5760
 184  0.832810  3.7208  3.4240  0.7710  4.7063  3.3591  2.8025  2.6166  2.5378
 185  0.833047  3.7203  3.4072  0.7862  4.6738  3.3235  2.7654  2.5787  2.4993
 186  0.833285  3.7199  3.3902  0.8014  4.6408  3.2874  2.7279  2.5406  2.4606
 187  0.833522  3.7195  3.3733  0.8168  4.6070  3.2509  2.6901  2.5021  2.4215
 188  0.833758  3.7191  3.3563  0.8324  4.5727  3.2138  2.6518  2.4631  2.3820
 189  0.833993  3.7187  3.3390  0.8483  4.5378  3.1762  2.6129  2.4236  2.3419
 190  0.834227  3.7183  3.3214  0.8644  4.5024  3.1380  2.5733  2.3834  2.3011
 191  0.834460  3.7179  3.3036  0.8807  4.4663  3.0992  2.5332  2.3427  2.2597
 192  0.834692  3.7175  3.2856  0.8972  4.4296  3.0598  2.4926  2.3014  2.2179
 193  0.834920  3.7171  3.2670  0.9143  4.3916  3.0191  2.4506  2.2587  2.1747
 194  0.835145  3.7167  3.2476  0.9322  4.3518  2.9765  2.4068  2.2141  2.1295
 195  0.835362  3.7163  3.2271  0.9511  4.3092  2.9314  2.3602  2.1669  2.0816
 196  0.835572  3.7158  3.2052  0.9712  4.2642  2.8837  2.3111  2.1169  2.0309
 197  0.835779  3.7152  3.1827  0.9918  4.2181  2.8348  2.2605  2.0656  1.9788
 198  0.835978  3.7147  3.1591  1.0132  4.1704  2.7841  2.2081  2.0122  1.9246
 199  0.836172  3.7141  3.1350  1.0352  4.1212  2.7319  2.1542  1.9574  1.8690
 200  0.836361  3.7135  3.1101  1.0578  4.0714  2.6787  2.0990  1.9011  1.8118
 201  0.836547  3.7129  3.0847  1.0809  4.0207  2.6242  2.0426  1.8437  1.7534
 202  0.836726  3.7123  3.0585  1.1045  3.9689  2.5685  1.9847  1.7847  1.6935
 203  0.836899  3.7116  3.0317  1.1287  3.9167  2.5120  1.9258  1.7246  1.6323
 204  0.837068  3.7109  3.0044  1.1532  3.8636  2.4544  1.8657  1.6632  1.5699
 205  0.837231  3.7100  2.9761  1.1783  3.8109  2.3962  1.8046  1.6006  1.5060
 206  0.837388  3.7092  2.9473  1.2039  3.7578  2.3373  1.7424  1.5368  1.4411
 207  0.837541  3.7083  2.9179  1.2298  3.7043  2.2776  1.6794  1.4722  1.3751
 208  0.837689  3.7074  2.8879  1.2561  3.6509  2.2173  1.6155  1.4066  1.3080
 209  0.837830  3.7064  2.8573  1.2828  3.5973  2.1565  1.5508  1.3400  1.2400
 210  0.837966  3.7054  2.8262  1.3099  3.5435  2.0949  1.4852  1.2726  1.1711
 211  0.838096  3.7043  2.7947  1.3372  3.4899  2.0329  1.4190  1.2044  1.1013
 212  0.838222  3.7029  2.7615  1.3649  3.4405  1.9722  1.3527  1.1356  1.0304
 213  0.838342  3.7020  2.7299  1.3929  3.3838  1.9078  1.2847  1.0657  0.9592
 214  0.838456  3.7009  2.6973  1.4212  3.3294  1.8439  1.2164  0.9953  0.8872
 215  0.838566  3.6997  2.6640  1.4497  3.2767  1.7801  1.1477  0.9244  0.8144
 216  0.838671  3.6985  2.6304  1.4784  3.2268  1.7163  1.0785  0.8529  0.7411
 217  0.838688  3.6983  2.6247  1.4833  3.2187  1.7057  1.0669  0.8409  0.7288
 218  0.838705  3.6980  2.6191  1.4881  3.2105  1.6949  1.0554  0.8289  0.7165
 219  0.838721  3.6978  2.6134  1.4929  3.2024  1.6843  1.0438  0.8169  0.7042
 220  0.838738  3.6976  2.6077  1.4977  3.1942  1.6735  1.0321  0.8048  0.6920
 221  0.838755  3.6974  2.6020  1.5026  3.1862  1.6628  1.0204  0.7927  0.6796
 222  0.838771  3.6972  2.5964  1.5075  3.1781  1.6519  1.0086  0.7805  0.6670
 223  0.838788  3.6970  2.5906  1.5124  3.1700  1.6411  0.9968  0.7683  0.6545
 224  0.838804  3.6968  2.5848  1.5173  3.1618  1.6302  0.9849  0.7559  0.6419
 225  0.838820  3.6965  2.5789  1.5223  3.1538  1.6193  0.9729  0.7436  0.6292
 226  0.838836  3.6963  2.5731  1.5272  3.1456  1.6083  0.9610  0.7312  0.6165
 227  0.838988  3.6941  2.5152  1.5762  3.0671  1.5005  0.8432  0.6091  0.4914
 228  0.839120  3.6918  2.4593  1.6230  2.9973  1.3993  0.7315  0.4930  0.3720
 229  0.839243  3.6894  2.4031  1.6696  2.9317  1.2995  0.6204  0.3771  0.2527
 230  0.839353  3.6870  2.3485  1.7148  2.8711  1.2038  0.5132  0.2650  0.1373
 231  0.839454  3.6847  2.2967  1.7574  2.8159  1.1141  0.4121  0.1593  0.0282
 232  0.839549  3.6826  2.2495  1.7963  2.7662  1.0326  0.3201  0.0629 -0.0712
 233  0.839636  3.6814  2.2211  1.8201  2.7337  0.9823  0.2637  0.0040 -0.1318
 234  0.839724  3.6824  2.2362  1.8090  2.7386  1.0022  0.2886  0.0310 -0.1033
 235  0.839822  3.6823  2.2253  1.8194  2.7154  0.9770  0.2627  0.0048 -0.1297
 236  0.839916  3.6790  2.1554  1.8762  2.6461  0.8609  0.1302 -0.1348 -0.2744
 237  0.839999  3.6760  2.0907  1.9289  2.5807  0.7532  0.0074 -0.2643 -0.4085
 238  0.840074  3.6731  2.0278  1.9800  2.5193  0.6499 -0.1111 -0.3894 -0.5383
 239  0.840139  3.6701  1.9668  2.0293  2.4639  0.5516 -0.2247 -0.5095 -0.6633
 240  0.840199  3.6671  1.9062  2.0779  2.4137  0.4566 -0.3356 -0.6273 -0.7859
 241  0.840252  3.6641  1.8469  2.1255  2.3679  0.3649 -0.4433 -0.7421 -0.9058
 242  0.840300  3.6612  1.7876  2.1728  2.3262  0.2745 -0.5505 -0.8564 -1.0251
 243  0.840343  3.6582  1.7302  2.2185  2.2896  0.1888 -0.6527 -0.9658 -1.1396
 244  0.840381  3.6553  1.6742  2.2630  2.2567  0.1062 -0.7518 -1.0722 -1.2511
 245  0.840417  3.6525  1.6185  2.3072  2.2270  0.0255 -0.8495 -1.1772 -1.3614
 246  0.840448  3.6496  1.5648  2.3497  2.2017 -0.0507 -0.9426 -1.2777 -1.4671
 247  0.840477  3.6468  1.5111  2.3920  2.1793 -0.1256 -1.0348 -1.3775 -1.5722
 248  0.840503  3.6439  1.4583  2.4331  2.1625 -0.1963 -1.1235 -1.4740 -1.6740
 249  0.840527  3.6409  1.4067  2.4731  2.1505 -0.2634 -1.2092 -1.5676 -1.7730
 250  0.840548  3.6380  1.3561  2.5122  2.1419 -0.3275 -1.2920 -1.6584 -1.8694
 251  0.840568  3.6353  1.3062  2.5505  2.1367 -0.3889 -1.3725 -1.7472 -1.9636
 252  0.840586  3.6324  1.2571  2.5882  2.1342 -0.4480 -1.4509 -1.8339 -2.0560
 253  0.840603  3.6295  1.2088  2.6252  2.1349 -0.5043 -1.5269 -1.9185 -2.1463
 254  0.840618  3.6268  1.1619  2.6610  2.1379 -0.5577 -1.5998 -1.9999 -2.2336
 255  0.840633  3.6240  1.1158  2.6961  2.1438 -0.6085 -1.6703 -2.0795 -2.3190
 256  0.840646  3.6213  1.0702  2.7308  2.1526 -0.6571 -1.7396 -2.1574 -2.4027
 257  0.840659  3.6186  1.0260  2.7644  2.1636 -0.7029 -1.8059 -2.2325 -2.4837
 258  0.840670  3.6160  0.9825  2.7972  2.1775 -0.7459 -1.8696 -2.3054 -2.5626
 259  0.840680  3.6133  0.9395  2.8296  2.1940 -0.7866 -1.9313 -2.3765 -2.6401
 260  0.840690  3.6107  0.8975  2.8612  2.2116 -0.8249 -1.9905 -2.4454 -2.7154
 261  0.840699  3.6081  0.8565  2.8919  2.2304 -0.8612 -2.0474 -2.5122 -2.7886
 262  0.840707  3.6056  0.8161  2.9221  2.2499 -0.8957 -2.1025 -2.5774 -2.8605
 263  0.840715  3.6031  0.7768  2.9515  2.2698 -0.9282 -2.1552 -2.6405 -2.9303
 264  0.840722  3.6007  0.7385  2.9802  2.2909 -0.9590 -2.2069 -2.7018 -2.9982
 265  0.840729  3.5983  0.7005  3.0087  2.3128 -0.9883 -2.2572 -2.7620 -3.0651
 266  0.840736  3.5959  0.6636  3.0362  2.3350 -1.0155 -2.3048 -2.8200 -3.1301
 267  0.840742  3.5936  0.6272  3.0633  2.3577 -1.0410 -2.3505 -2.8767 -3.1939
 268  0.840747  3.5913  0.5916  3.0899  2.3803 -1.0648 -2.3943 -2.9317 -3.2565
 269  0.840753  3.5891  0.5569  3.1158  2.4021 -1.0871 -2.4358 -2.9849 -3.3173
 270  0.840758  3.5870  0.5232  3.1410  2.4241 -1.1074 -2.4745 -3.0360 -3.3763
 271  0.840763  3.5848  0.4897  3.1659  2.4478 -1.1254 -2.5111 -3.0861 -3.4347
 272  0.840767  3.5827  0.4568  3.1901  2.4735 -1.1403 -2.5447 -3.1341 -3.4916
 273  0.840771  3.5806  0.4247  3.2138  2.4988 -1.1533 -2.5756 -3.1803 -3.5471
 274  0.840775  3.5784  0.3925  3.2369  2.5293 -1.1618 -2.6034 -3.2239 -3.6013
 275  0.840779  3.5764  0.3619  3.2596  2.5504 -1.1745 -2.6324 -3.2680 -3.6548
 276  0.840783  3.5744  0.3320  3.2817  2.5716 -1.1848 -2.6585 -3.3098 -3.7066
 277  0.840786  3.5725  0.3029  3.3031  2.5910 -1.1944 -2.6825 -3.3504 -3.7572
 278  0.840790  3.5707  0.2752  3.3235  2.6087 -1.2025 -2.7037 -3.3884 -3.8054
