#NUMBER OF AGES= 1
#----------------------------------------------------       
#MIX-LEN  Y      Z          Zeff        [Fe/H] [a/Fe]
# 1.9380  0.2488 2.3381E-03 1.7027E-03  -1.00   0.20 
#----------------------------------------------------       
#**PHOTOMETRIC SYSTEM**: SDSS (AB)                          
#----------------------------------------------------       
#AGE=13.000 EEPS=266
#EEP   M/Mo    LogTeff  LogG   LogL/Lo sdss_u  sdss_g  sdss_r  sdss_i  sdss_z
  13  0.113597  3.5226  5.2984 -2.7613 17.7551 14.3403 12.7066 11.7290 11.1786
  14  0.128640  3.5258  5.2357 -2.6315 17.2787 13.9501 12.3343 11.3918 10.8557
  15  0.146457  3.5301  5.1775 -2.5003 16.7873 13.5464 11.9509 11.0482 10.5297
  16  0.165064  3.5356  5.1357 -2.3844 16.3194 13.1655 11.5928 10.7373 10.2417
  17  0.181474  3.5411  5.1084 -2.2938 15.9363 12.8542 11.3029 10.4900 10.0169
  18  0.195302  3.5454  5.0875 -2.2238 15.6467 12.6158 11.0813 10.2999  9.8438
  19  0.207891  3.5488  5.0689 -2.1648 15.4139 12.4208 10.8995 10.1412  9.6978
  20  0.220109  3.5517  5.0522 -2.1116 15.2082 12.2467 10.7372  9.9986  9.5664
  21  0.232395  3.5544  5.0369 -2.0618 15.0191 12.0852 10.5866  9.8654  9.4434
  22  0.245389  3.5570  5.0220 -2.0129 14.8359 11.9275 10.4396  9.7348  9.3225
  23  0.261013  3.5598  5.0062 -1.9588 14.6374 11.7553 10.2788  9.5914  9.1895
  24  0.279364  3.5628  4.9897 -1.9009 14.4287 11.5720 10.1080  9.4380  9.0470
  25  0.295429  3.5653  4.9761 -1.8530 14.2579 11.4212  9.9676  9.3115  8.9293
  26  0.306107  3.5669  4.9674 -1.8223 14.1486 11.3246  9.8778  9.2305  8.8540
  27  0.313406  3.5680  4.9619 -1.8023 14.0776 11.2616  9.8194  9.1778  8.8049
  28  0.318612  3.5688  4.9580 -1.7882 14.0274 11.2172  9.7781  9.1406  8.7703
  29  0.322508  3.5693  4.9549 -1.7775 13.9891 11.1833  9.7467  9.1123  8.7441
  30  0.325745  3.5699  4.9522 -1.7683 13.9561 11.1540  9.7197  9.0881  8.7216
  31  0.328910  3.5704  4.9495 -1.7593 13.9233 11.1251  9.6932  9.0643  8.6997
  32  0.332238  3.5709  4.9465 -1.7498 13.8890 11.0948  9.6651  9.0391  8.6763
  33  0.336122  3.5716  4.9430 -1.7388 13.8492 11.0597  9.6327  9.0099  8.6493
  34  0.340734  3.5723  4.9386 -1.7255 13.8023 11.0180  9.5942  8.9752  8.6169
  35  0.346518  3.5733  4.9329 -1.7087 13.7427 10.9651  9.5453  8.9311  8.5759
  36  0.357609  3.5751  4.9215 -1.6760 13.6251 10.8611  9.4498  8.8449  8.4960
  37  0.391376  3.5827  4.8829 -1.5681 13.2180 10.5048  9.1278  8.5589  8.2339
  38  0.412491  3.5882  4.8565 -1.4969 12.9408 10.2649  8.9150  8.3705  8.0614
  39  0.426102  3.5922  4.8379 -1.4484 12.7493 10.0997  8.7704  8.2424  7.9439
  40  0.438445  3.5961  4.8207 -1.4030 12.5672  9.9428  8.6346  8.1223  7.8342
  41  0.450455  3.6003  4.8041 -1.3578 12.3827  9.7845  8.4992  8.0031  7.7253
  42  0.462443  3.6050  4.7876 -1.3113 12.1902  9.6190  8.3598  7.8807  7.6136
  43  0.473967  3.6099  4.7720 -1.2654 11.9974  9.4528  8.2222  7.7598  7.5033
  44  0.484492  3.6147  4.7583 -1.2229 11.8153  9.2958  8.0941  7.6479  7.4014
  45  0.493911  3.6194  4.7467 -1.1845 11.6480  9.1514  7.9781  7.5469  7.3097
  46  0.502345  3.6238  4.7371 -1.1497 11.4944  9.0189  7.8731  7.4560  7.2274
  47  0.510115  3.6281  4.7289 -1.1174 11.3493  8.8919  7.7734  7.3708  7.1510
  48  0.517641  3.6327  4.7215 -1.0855 11.2024  8.7643  7.6745  7.2870  7.0761
  49  0.525345  3.6376  4.7146 -1.0525 11.0446  8.6296  7.5716  7.2001  6.9988
  50  0.533417  3.6430  4.7080 -1.0176 10.8703  8.4850  7.4623  7.1080  6.9172
  51  0.542021  3.6490  4.7015 -0.9804 10.6689  8.3279  7.3454  7.0094  6.8297
  52  0.546796  3.6523  4.6980 -0.9598 10.5531  8.2407  7.2808  6.9548  6.7811
  53  0.551664  3.6557  4.6945 -0.9387 10.4328  8.1522  7.2156  6.8994  6.7316
  54  0.556542  3.6592  4.6911 -0.9176 10.3083  8.0628  7.1499  6.8434  6.6818
  55  0.561420  3.6628  4.6880 -0.8964 10.1800  7.9730  7.0843  6.7873  6.6318
  56  0.566284  3.6664  4.6850 -0.8752 10.0506  7.8842  7.0192  6.7310  6.5813
  57  0.571129  3.6700  4.6819 -0.8541  9.9196  7.7964  6.9547  6.6751  6.5309
  58  0.575940  3.6736  4.6790 -0.8331  9.7880  7.7100  6.8912  6.6196  6.4809
  59  0.580704  3.6771  4.6760 -0.8123  9.6562  7.6256  6.8289  6.5649  6.4315
  60  0.585439  3.6806  4.6729 -0.7918  9.5251  7.5430  6.7679  6.5111  6.3825
  61  0.590118  3.6840  4.6697 -0.7714  9.3914  7.4627  6.7085  6.4584  6.3347
  62  0.594751  3.6874  4.6663 -0.7515  9.2587  7.3847  6.6505  6.4070  6.2877
  63  0.599333  3.6906  4.6628 -0.7317  9.1297  7.3092  6.5939  6.3565  6.2416
  64  0.603861  3.6937  4.6591 -0.7122  9.0051  7.2359  6.5384  6.3069  6.1961
  65  0.608343  3.6968  4.6553 -0.6928  8.8854  7.1646  6.4840  6.2579  6.1513
  66  0.612770  3.6998  4.6515 -0.6738  8.7727  7.0955  6.4304  6.2098  6.1070
  67  0.617138  3.7028  4.6476 -0.6549  8.6738  7.0290  6.3773  6.1620  6.0634
  68  0.621452  3.7057  4.6436 -0.6363  8.5800  6.9644  6.3253  6.1151  6.0203
  69  0.625710  3.7085  4.6395 -0.6179  8.4901  6.9015  6.2743  6.0688  5.9779
  70  0.629911  3.7113  4.6353 -0.5997  8.4034  6.8403  6.2241  6.0235  5.9363
  71  0.634048  3.7140  4.6310 -0.5818  8.3191  6.7807  6.1751  5.9789  5.8953
  72  0.638129  3.7165  4.6265 -0.5641  8.2361  6.7224  6.1270  5.9352  5.8549
  73  0.642142  3.7191  4.6221 -0.5467  8.1494  6.6651  6.0801  5.8924  5.8154
  74  0.646101  3.7215  4.6175 -0.5295  8.0642  6.6092  6.0343  5.8503  5.7765
  75  0.649999  3.7240  4.6128 -0.5125  7.9810  6.5545  5.9894  5.8090  5.7381
  76  0.653830  3.7263  4.6081 -0.4958  7.8994  6.5011  5.9453  5.7687  5.7005
  77  0.657610  3.7286  4.6032 -0.4793  7.8199  6.4488  5.9021  5.7289  5.6634
  78  0.661320  3.7309  4.5983 -0.4630  7.7424  6.3977  5.8598  5.6898  5.6271
  79  0.664974  3.7331  4.5933 -0.4470  7.6672  6.3475  5.8182  5.6515  5.5913
  80  0.668562  3.7351  4.5883 -0.4311  7.5954  6.2983  5.7774  5.6139  5.5562
  81  0.672087  3.7372  4.5832 -0.4155  7.5255  6.2503  5.7373  5.5770  5.5217
  82  0.676681  3.7399  4.5761 -0.3950  7.4361  6.1879  5.6851  5.5289  5.4765
  83  0.681210  3.7424  4.5688 -0.3748  7.3496  6.1267  5.6338  5.4813  5.4319
  84  0.685672  3.7449  4.5614 -0.3546  7.2655  6.0665  5.5831  5.4343  5.3876
  85  0.690066  3.7472  4.5538 -0.3347  7.1840  6.0073  5.5331  5.3878  5.3439
  86  0.694395  3.7495  4.5458 -0.3150  7.1050  5.9491  5.4835  5.3417  5.3003
  87  0.698659  3.7517  4.5376 -0.2954  7.0285  5.8917  5.4344  5.2959  5.2569
  88  0.702863  3.7538  4.5292 -0.2759  6.9540  5.8351  5.3858  5.2505  5.2138
  89  0.707003  3.7558  4.5205 -0.2565  6.8816  5.7793  5.3377  5.2053  5.1709
  90  0.711077  3.7578  4.5115 -0.2373  6.8109  5.7244  5.2899  5.1605  5.1282
  91  0.715089  3.7596  4.5022 -0.2181  6.7419  5.6700  5.2425  5.1159  5.0856
  92  0.719032  3.7614  4.4927 -0.1991  6.6745  5.6163  5.1955  5.0715  5.0431
  93  0.722906  3.7631  4.4829 -0.1801  6.6086  5.5633  5.1488  5.0274  5.0008
  94  0.726707  3.7647  4.4729 -0.1613  6.5436  5.5109  5.1027  4.9836  4.9586
  95  0.730428  3.7663  4.4626 -0.1425  6.4794  5.4591  5.0569  4.9402  4.9168
  96  0.734065  3.7678  4.4522 -0.1238  6.4169  5.4079  5.0116  4.8970  4.8751
  97  0.737613  3.7692  4.4416 -0.1054  6.3557  5.3574  4.9665  4.8541  4.8337
  98  0.741072  3.7706  4.4310 -0.0871  6.2957  5.3075  4.9220  4.8115  4.7925
  99  0.744437  3.7719  4.4201 -0.0690  6.2374  5.2583  4.8778  4.7694  4.7516
 100  0.747706  3.7732  4.4092 -0.0512  6.1803  5.2097  4.8342  4.7275  4.7111
 101  0.750880  3.7744  4.3983 -0.0334  6.1246  5.1619  4.7910  4.6863  4.6709
 102  0.753956  3.7757  4.3871 -0.0159  6.0706  5.1149  4.7483  4.6452  4.6311
 103  0.756938  3.7768  4.3760  0.0013  6.0177  5.0685  4.7062  4.6048  4.5916
 104  0.759831  3.7778  4.3649  0.0183  5.9661  5.0228  4.6644  4.5647  4.5526
 105  0.762642  3.7788  4.3536  0.0352  5.9160  4.9778  4.6232  4.5250  4.5140
 106  0.765378  3.7798  4.3424  0.0517  5.8675  4.9333  4.5823  4.4857  4.4755
 107  0.768049  3.7806  4.3311  0.0682  5.8202  4.8895  4.5419  4.4468  4.4375
 108  0.770665  3.7815  4.3197  0.0844  5.7740  4.8464  4.5020  4.4081  4.3998
 109  0.773234  3.7823  4.3084  0.1004  5.7287  4.8039  4.4624  4.3699  4.3624
 110  0.775764  3.7830  4.2970  0.1162  5.6844  4.7619  4.4233  4.3321  4.3253
 111  0.778148  3.7838  4.2859  0.1318  5.6405  4.7205  4.3848  4.2949  4.2889
 112  0.778967  3.7841  4.2821  0.1373  5.6249  4.7058  4.3712  4.2819  4.2762
 113  0.779785  3.7844  4.2783  0.1428  5.6092  4.6910  4.3576  4.2687  4.2633
 114  0.780603  3.7847  4.2744  0.1484  5.5934  4.6762  4.3438  4.2555  4.2504
 115  0.781422  3.7850  4.2703  0.1540  5.5777  4.6613  4.3300  4.2421  4.2373
 116  0.782239  3.7853  4.2661  0.1596  5.5621  4.6463  4.3159  4.2285  4.2240
 117  0.783053  3.7855  4.2618  0.1654  5.5465  4.6311  4.3017  4.2147  4.2104
 118  0.783866  3.7857  4.2572  0.1712  5.5309  4.6160  4.2874  4.2007  4.1967
 119  0.784676  3.7859  4.2526  0.1770  5.5153  4.6008  4.2729  4.1865  4.1826
 120  0.785484  3.7861  4.2478  0.1829  5.4995  4.5854  4.2582  4.1721  4.1685
 121  0.786289  3.7862  4.2429  0.1889  5.4838  4.5700  4.2434  4.1576  4.1541
 122  0.787093  3.7864  4.2379  0.1949  5.4680  4.5544  4.2283  4.1429  4.1395
 123  0.787894  3.7865  4.2328  0.2010  5.4522  4.5388  4.2133  4.1281  4.1247
 124  0.788689  3.7866  4.2277  0.2071  5.4362  4.5230  4.1980  4.1130  4.1098
 125  0.789485  3.7868  4.2224  0.2133  5.4202  4.5071  4.1826  4.0978  4.0948
 126  0.790280  3.7868  4.2170  0.2195  5.4043  4.4913  4.1672  4.0825  4.0795
 127  0.791073  3.7869  4.2115  0.2259  5.3884  4.4753  4.1516  4.0671  4.0642
 128  0.791864  3.7870  4.2059  0.2322  5.3723  4.4593  4.1359  4.0516  4.0487
 129  0.792653  3.7871  4.2002  0.2385  5.3563  4.4431  4.1201  4.0359  4.0331
 130  0.793440  3.7871  4.1944  0.2449  5.3403  4.4269  4.1042  4.0201  4.0173
 131  0.794224  3.7871  4.1884  0.2513  5.3244  4.4107  4.0881  4.0040  4.0013
 132  0.795004  3.7871  4.1823  0.2578  5.3085  4.3945  4.0719  3.9879  3.9850
 133  0.795780  3.7870  4.1760  0.2643  5.2927  4.3783  4.0556  3.9714  3.9685
 134  0.796552  3.7869  4.1695  0.2709  5.2769  4.3620  4.0392  3.9549  3.9519
 135  0.797320  3.7868  4.1629  0.2775  5.2611  4.3455  4.0226  3.9382  3.9351
 136  0.798083  3.7867  4.1561  0.2842  5.2453  4.3291  4.0058  3.9214  3.9181
 137  0.798841  3.7865  4.1490  0.2909  5.2298  4.3128  3.9890  3.9042  3.9007
 138  0.799593  3.7863  4.1418  0.2977  5.2143  4.2964  3.9721  3.8870  3.8832
 139  0.800339  3.7860  4.1343  0.3045  5.1991  4.2800  3.9550  3.8696  3.8655
 140  0.801079  3.7857  4.1267  0.3113  5.1838  4.2636  3.9377  3.8520  3.8475
 141  0.801811  3.7854  4.1188  0.3183  5.1688  4.2473  3.9204  3.8341  3.8292
 142  0.802538  3.7850  4.1106  0.3252  5.1543  4.2310  3.9030  3.8160  3.8107
 143  0.803256  3.7845  4.1022  0.3322  5.1397  4.2148  3.8854  3.7978  3.7920
 144  0.803967  3.7840  4.0934  0.3392  5.1255  4.1987  3.8678  3.7793  3.7729
 145  0.804672  3.7834  4.0844  0.3462  5.1116  4.1826  3.8500  3.7607  3.7537
 146  0.805367  3.7828  4.0752  0.3533  5.0979  4.1666  3.8321  3.7420  3.7341
 147  0.806053  3.7820  4.0655  0.3604  5.0849  4.1508  3.8142  3.7229  3.7143
 148  0.806731  3.7812  4.0555  0.3675  5.0724  4.1353  3.7960  3.7036  3.6942
 149  0.807401  3.7803  4.0450  0.3747  5.0605  4.1199  3.7779  3.6841  3.6737
 150  0.808062  3.7792  4.0340  0.3819  5.0498  4.1051  3.7597  3.6644  3.6528
 151  0.808714  3.7781  4.0225  0.3890  5.0403  4.0904  3.7413  3.6442  3.6314
 152  0.809358  3.7769  4.0108  0.3962  5.0319  4.0758  3.7227  3.6239  3.6098
 153  0.809993  3.7756  3.9990  0.4034  5.0237  4.0612  3.7040  3.6034  3.5881
 154  0.810619  3.7743  3.9869  0.4106  5.0163  4.0468  3.6853  3.5829  3.5662
 155  0.811238  3.7730  3.9746  0.4180  5.0096  4.0326  3.6665  3.5621  3.5440
 156  0.811848  3.7715  3.9614  0.4252  5.0049  4.0191  3.6476  3.5410  3.5214
 157  0.812452  3.7699  3.9482  0.4324  5.0010  4.0059  3.6289  3.5199  3.4986
 158  0.813049  3.7680  3.9341  0.4395  4.9996  3.9936  3.6101  3.4985  3.4753
 159  0.813642  3.7660  3.9191  0.4467  5.0005  3.9822  3.5913  3.4768  3.4515
 160  0.814229  3.7637  3.9030  0.4537  5.0050  3.9722  3.5729  3.4548  3.4271
 161  0.814808  3.7612  3.8862  0.4607  5.0109  3.9633  3.5551  3.4331  3.4027
 162  0.815332  3.7583  3.8694  0.4668  5.0216  3.9577  3.5396  3.4135  3.3800
 163  0.815852  3.7554  3.8513  0.4733  5.0346  3.9524  3.5236  3.3929  3.3561
 164  0.816369  3.7522  3.8320  0.4800  5.0502  3.9475  3.5072  3.3715  3.3311
 165  0.816879  3.7488  3.8112  0.4873  5.0684  3.9425  3.4897  3.3487  3.3043
 166  0.817376  3.7452  3.7891  0.4956  5.0870  3.9358  3.4700  3.3236  3.2750
 167  0.817854  3.7418  3.7659  0.5052  5.1030  3.9261  3.4474  3.2956  3.2431
 168  0.818306  3.7386  3.7424  0.5162  5.1138  3.9120  3.4214  3.2646  3.2082
 169  0.818729  3.7358  3.7190  0.5288  5.1173  3.8931  3.3921  3.2308  3.1711
 170  0.819121  3.7334  3.6959  0.5423  5.1140  3.8702  3.3600  3.1948  3.1321
 171  0.819487  3.7314  3.6736  0.5567  5.1045  3.8436  3.3256  3.1571  3.0921
 172  0.819831  3.7297  3.6519  0.5716  5.0898  3.8142  3.2897  3.1185  3.0512
 173  0.820157  3.7282  3.6309  0.5870  5.0707  3.7826  3.2526  3.0791  3.0100
 174  0.820468  3.7270  3.6105  0.6028  5.0478  3.7492  3.2146  3.0390  2.9684
 175  0.820768  3.7259  3.5904  0.6186  5.0225  3.7147  3.1760  2.9987  2.9267
 176  0.821059  3.7249  3.5709  0.6347  4.9943  3.6790  3.1369  2.9580  2.8849
 177  0.821342  3.7241  3.5515  0.6510  4.9648  3.6425  3.0974  2.9172  2.8430
 178  0.821620  3.7234  3.5325  0.6672  4.9335  3.6054  3.0577  2.8763  2.8011
 179  0.821892  3.7228  3.5137  0.6836  4.9009  3.5677  3.0177  2.8351  2.7591
 180  0.822161  3.7222  3.4951  0.6999  4.8674  3.5297  2.9775  2.7940  2.7172
 181  0.822425  3.7216  3.4764  0.7164  4.8335  3.4915  2.9372  2.7528  2.6752
 182  0.822660  3.7211  3.4598  0.7312  4.8029  3.4569  2.9011  2.7157  2.6374
 183  0.822893  3.7206  3.4431  0.7462  4.7713  3.4219  2.8645  2.6784  2.5995
 184  0.823127  3.7202  3.4265  0.7612  4.7389  3.3865  2.8277  2.6409  2.5614
 185  0.823360  3.7198  3.4098  0.7763  4.7061  3.3507  2.7905  2.6030  2.5229
 186  0.823593  3.7194  3.3930  0.7916  4.6729  3.3146  2.7531  2.5650  2.4843
 187  0.823826  3.7190  3.3761  0.8070  4.6390  3.2781  2.7152  2.5265  2.4453
 188  0.824057  3.7186  3.3590  0.8226  4.6045  3.2410  2.6768  2.4875  2.4056
 189  0.824289  3.7182  3.3418  0.8384  4.5693  3.2033  2.6381  2.4480  2.3657
 190  0.824519  3.7178  3.3243  0.8545  4.5336  3.1650  2.5986  2.4079  2.3250
 191  0.824747  3.7174  3.3067  0.8709  4.4975  3.1263  2.5584  2.3672  2.2836
 192  0.824975  3.7171  3.2887  0.8873  4.4604  3.0868  2.5178  2.3258  2.2419
 193  0.825199  3.7167  3.2699  0.9047  4.4217  3.0455  2.4753  2.2827  2.1981
 194  0.825418  3.7163  3.2502  0.9229  4.3806  3.0018  2.4304  2.2371  2.1520
 195  0.825630  3.7158  3.2294  0.9421  4.3371  2.9561  2.3834  2.1894  2.1036
 196  0.825837  3.7153  3.2073  0.9623  4.2918  2.9082  2.3340  2.1391  2.0526
 197  0.826038  3.7148  3.1846  0.9830  4.2451  2.8589  2.2831  2.0874  2.0001
 198  0.826235  3.7143  3.1611  1.0046  4.1969  2.8077  2.2303  2.0337  1.9456
 199  0.826426  3.7137  3.1368  1.0267  4.1475  2.7552  2.1761  1.9786  1.8897
 200  0.826612  3.7132  3.1119  1.0494  4.0972  2.7017  2.1206  1.9221  1.8322
 201  0.826794  3.7125  3.0864  1.0726  4.0460  2.6469  2.0638  1.8643  1.7735
 202  0.826970  3.7119  3.0601  1.0964  3.9940  2.5909  2.0057  1.8049  1.7132
 203  0.827142  3.7112  3.0331  1.1207  3.9413  2.5339  1.9464  1.7445  1.6517
 204  0.827307  3.7105  3.0057  1.1455  3.8878  2.4759  1.8858  1.6826  1.5889
 205  0.827468  3.7097  2.9773  1.1707  3.8346  2.4173  1.8243  1.6196  1.5246
 206  0.827622  3.7088  2.9483  1.1965  3.7810  2.3579  1.7617  1.5556  1.4593
 207  0.827772  3.7079  2.9187  1.2225  3.7273  2.2978  1.6982  1.4904  1.3928
 208  0.827917  3.7071  2.8885  1.2490  3.6732  2.2370  1.6339  1.4244  1.3254
 209  0.828056  3.7061  2.8577  1.2759  3.6192  2.1757  1.5687  1.3574  1.2568
 210  0.828189  3.7051  2.8265  1.3032  3.5651  2.1137  1.5028  1.2894  1.1874
 211  0.828317  3.7040  2.7947  1.3307  3.5110  2.0512  1.4360  1.2207  1.1171
 212  0.828441  3.7027  2.7618  1.3586  3.4597  1.9893  1.3691  1.1514  1.0459
 213  0.828558  3.7016  2.7291  1.3867  3.4059  1.9259  1.3010  1.0813  0.9741
 214  0.828671  3.7006  2.6967  1.4153  3.3497  1.8609  1.2320  1.0103  0.9017
 215  0.828778  3.6994  2.6632  1.4440  3.2967  1.7967  1.1628  0.9389  0.8285
 216  0.828880  3.6981  2.6294  1.4729  3.2471  1.7324  1.0931  0.8668  0.7546
 217  0.828897  3.6979  2.6238  1.4777  3.2391  1.7218  1.0815  0.8548  0.7424
 218  0.828913  3.6977  2.6183  1.4825  3.2309  1.7111  1.0700  0.8429  0.7302
 219  0.828929  3.6975  2.6126  1.4873  3.2229  1.7005  1.0584  0.8309  0.7179
 220  0.828945  3.6973  2.6069  1.4921  3.2148  1.6897  1.0468  0.8189  0.7056
 221  0.828962  3.6971  2.6013  1.4970  3.2067  1.6790  1.0351  0.8068  0.6932
 222  0.828978  3.6968  2.5955  1.5018  3.1986  1.6682  1.0234  0.7947  0.6808
 223  0.828994  3.6966  2.5898  1.5067  3.1906  1.6575  1.0116  0.7825  0.6683
 224  0.829009  3.6964  2.5840  1.5117  3.1824  1.6466  0.9998  0.7702  0.6557
 225  0.829025  3.6962  2.5782  1.5166  3.1744  1.6357  0.9879  0.7579  0.6431
 226  0.829041  3.6960  2.5723  1.5215  3.1662  1.6247  0.9760  0.7456  0.6304
 227  0.829188  3.6937  2.5148  1.5703  3.0882  1.5175  0.8588  0.6241  0.5059
 228  0.829318  3.6915  2.4594  1.6167  3.0189  1.4169  0.7478  0.5088  0.3874
 229  0.829437  3.6891  2.4024  1.6639  2.9523  1.3159  0.6354  0.3915  0.2667
 230  0.829545  3.6867  2.3475  1.7093  2.8911  1.2195  0.5274  0.2787  0.1506
 231  0.829643  3.6844  2.2961  1.7517  2.8359  1.1301  0.4270  0.1735  0.0421
 232  0.829736  3.6823  2.2500  1.7898  2.7872  1.0503  0.3368  0.0791 -0.0553
 233  0.829821  3.6813  2.2232  1.8123  2.7555  1.0024  0.2833  0.0233 -0.1126
 234  0.829907  3.6825  2.2424  1.7978  2.7652  1.0298  0.3165  0.0590 -0.0753
 235  0.830004  3.6817  2.2180  1.8190  2.7309  0.9829  0.2655  0.0062 -0.1293
 236  0.830094  3.6785  2.1507  1.8739  2.6612  0.8699  0.1371 -0.1289 -0.2692
 237  0.830174  3.6755  2.0860  1.9267  2.5957  0.7623  0.0142 -0.2583 -0.4033
 238  0.830246  3.6726  2.0232  1.9778  2.5342  0.6588 -0.1043 -0.3835 -0.5332
 239  0.830309  3.6697  1.9623  2.0270  2.4793  0.5610 -0.2174 -0.5032 -0.6576
 240  0.830367  3.6667  1.9020  2.0753  2.4295  0.4665 -0.3278 -0.6205 -0.7798
 241  0.830418  3.6637  1.8423  2.1232  2.3836  0.3743 -0.4362 -0.7359 -0.9003
 242  0.830466  3.6607  1.7832  2.1704  2.3423  0.2843 -0.5427 -0.8496 -1.0191
 243  0.830507  3.6578  1.7258  2.2162  2.3058  0.1985 -0.6452 -0.9593 -1.1339
 244  0.830544  3.6549  1.6696  2.2609  2.2729  0.1156 -0.7447 -1.0660 -1.2458
 245  0.830578  3.6520  1.6141  2.3049  2.2435  0.0353 -0.8419 -1.1707 -1.3556
 246  0.830608  3.6492  1.5602  2.3474  2.2181 -0.0411 -0.9353 -1.2713 -1.4615
 247  0.830636  3.6464  1.5066  2.3897  2.1962 -0.1156 -1.0271 -1.3709 -1.5663
 248  0.830661  3.6434  1.4540  2.4308  2.1799 -0.1860 -1.1156 -1.4671 -1.6680
 249  0.830684  3.6405  1.4023  2.4707  2.1681 -0.2530 -1.2011 -1.5606 -1.7668
 250  0.830705  3.6377  1.3514  2.5101  2.1595 -0.3174 -1.2845 -1.6520 -1.8638
 251  0.830724  3.6348  1.3016  2.5483  2.1545 -0.3786 -1.3648 -1.7405 -1.9578
 252  0.830742  3.6320  1.2525  2.5860  2.1522 -0.4376 -1.4432 -1.8274 -2.0503
 253  0.830759  3.6291  1.2043  2.6229  2.1530 -0.4938 -1.5190 -1.9118 -2.1405
 254  0.830774  3.6264  1.1575  2.6587  2.1563 -0.5469 -1.5917 -1.9931 -2.2276
 255  0.830787  3.6236  1.1112  2.6940  2.1624 -0.5977 -1.6625 -2.0728 -2.3132
 256  0.830800  3.6209  1.0659  2.7285  2.1714 -0.6460 -1.7313 -2.1503 -2.3964
 257  0.830812  3.6182  1.0215  2.7622  2.1825 -0.6918 -1.7976 -2.2256 -2.4776
 258  0.830822  3.6155  0.9779  2.7951  2.1968 -0.7346 -1.8614 -2.2985 -2.5568
 259  0.830833  3.6129  0.9350  2.8274  2.2133 -0.7752 -1.9228 -2.3695 -2.6340
 260  0.830842  3.6103  0.8930  2.8589  2.2310 -0.8134 -1.9820 -2.4384 -2.7092
 261  0.830851  3.6077  0.8519  2.8898  2.2499 -0.8496 -2.0390 -2.5053 -2.7827
 262  0.830859  3.6052  0.8116  2.9200  2.2692 -0.8841 -2.0939 -2.5704 -2.8545
 263  0.830866  3.6027  0.7723  2.9494  2.2891 -0.9165 -2.1467 -2.6335 -2.9244
 264  0.830873  3.6003  0.7338  2.9782  2.3105 -0.9473 -2.1985 -2.6950 -2.9924
 265  0.830880  3.5979  0.6959  3.0066  2.3323 -0.9764 -2.2486 -2.7551 -3.0594
 266  0.830886  3.5955  0.6587  3.0343  2.3546 -1.0037 -2.2964 -2.8133 -3.1246
 267  0.830892  3.5932  0.6225  3.0614  2.3770 -1.0290 -2.3420 -2.8698 -3.1883
 268  0.830897  3.5909  0.5867  3.0880  2.3997 -1.0527 -2.3856 -2.9249 -3.2509
 269  0.830903  3.5888  0.5521  3.1139  2.4212 -1.0752 -2.4270 -2.9782 -3.3118
 270  0.830907  3.5866  0.5182  3.1391  2.4434 -1.0951 -2.4656 -3.0293 -3.3710
 271  0.830912  3.5844  0.4847  3.1641  2.4677 -1.1126 -2.5019 -3.0793 -3.4295
 272  0.830916  3.5823  0.4520  3.1883  2.4929 -1.1277 -2.5353 -3.1273 -3.4865
 273  0.830921  3.5802  0.4196  3.2120  2.5200 -1.1393 -2.5653 -3.1730 -3.5418
 274  0.830924  3.5780  0.3875  3.2352  2.5479 -1.1494 -2.5940 -3.2172 -3.5962
 275  0.830928  3.5760  0.3568  3.2578  2.5693 -1.1616 -2.6226 -3.2611 -3.6498
 276  0.830932  3.5740  0.3269  3.2800  2.5902 -1.1719 -2.6484 -3.3030 -3.7018
 277  0.830935  3.5721  0.2978  3.3015  2.6092 -1.1814 -2.6723 -3.3435 -3.7524
 278  0.830938  3.5703  0.2700  3.3220  2.6266 -1.1896 -2.6933 -3.3818 -3.8008
