#NUMBER OF AGES= 1
#----------------------------------------------------       
#MIX-LEN  Y      Z          Zeff        [Fe/H] [a/Fe]
# 1.9380  0.2488 2.3381E-03 1.7027E-03  -1.00   0.20 
#----------------------------------------------------       
#**PHOTOMETRIC SYSTEM**: SDSS (AB)                          
#----------------------------------------------------       
#AGE=13.500 EEPS=266
#EEP   M/Mo    LogTeff  LogG   LogL/Lo sdss_u  sdss_g  sdss_r  sdss_i  sdss_z
  13  0.111329  3.5221  5.3085 -2.7823 17.8325 14.4033 12.7668 11.7834 11.2308
  14  0.125949  3.5253  5.2459 -2.6532 17.3579 14.0153 12.3965 11.4482 10.9096
  15  0.143267  3.5293  5.1863 -2.5218 16.8694 13.6138 12.0147 11.1049 10.5830
  16  0.161554  3.5345  5.1420 -2.4045 16.4033 13.2335 11.6564 10.7917 10.2916
  17  0.178021  3.5400  5.1130 -2.3113 16.0108 12.9149 11.3593 10.5381 10.0604
  18  0.191907  3.5444  5.0917 -2.2395 15.7108 12.6690 11.1307 10.3425  9.8826
  19  0.204468  3.5479  5.0729 -2.1793 15.4711 12.4689 10.9443 10.1803  9.7339
  20  0.216599  3.5509  5.0559 -2.1254 15.2617 12.2922 10.7795 10.0356  9.6006
  21  0.228739  3.5536  5.0403 -2.0752 15.0700 12.1289 10.6272  9.9013  9.4765
  22  0.241521  3.5563  5.0254 -2.0261 14.8853 11.9702 10.4794  9.7702  9.3552
  23  0.255991  3.5590  5.0101 -1.9746 14.6954 11.8057 10.3260  9.6334  9.2284
  24  0.274384  3.5621  4.9934 -1.9153 14.4807 11.6178 10.1507  9.4763  9.0825
  25  0.291717  3.5648  4.9785 -1.8631 14.2942 11.4533  9.9974  9.3383  8.9541
  26  0.303843  3.5666  4.9686 -1.8280 14.1690 11.3427  9.8946  9.2457  8.8680
  27  0.311873  3.5678  4.9626 -1.8059 14.0905 11.2731  9.8300  9.1874  8.8138
  28  0.317526  3.5686  4.9584 -1.7907 14.0362 11.2250  9.7854  9.1472  8.7765
  29  0.321643  3.5692  4.9553 -1.7795 13.9960 11.1895  9.7524  9.1175  8.7489
  30  0.324928  3.5698  4.9525 -1.7702 13.9627 11.1599  9.7251  9.0930  8.7261
  31  0.328002  3.5703  4.9499 -1.7614 13.9306 11.1317  9.6992  9.0697  8.7046
  32  0.331144  3.5708  4.9470 -1.7523 13.8979 11.1028  9.6724  9.0458  8.6825
  33  0.334738  3.5714  4.9438 -1.7420 13.8608 11.0700  9.6422  9.0186  8.6573
  34  0.338950  3.5721  4.9398 -1.7299 13.8177 11.0317  9.6068  8.9866  8.6277
  35  0.344142  3.5729  4.9347 -1.7149 13.7644 10.9843  9.5631  8.9472  8.5909
  36  0.350015  3.5738  4.9283 -1.6972 13.7020 10.9291  9.5122  8.9009  8.5478
  37  0.373220  3.5784  4.9033 -1.6263 13.4419 10.6996  9.3028  8.7136  8.3752
  38  0.404454  3.5861  4.8658 -1.5231 13.0436 10.3537  8.9934  8.4399  8.1249
  39  0.419150  3.5902  4.8462 -1.4718 12.8424 10.1799  8.8403  8.3042  8.0005
  40  0.431889  3.5941  4.8285 -1.4255 12.6584 10.0213  8.7021  8.1819  7.8885
  41  0.443749  3.5981  4.8119 -1.3812 12.4792  9.8672  8.5694  8.0648  7.7816
  42  0.455428  3.6024  4.7957 -1.3365 12.2956  9.7096  8.4356  7.9471  7.6742
  43  0.467090  3.6071  4.7796 -1.2906 12.1047  9.5450  8.2980  7.8262  7.5638
  44  0.477958  3.6119  4.7651 -1.2468 11.9194  9.3852  8.1666  7.7110  7.4588
  45  0.487804  3.6166  4.7524 -1.2067 11.7464  9.2360  8.0456  7.6054  7.3627
  46  0.496596  3.6210  4.7418 -1.1705 11.5877  9.0992  7.9362  7.5105  7.2765
  47  0.504722  3.6254  4.7327 -1.1367 11.4383  8.9693  7.8337  7.4220  7.1967
  48  0.512347  3.6298  4.7247 -1.1046 11.2929  8.8423  7.7345  7.3375  7.1210
  49  0.519923  3.6345  4.7175 -1.0722 11.1416  8.7117  7.6337  7.2521  7.0449
  50  0.527670  3.6396  4.7107 -1.0387 10.9786  8.5739  7.5288  7.1638  6.9664
  51  0.535812  3.6452  4.7042 -1.0032 10.7962  8.4256  7.4174  7.0699  6.8832
  52  0.540446  3.6484  4.7006 -0.9829 10.6857  8.3402  7.3540  7.0164  6.8357
  53  0.545152  3.6517  4.6971 -0.9625 10.5709  8.2535  7.2898  6.9621  6.7875
  54  0.549927  3.6551  4.6936 -0.9416 10.4521  8.1658  7.2251  6.9072  6.7385
  55  0.554739  3.6585  4.6902 -0.9207 10.3293  8.0772  7.1600  6.8517  6.6890
  56  0.559547  3.6621  4.6870 -0.8996 10.2028  7.9882  7.0948  6.7960  6.6393
  57  0.564344  3.6656  4.6839 -0.8786 10.0747  7.8999  7.0301  6.7402  6.5893
  58  0.569111  3.6692  4.6807 -0.8576  9.9454  7.8128  6.9661  6.6847  6.5393
  59  0.573838  3.6727  4.6778 -0.8368  9.8152  7.7269  6.9030  6.6295  6.4896
  60  0.578538  3.6763  4.6747 -0.8161  9.6848  7.6427  6.8410  6.5751  6.4404
  61  0.583186  3.6797  4.6716 -0.7957  9.5549  7.5606  6.7802  6.5215  6.3918
  62  0.587788  3.6831  4.6684 -0.7755  9.4237  7.4805  6.7209  6.4691  6.3441
  63  0.592340  3.6864  4.6651 -0.7556  9.2915  7.4027  6.6632  6.4179  6.2974
  64  0.596836  3.6897  4.6616 -0.7360  9.1628  7.3273  6.6067  6.3676  6.2515
  65  0.601285  3.6928  4.6579 -0.7166  9.0386  7.2543  6.5516  6.3183  6.2062
  66  0.605680  3.6958  4.6541 -0.6974  8.9187  7.1833  6.4975  6.2697  6.1617
  67  0.610014  3.6988  4.6503 -0.6785  8.8040  7.1142  6.4442  6.2219  6.1178
  68  0.614297  3.7018  4.6464 -0.6598  8.7034  7.0478  6.3917  6.1745  6.0744
  69  0.618522  3.7046  4.6423 -0.6413  8.6093  6.9836  6.3400  6.1279  6.0317
  70  0.622690  3.7074  4.6382 -0.6231  8.5193  6.9210  6.2892  6.0820  5.9896
  71  0.626794  3.7102  4.6340 -0.6051  8.4329  6.8601  6.2395  6.0370  5.9483
  72  0.630844  3.7128  4.6297 -0.5873  8.3492  6.8007  6.1907  5.9926  5.9075
  73  0.634825  3.7154  4.6254 -0.5698  8.2673  6.7427  6.1430  5.9492  5.8675
  74  0.638751  3.7179  4.6209 -0.5526  8.1834  6.6860  6.0963  5.9067  5.8282
  75  0.642617  3.7204  4.6163 -0.5355  8.0991  6.6304  6.0508  5.8649  5.7895
  76  0.646416  3.7228  4.6117 -0.5187  8.0164  6.5760  6.0061  5.8239  5.7515
  77  0.650164  3.7252  4.6069 -0.5021  7.9357  6.5230  5.9623  5.7838  5.7141
  78  0.653844  3.7273  4.6021 -0.4858  7.8567  6.4710  5.9194  5.7443  5.6773
  79  0.657467  3.7296  4.5972 -0.4696  7.7798  6.4202  5.8773  5.7055  5.6412
  80  0.661025  3.7317  4.5923 -0.4537  7.7048  6.3705  5.8361  5.6674  5.6057
  81  0.664522  3.7338  4.5873 -0.4381  7.6325  6.3217  5.7955  5.6300  5.5708
  82  0.669120  3.7366  4.5804 -0.4173  7.5398  6.2579  5.7423  5.5810  5.5248
  83  0.673656  3.7392  4.5732 -0.3968  7.4499  6.1952  5.6899  5.5325  5.4794
  84  0.678124  3.7417  4.5658 -0.3765  7.3626  6.1336  5.6382  5.4846  5.4344
  85  0.682522  3.7442  4.5583 -0.3562  7.2781  6.0730  5.5871  5.4374  5.3899
  86  0.686852  3.7466  4.5505 -0.3362  7.1960  6.0136  5.5368  5.3906  5.3459
  87  0.691111  3.7488  4.5424 -0.3164  7.1167  5.9551  5.4870  5.3443  5.3020
  88  0.695304  3.7510  4.5341 -0.2967  7.0397  5.8975  5.4378  5.2982  5.2585
  89  0.699433  3.7531  4.5255 -0.2771  6.9649  5.8406  5.3888  5.2526  5.2151
  90  0.703496  3.7551  4.5167 -0.2577  6.8921  5.7847  5.3405  5.2071  5.1720
  91  0.707493  3.7571  4.5075 -0.2383  6.8211  5.7294  5.2925  5.1621  5.1289
  92  0.711418  3.7589  4.4981 -0.2191  6.7520  5.6748  5.2449  5.1172  5.0861
  93  0.715274  3.7607  4.4884 -0.1999  6.6845  5.6211  5.1976  5.0726  5.0434
  94  0.719057  3.7624  4.4784 -0.1809  6.6185  5.5678  5.1508  5.0283  5.0009
  95  0.722763  3.7640  4.4682 -0.1620  6.5535  5.5152  5.1043  4.9842  4.9585
  96  0.726388  3.7655  4.4578 -0.1433  6.4895  5.4634  5.0584  4.9406  4.9164
  97  0.729929  3.7670  4.4472 -0.1246  6.4270  5.4121  5.0128  4.8971  4.8744
  98  0.733383  3.7684  4.4364 -0.1060  6.3656  5.3615  4.9677  4.8540  4.8327
  99  0.736748  3.7697  4.4254 -0.0877  6.3059  5.3115  4.9229  4.8112  4.7913
 100  0.740020  3.7710  4.4144 -0.0695  6.2474  5.2622  4.8786  4.7687  4.7500
 101  0.743199  3.7723  4.4033 -0.0515  6.1902  5.2135  4.8346  4.7268  4.7093
 102  0.746289  3.7734  4.3918 -0.0338  6.1347  5.1657  4.7912  4.6850  4.6686
 103  0.749286  3.7746  4.3806 -0.0162  6.0804  5.1184  4.7484  4.6438  4.6286
 104  0.752192  3.7757  4.3692  0.0011  6.0274  5.0719  4.7059  4.6030  4.5889
 105  0.755011  3.7767  4.3577  0.0182  5.9757  5.0261  4.6641  4.5627  4.5494
 106  0.757753  3.7777  4.3463  0.0351  5.9254  4.9811  4.6226  4.5227  4.5105
 107  0.760423  3.7786  4.3348  0.0519  5.8762  4.9366  4.5817  4.4832  4.4718
 108  0.763033  3.7794  4.3231  0.0683  5.8289  4.8927  4.5410  4.4440  4.4333
 109  0.765593  3.7802  4.3114  0.0846  5.7825  4.8495  4.5008  4.4050  4.3953
 110  0.768112  3.7809  4.2997  0.1007  5.7372  4.8069  4.4610  4.3664  4.3575
 111  0.770481  3.7817  4.2884  0.1166  5.6923  4.7648  4.4218  4.3286  4.3204
 112  0.771280  3.7820  4.2846  0.1221  5.6764  4.7501  4.4083  4.3156  4.3077
 113  0.772079  3.7823  4.2808  0.1276  5.6606  4.7352  4.3946  4.3024  4.2948
 114  0.772879  3.7827  4.2769  0.1332  5.6447  4.7203  4.3809  4.2891  4.2819
 115  0.773677  3.7829  4.2728  0.1388  5.6288  4.7054  4.3670  4.2757  4.2688
 116  0.774474  3.7832  4.2686  0.1444  5.6131  4.6904  4.3529  4.2621  4.2555
 117  0.775269  3.7834  4.2643  0.1502  5.5974  4.6753  4.3387  4.2483  4.2419
 118  0.776060  3.7836  4.2597  0.1560  5.5818  4.6602  4.3244  4.2343  4.2281
 119  0.776849  3.7838  4.2550  0.1618  5.5661  4.6450  4.3099  4.2201  4.2141
 120  0.777635  3.7840  4.2503  0.1677  5.5503  4.6297  4.2952  4.2058  4.1999
 121  0.778418  3.7841  4.2453  0.1737  5.5345  4.6143  4.2804  4.1913  4.1855
 122  0.779200  3.7843  4.2403  0.1797  5.5187  4.5987  4.2655  4.1766  4.1710
 123  0.779979  3.7844  4.2352  0.1858  5.5029  4.5830  4.2504  4.1618  4.1563
 124  0.780752  3.7845  4.2300  0.1920  5.4868  4.5672  4.2352  4.1467  4.1414
 125  0.781525  3.7846  4.2248  0.1981  5.4708  4.5514  4.2198  4.1316  4.1264
 126  0.782297  3.7847  4.2193  0.2043  5.4549  4.5356  4.2043  4.1164  4.1111
 127  0.783065  3.7848  4.2138  0.2106  5.4389  4.5196  4.1888  4.1009  4.0958
 128  0.783834  3.7849  4.2083  0.2169  5.4229  4.5036  4.1731  4.0854  4.0803
 129  0.784599  3.7849  4.2026  0.2232  5.4068  4.4875  4.1574  4.0698  4.0647
 130  0.785362  3.7850  4.1968  0.2296  5.3907  4.4713  4.1415  4.0540  4.0490
 131  0.786120  3.7850  4.1908  0.2360  5.3748  4.4552  4.1255  4.0380  4.0330
 132  0.786877  3.7849  4.1846  0.2425  5.3589  4.4390  4.1092  4.0218  4.0167
 133  0.787629  3.7849  4.1782  0.2490  5.3432  4.4228  4.0930  4.0054  4.0003
 134  0.788375  3.7848  4.1718  0.2555  5.3274  4.4064  4.0766  3.9890  3.9837
 135  0.789118  3.7847  4.1651  0.2622  5.3117  4.3901  4.0601  3.9723  3.9669
 136  0.789856  3.7846  4.1584  0.2688  5.2959  4.3737  4.0433  3.9555  3.9499
 137  0.790589  3.7844  4.1514  0.2756  5.2804  4.3574  4.0265  3.9384  3.9326
 138  0.791316  3.7842  4.1442  0.2824  5.2649  4.3409  4.0096  3.9212  3.9152
 139  0.792037  3.7839  4.1367  0.2892  5.2498  4.3246  3.9926  3.9038  3.8975
 140  0.792752  3.7836  4.1291  0.2960  5.2346  4.3083  3.9753  3.8862  3.8794
 141  0.793460  3.7833  4.1211  0.3029  5.2197  4.2920  3.9581  3.8683  3.8613
 142  0.794163  3.7828  4.1128  0.3098  5.2052  4.2758  3.9407  3.8503  3.8428
 143  0.794856  3.7824  4.1044  0.3167  5.1908  4.2596  3.9230  3.8321  3.8240
 144  0.795544  3.7819  4.0957  0.3237  5.1768  4.2435  3.9054  3.8136  3.8050
 145  0.796224  3.7813  4.0867  0.3308  5.1631  4.2274  3.8877  3.7950  3.7858
 146  0.796895  3.7806  4.0774  0.3379  5.1496  4.2115  3.8697  3.7762  3.7662
 147  0.797560  3.7799  4.0676  0.3450  5.1370  4.1958  3.8518  3.7572  3.7464
 148  0.798215  3.7790  4.0575  0.3522  5.1250  4.1803  3.8337  3.7379  3.7262
 149  0.798862  3.7781  4.0471  0.3593  5.1138  4.1649  3.8155  3.7183  3.7056
 150  0.799501  3.7771  4.0360  0.3664  5.1044  4.1501  3.7971  3.6983  3.6845
 151  0.800131  3.7759  4.0244  0.3736  5.0959  4.1354  3.7785  3.6781  3.6630
 152  0.800754  3.7747  4.0128  0.3808  5.0879  4.1209  3.7599  3.6578  3.6415
 153  0.801368  3.7735  4.0010  0.3881  5.0799  4.1062  3.7411  3.6373  3.6198
 154  0.801975  3.7722  3.9892  0.3954  5.0724  4.0917  3.7224  3.6169  3.5981
 155  0.802574  3.7709  3.9770  0.4026  5.0655  4.0773  3.7036  3.5962  3.5760
 156  0.803165  3.7695  3.9643  0.4098  5.0603  4.0635  3.6848  3.5752  3.5536
 157  0.803749  3.7680  3.9513  0.4171  5.0559  4.0500  3.6660  3.5543  3.5310
 158  0.804326  3.7663  3.9377  0.4244  5.0534  4.0372  3.6471  3.5330  3.5081
 159  0.804898  3.7644  3.9229  0.4315  5.0540  4.0256  3.6285  3.5114  3.4844
 160  0.805462  3.7621  3.9069  0.4386  5.0580  4.0158  3.6104  3.4897  3.4603
 161  0.806015  3.7596  3.8901  0.4456  5.0639  4.0068  3.5926  3.4681  3.4359
 162  0.806523  3.7567  3.8731  0.4519  5.0748  4.0010  3.5768  3.4482  3.4128
 163  0.807028  3.7537  3.8547  0.4586  5.0878  3.9951  3.5604  3.4271  3.3884
 164  0.807529  3.7506  3.8352  0.4657  5.1030  3.9894  3.5432  3.4050  3.3627
 165  0.808022  3.7472  3.8140  0.4735  5.1204  3.9832  3.5245  3.3811  3.3349
 166  0.808502  3.7438  3.7917  0.4824  5.1374  3.9750  3.5036  3.3548  3.3046
 167  0.808962  3.7404  3.7686  0.4925  5.1513  3.9634  3.4796  3.3256  3.2716
 168  0.809397  3.7374  3.7449  0.5041  5.1594  3.9476  3.4523  3.2936  3.2358
 169  0.809805  3.7347  3.7216  0.5171  5.1608  3.9272  3.4219  3.2589  3.1979
 170  0.810185  3.7324  3.6986  0.5310  5.1556  3.9029  3.3887  3.2221  3.1582
 171  0.810541  3.7305  3.6762  0.5457  5.1445  3.8752  3.3536  3.1837  3.1175
 172  0.810877  3.7288  3.6545  0.5610  5.1283  3.8447  3.3169  3.1443  3.0761
 173  0.811197  3.7274  3.6333  0.5767  5.1079  3.8122  3.2791  3.1042  3.0341
 174  0.811503  3.7262  3.6127  0.5928  5.0837  3.7780  3.2403  3.0634  2.9920
 175  0.811798  3.7252  3.5925  0.6090  5.0572  3.7424  3.2009  3.0224  2.9495
 176  0.812086  3.7243  3.5727  0.6253  5.0278  3.7058  3.1611  2.9811  2.9071
 177  0.812367  3.7234  3.5532  0.6418  4.9971  3.6685  3.1209  2.9395  2.8645
 178  0.812641  3.7227  3.5339  0.6585  4.9647  3.6306  3.0803  2.8978  2.8218
 179  0.812911  3.7221  3.5150  0.6751  4.9310  3.5920  3.0395  2.8560  2.7792
 180  0.813178  3.7216  3.4961  0.6918  4.8965  3.5531  2.9986  2.8140  2.7365
 181  0.813440  3.7210  3.4772  0.7086  4.8617  3.5140  2.9575  2.7721  2.6938
 182  0.813668  3.7205  3.4606  0.7234  4.8308  3.4794  2.9213  2.7352  2.6562
 183  0.813896  3.7201  3.4441  0.7383  4.7989  3.4444  2.8849  2.6979  2.6183
 184  0.814123  3.7197  3.4275  0.7533  4.7663  3.4089  2.8480  2.6604  2.5802
 185  0.814350  3.7193  3.4109  0.7684  4.7333  3.3731  2.8109  2.6226  2.5418
 186  0.814577  3.7189  3.3942  0.7836  4.6999  3.3371  2.7736  2.5846  2.5033
 187  0.814803  3.7185  3.3774  0.7990  4.6661  3.3006  2.7359  2.5463  2.4644
 188  0.815029  3.7181  3.3604  0.8146  4.6313  3.2633  2.6975  2.5072  2.4249
 189  0.815254  3.7178  3.3433  0.8304  4.5960  3.2258  2.6587  2.4679  2.3850
 190  0.815477  3.7174  3.3259  0.8465  4.5601  3.1875  2.6193  2.4278  2.3444
 191  0.815701  3.7170  3.3082  0.8627  4.5239  3.1487  2.5793  2.3872  2.3032
 192  0.815923  3.7166  3.2903  0.8793  4.4867  3.1092  2.5386  2.3460  2.2614
 193  0.816140  3.7163  3.2716  0.8967  4.4474  3.0675  2.4958  2.3024  2.2174
 194  0.816351  3.7159  3.2515  0.9152  4.4049  3.0231  2.4503  2.2564  2.1707
 195  0.816558  3.7154  3.2306  0.9346  4.3610  2.9771  2.4029  2.2082  2.1219
 196  0.816758  3.7149  3.2084  0.9549  4.3153  2.9288  2.3531  2.1577  2.0706
 197  0.816955  3.7144  3.1856  0.9757  4.2684  2.8792  2.3019  2.1056  2.0178
 198  0.817145  3.7139  3.1619  0.9973  4.2198  2.8278  2.2490  2.0518  1.9631
 199  0.817332  3.7134  3.1376  1.0196  4.1702  2.7752  2.1946  1.9965  1.9070
 200  0.817513  3.7128  3.1127  1.0423  4.1195  2.7212  2.1388  1.9397  1.8493
 201  0.817689  3.7122  3.0871  1.0657  4.0681  2.6662  2.0818  1.8815  1.7904
 202  0.817861  3.7115  3.0606  1.0896  4.0159  2.6100  2.0234  1.8221  1.7298
 203  0.818027  3.7108  3.0337  1.1139  3.9628  2.5527  1.9638  1.7613  1.6681
 204  0.818189  3.7101  3.0061  1.1389  3.9091  2.4945  1.9031  1.6993  1.6049
 205  0.818344  3.7093  2.9776  1.1642  3.8554  2.4355  1.8411  1.6359  1.5404
 206  0.818495  3.7085  2.9485  1.1900  3.8016  2.3758  1.7784  1.5716  1.4748
 207  0.818640  3.7077  2.9188  1.2163  3.7475  2.3154  1.7145  1.5061  1.4080
 208  0.818781  3.7067  2.8885  1.2429  3.6932  2.2543  1.6499  1.4397  1.3402
 209  0.818916  3.7058  2.8576  1.2699  3.6389  2.1927  1.5843  1.3724  1.2714
 210  0.819045  3.7047  2.8262  1.2973  3.5845  2.1304  1.5180  1.3042  1.2017
 211  0.819170  3.7037  2.7943  1.3250  3.5301  2.0675  1.4509  1.2350  1.1310
 212  0.819290  3.7024  2.7614  1.3530  3.4776  2.0049  1.3835  1.1653  1.0594
 213  0.819403  3.7012  2.7281  1.3813  3.4256  1.9419  1.3154  1.0949  0.9871
 214  0.819512  3.7002  2.6959  1.4100  3.3680  1.8761  1.2459  1.0236  0.9144
 215  0.819616  3.6990  2.6622  1.4389  3.3155  1.8116  1.1764  0.9517  0.8408
 216  0.819716  3.6978  2.6282  1.4679  3.2658  1.7469  1.1061  0.8792  0.7666
 217  0.819732  3.6976  2.6226  1.4727  3.2578  1.7363  1.0947  0.8673  0.7544
 218  0.819747  3.6974  2.6171  1.4775  3.2497  1.7257  1.0831  0.8554  0.7422
 219  0.819762  3.6971  2.6114  1.4823  3.2417  1.7151  1.0716  0.8435  0.7300
 220  0.819778  3.6969  2.6058  1.4871  3.2336  1.7044  1.0600  0.8315  0.7177
 221  0.819793  3.6967  2.6001  1.4919  3.2255  1.6937  1.0484  0.8195  0.7054
 222  0.819809  3.6965  2.5944  1.4968  3.2174  1.6830  1.0367  0.8073  0.6930
 223  0.819824  3.6963  2.5887  1.5017  3.2094  1.6722  1.0249  0.7952  0.6805
 224  0.819839  3.6961  2.5829  1.5066  3.2013  1.6612  1.0131  0.7829  0.6680
 225  0.819855  3.6959  2.5771  1.5115  3.1933  1.6504  1.0012  0.7707  0.6554
 226  0.819870  3.6956  2.5713  1.5165  3.1851  1.6395  0.9893  0.7583  0.6428
 227  0.820011  3.6934  2.5139  1.5651  3.1072  1.5323  0.8722  0.6371  0.5185
 228  0.820135  3.6912  2.4585  1.6115  3.0380  1.4319  0.7614  0.5218  0.4000
 229  0.820251  3.6888  2.4014  1.6590  2.9711  1.3303  0.6484  0.4039  0.2788
 230  0.820356  3.6864  2.3463  1.7045  2.9094  1.2335  0.5400  0.2907  0.1622
 231  0.820450  3.6841  2.2953  1.7468  2.8543  1.1446  0.4401  0.1862  0.0544
 232  0.820539  3.6821  2.2497  1.7843  2.8062  1.0659  0.3512  0.0931 -0.0416
 233  0.820621  3.6811  2.2245  1.8055  2.7754  1.0206  0.3008  0.0406 -0.0956
 234  0.820705  3.6825  2.2481  1.7874  2.7897  1.0552  0.3423  0.0849 -0.0493
 235  0.820798  3.6812  2.2123  1.8179  2.7439  0.9893  0.2696  0.0092 -0.1269
 236  0.820885  3.6781  2.1453  1.8726  2.6743  0.8768  0.1418 -0.1252 -0.2662
 237  0.820962  3.6751  2.0807  1.9252  2.6088  0.7693  0.0191 -0.2545 -0.4001
 238  0.821030  3.6722  2.0179  1.9764  2.5474  0.6659 -0.0994 -0.3795 -0.5299
 239  0.821090  3.6692  1.9573  2.0252  2.4932  0.5689 -0.2116 -0.4984 -0.6535
 240  0.821145  3.6663  1.8972  2.0737  2.4435  0.4744 -0.3219 -0.6157 -0.7756
 241  0.821194  3.6633  1.8371  2.1218  2.3975  0.3817 -0.4309 -0.7317 -0.8968
 242  0.821238  3.6603  1.7782  2.1689  2.3566  0.2921 -0.5372 -0.8451 -1.0153
 243  0.821279  3.6574  1.7207  2.2147  2.3202  0.2062 -0.6398 -0.9549 -1.1303
 244  0.821314  3.6545  1.6644  2.2595  2.2873  0.1232 -0.7394 -1.0619 -1.2423
 245  0.821346  3.6516  1.6090  2.3035  2.2583  0.0432 -0.8363 -1.1662 -1.3518
 246  0.821375  3.6488  1.5551  2.3460  2.2330 -0.0332 -0.9298 -1.2669 -1.4578
 247  0.821402  3.6459  1.5015  2.3881  2.2114 -0.1075 -1.0215 -1.3663 -1.5624
 248  0.821426  3.6430  1.4490  2.4292  2.1956 -0.1776 -1.1098 -1.4624 -1.6640
 249  0.821448  3.6401  1.3974  2.4692  2.1840 -0.2444 -1.1951 -1.5558 -1.7627
 250  0.821468  3.6372  1.3462  2.5087  2.1757 -0.3089 -1.2788 -1.6475 -1.8600
 251  0.821486  3.6344  1.2965  2.5469  2.1707 -0.3699 -1.3589 -1.7359 -1.9539
 252  0.821503  3.6315  1.2473  2.5847  2.1688 -0.4289 -1.4374 -1.8227 -2.0465
 253  0.821518  3.6287  1.1991  2.6215  2.1698 -0.4849 -1.5130 -1.9071 -2.1366
 254  0.821532  3.6259  1.1523  2.6573  2.1733 -0.5379 -1.5855 -1.9883 -2.2236
 255  0.821545  3.6232  1.1060  2.6926  2.1797 -0.5886 -1.6564 -2.0680 -2.3092
 256  0.821557  3.6205  1.0608  2.7270  2.1890 -0.6366 -1.7250 -2.1453 -2.3923
 257  0.821569  3.6178  1.0164  2.7607  2.2001 -0.6824 -1.7913 -2.2206 -2.4735
 258  0.821579  3.6151  0.9727  2.7937  2.2148 -0.7250 -1.8549 -2.2936 -2.5527
 259  0.821589  3.6125  0.9298  2.8261  2.2314 -0.7654 -1.9163 -2.3645 -2.6300
 260  0.821597  3.6099  0.8878  2.8576  2.2492 -0.8035 -1.9753 -2.4333 -2.7052
 261  0.821606  3.6073  0.8466  2.8885  2.2682 -0.8396 -2.0322 -2.5002 -2.7788
 262  0.821613  3.6048  0.8064  2.9186  2.2875 -0.8739 -2.0872 -2.5653 -2.8506
 263  0.821621  3.6023  0.7671  2.9481  2.3075 -0.9064 -2.1401 -2.6284 -2.9204
 264  0.821627  3.5999  0.7285  2.9770  2.3290 -0.9371 -2.1918 -2.6899 -2.9885
 265  0.821634  3.5975  0.6906  3.0053  2.3509 -0.9660 -2.2417 -2.7500 -3.0555
 266  0.821640  3.5951  0.6534  3.0331  2.3732 -0.9932 -2.2895 -2.8083 -3.1208
 267  0.821645  3.5928  0.6172  3.0601  2.3955 -1.0184 -2.3349 -2.8646 -3.1844
 268  0.821650  3.5905  0.5815  3.0868  2.4182 -1.0419 -2.3782 -2.9197 -3.2471
 269  0.821655  3.5884  0.5467  3.1128  2.4395 -1.0644 -2.4197 -2.9730 -3.3081
 270  0.821660  3.5862  0.5128  3.1380  2.4617 -1.0842 -2.4580 -3.0242 -3.3674
 271  0.821664  3.5840  0.4793  3.1629  2.4868 -1.1011 -2.4939 -3.0740 -3.4259
 272  0.821669  3.5819  0.4466  3.1872  2.5115 -1.1162 -2.5272 -3.1220 -3.4829
 273  0.821673  3.5797  0.4140  3.2108  2.5399 -1.1268 -2.5567 -3.1674 -3.5382
 274  0.821676  3.5775  0.3821  3.2341  2.5662 -1.1378 -2.5857 -3.2120 -3.5928
 275  0.821680  3.5756  0.3515  3.2568  2.5875 -1.1497 -2.6140 -3.2557 -3.6465
 276  0.821683  3.5736  0.3215  3.2789  2.6081 -1.1599 -2.6396 -3.2976 -3.6985
 277  0.821686  3.5717  0.2924  3.3004  2.6268 -1.1694 -2.6632 -3.3381 -3.7492
 278  0.821689  3.5699  0.2645  3.3210  2.6439 -1.1776 -2.6841 -3.3764 -3.7977
