#NUMBER OF AGES= 1
#----------------------------------------------------       
#MIX-LEN  Y      Z          Zeff        [Fe/H] [a/Fe]
# 1.9380  0.2488 2.3381E-03 1.7027E-03  -1.00   0.20 
#----------------------------------------------------       
#**PHOTOMETRIC SYSTEM**: SDSS (AB)                          
#----------------------------------------------------       
#AGE=14.000 EEPS=266
#EEP   M/Mo    LogTeff  LogG   LogL/Lo sdss_u  sdss_g  sdss_r  sdss_i  sdss_z
  13  0.109179  3.5216  5.3182 -2.8026 17.9075 14.4644 12.8249 11.8360 11.2811
  14  0.123428  3.5247  5.2558 -2.6740 17.4341 14.0778 12.4561 11.5022 10.9613
  15  0.140280  3.5286  5.1951 -2.5426 16.9479 13.6783 12.0758 11.1594 10.6346
  16  0.158247  3.5334  5.1484 -2.4240 16.4837 13.2988 11.7176 10.8443 10.3399
  17  0.174729  3.5389  5.1177 -2.3284 16.0835 12.9742 11.4144 10.5849 10.1029
  18  0.188670  3.5435  5.0958 -2.2548 15.7742 12.7212 11.1793 10.3841  9.9205
  19  0.201202  3.5471  5.0769 -2.1936 15.5271 12.5159 10.9882 10.2186  9.7689
  20  0.213257  3.5501  5.0596 -2.1388 15.3138 12.3363 10.8206 10.0718  9.6337
  21  0.225265  3.5529  5.0437 -2.0882 15.1196 12.1712 10.6668  9.9360  9.5085
  22  0.237858  3.5556  5.0287 -2.0389 14.9333 12.0116 10.5179  9.8042  9.3867
  23  0.251472  3.5582  5.0138 -1.9892 14.7493 11.8525 10.3696  9.6722  9.2644
  24  0.269412  3.5613  4.9970 -1.9300 14.5337 11.6644 10.1941  9.5153  9.1186
  25  0.287725  3.5642  4.9812 -1.8741 14.3339 11.4883 10.0300  9.3675  8.9811
  26  0.301438  3.5663  4.9700 -1.8343 14.1913 11.3624  9.9128  9.2620  8.8832
  27  0.310261  3.5676  4.9633 -1.8097 14.1042 11.2853  9.8413  9.1976  8.8233
  28  0.316407  3.5685  4.9589 -1.7932 14.0454 11.2331  9.7929  9.1540  8.7828
  29  0.320785  3.5691  4.9556 -1.7814 14.0030 11.1956  9.7581  9.1226  8.7537
  30  0.324154  3.5697  4.9528 -1.7719 13.9688 11.1654  9.7302  9.0976  8.7304
  31  0.327178  3.5702  4.9503 -1.7633 13.9373 11.1376  9.7046  9.0746  8.7092
  32  0.330174  3.5707  4.9475 -1.7545 13.9057 11.1097  9.6790  9.0517  8.6880
  33  0.333530  3.5712  4.9444 -1.7448 13.8707 11.0788  9.6504  9.0259  8.6642
  34  0.337413  3.5719  4.9407 -1.7336 13.8307 11.0433  9.6177  8.9964  8.6367
  35  0.342131  3.5726  4.9361 -1.7199 13.7822 11.0003  9.5778  8.9605  8.6033
  36  0.347515  3.5735  4.9303 -1.7039 13.7254 10.9498  9.5312  8.9183  8.5640
  37  0.359770  3.5756  4.9173 -1.6672 13.5940 10.8335  9.4244  8.8220  8.4747
  38  0.392355  3.5831  4.8796 -1.5622 13.1960 10.4855  9.1105  8.5435  8.2196
  39  0.411951  3.5882  4.8548 -1.4956 12.9370 10.2614  8.9117  8.3674  8.0583
  40  0.425425  3.5922  4.8364 -1.4475 12.7468 10.0973  8.7681  8.2401  7.9417
  41  0.437319  3.5960  4.8195 -1.4034 12.5704  9.9454  8.6363  8.1237  7.8352
  42  0.448734  3.6000  4.8035 -1.3602 12.3942  9.7939  8.5068  8.0096  7.7310
  43  0.460298  3.6045  4.7874 -1.3153 12.2087  9.6344  8.3723  7.8913  7.6231
  44  0.471393  3.6092  4.7722 -1.2710 12.0229  9.4743  8.2394  7.7746  7.5165
  45  0.481615  3.6138  4.7586 -1.2294 11.8459  9.3215  8.1144  7.6653  7.4170
  46  0.490736  3.6183  4.7470 -1.1918 11.6828  9.1808  8.0011  7.5665  7.3272
  47  0.499160  3.6227  4.7370 -1.1569 11.5288  9.0480  7.8954  7.4749  7.2441
  48  0.507030  3.6271  4.7283 -1.1239 11.3822  8.9198  7.7944  7.3883  7.1663
  49  0.514615  3.6316  4.7206 -1.0916 11.2345  8.7913  7.6945  7.3033  7.0903
  50  0.522159  3.6364  4.7135 -1.0589 11.0798  8.6586  7.5927  7.2173  7.0137
  51  0.529939  3.6417  4.7069 -1.0249 10.9113  8.5177  7.4860  7.1274  6.9341
  52  0.534481  3.6448  4.7032 -1.0050 10.8080  8.4342  7.4235  7.0747  6.8872
  53  0.539066  3.6480  4.6997 -0.9848 10.6982  8.3492  7.3602  7.0214  6.8399
  54  0.543692  3.6513  4.6962 -0.9644 10.5843  8.2630  7.2964  6.9675  6.7920
  55  0.548383  3.6546  4.6927 -0.9438 10.4669  8.1760  7.2322  6.9130  6.7435
  56  0.553129  3.6580  4.6892 -0.9230 10.3455  8.0882  7.1676  6.8579  6.6944
  57  0.557871  3.6615  4.6858 -0.9021 10.2207  7.9999  7.1029  6.8026  6.6450
  58  0.562591  3.6650  4.6827 -0.8812 10.0940  7.9124  7.0387  6.7473  6.5954
  59  0.567277  3.6685  4.6795 -0.8604  9.9661  7.8258  6.9752  6.6922  6.5458
  60  0.571941  3.6720  4.6765 -0.8397  9.8374  7.7406  6.9123  6.6374  6.4964
  61  0.576556  3.6755  4.6734 -0.8192  9.7085  7.6569  6.8507  6.5834  6.4475
  62  0.581127  3.6790  4.6703 -0.7989  9.5801  7.5754  6.7903  6.5301  6.3993
  63  0.585649  3.6823  4.6671 -0.7789  9.4510  7.4957  6.7312  6.4779  6.3518
  64  0.590117  3.6856  4.6637 -0.7591  9.3198  7.4181  6.6738  6.4269  6.3054
  65  0.594534  3.6888  4.6602 -0.7396  9.1917  7.3430  6.6177  6.3770  6.2596
  66  0.598897  3.6919  4.6566 -0.7204  9.0676  7.2700  6.5628  6.3279  6.2148
  67  0.603202  3.6950  4.6528 -0.7014  8.9480  7.1994  6.5090  6.2797  6.1705
  68  0.607453  3.6979  4.6490 -0.6826  8.8336  7.1308  6.4562  6.2322  6.1270
  69  0.611648  3.7008  4.6450 -0.6641  8.7298  7.0645  6.4042  6.1854  6.0840
  70  0.615785  3.7037  4.6410 -0.6457  8.6354  7.0004  6.3528  6.1390  6.0416
  71  0.619858  3.7064  4.6369 -0.6277  8.5455  6.9382  6.3025  6.0936  5.9998
  72  0.623878  3.7092  4.6327 -0.6098  8.4594  6.8776  6.2531  6.0488  5.9587
  73  0.627830  3.7118  4.6284 -0.5922  8.3760  6.8186  6.2047  6.0049  5.9184
  74  0.631724  3.7144  4.6241 -0.5749  8.2949  6.7610  6.1573  5.9617  5.8786
  75  0.635561  3.7169  4.6196 -0.5578  8.2142  6.7048  6.1108  5.9195  5.8396
  76  0.639331  3.7192  4.6151 -0.5409  8.1307  6.6495  6.0655  5.8780  5.8013
  77  0.643048  3.7216  4.6104 -0.5242  8.0489  6.5956  6.0212  5.8373  5.7635
  78  0.646697  3.7240  4.6057 -0.5078  7.9688  6.5428  5.9777  5.7974  5.7264
  79  0.650291  3.7262  4.6009 -0.4916  7.8906  6.4913  5.9351  5.7582  5.6898
  80  0.653819  3.7283  4.5960 -0.4757  7.8141  6.4408  5.8934  5.7197  5.6541
  81  0.657288  3.7305  4.5911 -0.4599  7.7395  6.3915  5.8524  5.6819  5.6188
  82  0.661885  3.7334  4.5843 -0.4389  7.6424  6.3263  5.7981  5.6319  5.5719
  83  0.666423  3.7360  4.5773 -0.4181  7.5495  6.2623  5.7447  5.5825  5.5258
  84  0.670898  3.7387  4.5699 -0.3975  7.4591  6.1993  5.6920  5.5337  5.4800
  85  0.675301  3.7412  4.5625 -0.3770  7.3714  6.1374  5.6400  5.4857  5.4348
  86  0.679635  3.7436  4.5548 -0.3568  7.2865  6.0766  5.5888  5.4381  5.3901
  87  0.683895  3.7460  4.5468 -0.3367  7.2043  6.0170  5.5382  5.3911  5.3457
  88  0.688083  3.7483  4.5386 -0.3167  7.1244  5.9582  5.4881  5.3445  5.3017
  89  0.692202  3.7504  4.5302 -0.2970  7.0471  5.9004  5.4387  5.2983  5.2579
  90  0.696250  3.7525  4.5215 -0.2774  6.9723  5.8435  5.3896  5.2524  5.2143
  91  0.700233  3.7545  4.5125 -0.2578  6.8993  5.7873  5.3411  5.2068  5.1709
  92  0.704143  3.7565  4.5031 -0.2385  6.8282  5.7319  5.2928  5.1615  5.1277
  93  0.707983  3.7583  4.4936 -0.2191  6.7589  5.6772  5.2451  5.1165  5.0847
  94  0.711749  3.7600  4.4837 -0.2000  6.6913  5.6233  5.1977  5.0717  5.0418
  95  0.715436  3.7617  4.4735 -0.1809  6.6251  5.5699  5.1506  5.0272  4.9990
  96  0.719044  3.7633  4.4632 -0.1620  6.5604  5.5172  5.1040  4.9829  4.9565
  97  0.722572  3.7648  4.4526 -0.1431  6.4968  5.4654  5.0579  4.9390  4.9141
  98  0.726015  3.7663  4.4418 -0.1245  6.4342  5.4140  5.0122  4.8955  4.8720
  99  0.729371  3.7676  4.4307 -0.1059  6.3731  5.3634  4.9668  4.8521  4.8300
 100  0.732637  3.7689  4.4196 -0.0876  6.3133  5.3133  4.9220  4.8091  4.7883
 101  0.735815  3.7702  4.4083 -0.0693  6.2548  5.2639  4.8774  4.7666  4.7470
 102  0.738905  3.7714  4.3968 -0.0512  6.1980  5.2154  4.8333  4.7242  4.7057
 103  0.741906  3.7725  4.3853 -0.0334  6.1424  5.1673  4.7898  4.6823  4.6649
 104  0.744820  3.7736  4.3737 -0.0158  6.0881  5.1200  4.7466  4.6407  4.6244
 105  0.747650  3.7747  4.3620  0.0016  6.0351  5.0734  4.7040  4.5997  4.5844
 106  0.750404  3.7757  4.3503  0.0189  5.9834  5.0276  4.6618  4.5590  4.5447
 107  0.753081  3.7766  4.3385  0.0358  5.9330  4.9824  4.6201  4.5188  4.5053
 108  0.755695  3.7774  4.3266  0.0526  5.8839  4.9378  4.5790  4.4788  4.4663
 109  0.758253  3.7782  4.3147  0.0691  5.8359  4.8940  4.5382  4.4394  4.4275
 110  0.760771  3.7789  4.3026  0.0856  5.7892  4.8507  4.4978  4.4001  4.3890
 111  0.763135  3.7797  4.2911  0.1017  5.7432  4.8080  4.4580  4.3616  4.3513
 112  0.763920  3.7800  4.2872  0.1072  5.7272  4.7932  4.4444  4.3485  4.3386
 113  0.764705  3.7803  4.2834  0.1128  5.7112  4.7782  4.4307  4.3353  4.3256
 114  0.765489  3.7807  4.2795  0.1184  5.6951  4.7633  4.4169  4.3221  4.3127
 115  0.766272  3.7809  4.2755  0.1240  5.6791  4.7483  4.4030  4.3087  4.2995
 116  0.767054  3.7812  4.2713  0.1297  5.6631  4.7333  4.3890  4.2950  4.2862
 117  0.767832  3.7814  4.2669  0.1354  5.6473  4.7182  4.3748  4.2811  4.2726
 118  0.768608  3.7816  4.2623  0.1412  5.6315  4.7030  4.3604  4.2671  4.2588
 119  0.769380  3.7818  4.2576  0.1471  5.6158  4.6878  4.3458  4.2529  4.2447
 120  0.770149  3.7820  4.2528  0.1530  5.5999  4.6724  4.3311  4.2385  4.2305
 121  0.770914  3.7821  4.2478  0.1589  5.5841  4.6570  4.3163  4.2240  4.2161
 122  0.771678  3.7822  4.2428  0.1649  5.5683  4.6415  4.3014  4.2093  4.2016
 123  0.772439  3.7824  4.2377  0.1710  5.5524  4.6259  4.2864  4.1945  4.1869
 124  0.773193  3.7825  4.2324  0.1773  5.5363  4.6100  4.2711  4.1795  4.1718
 125  0.773947  3.7826  4.2272  0.1834  5.5202  4.5942  4.2557  4.1643  4.1569
 126  0.774700  3.7827  4.2217  0.1896  5.5042  4.5784  4.2403  4.1490  4.1417
 127  0.775450  3.7828  4.2162  0.1959  5.4882  4.5624  4.2247  4.1336  4.1264
 128  0.776199  3.7829  4.2106  0.2021  5.4721  4.5464  4.2091  4.1182  4.1110
 129  0.776944  3.7829  4.2049  0.2085  5.4559  4.5303  4.1934  4.1025  4.0954
 130  0.777687  3.7829  4.1991  0.2148  5.4399  4.5142  4.1774  4.0867  4.0795
 131  0.778426  3.7829  4.1931  0.2213  5.4240  4.4981  4.1614  4.0707  4.0635
 132  0.779162  3.7829  4.1869  0.2277  5.4082  4.4819  4.1453  4.0546  4.0474
 133  0.779893  3.7829  4.1806  0.2342  5.3924  4.4656  4.1291  4.0383  4.0310
 134  0.780619  3.7828  4.1741  0.2408  5.3766  4.4493  4.1126  4.0219  4.0144
 135  0.781342  3.7827  4.1675  0.2474  5.3608  4.4331  4.0961  4.0051  3.9976
 136  0.782059  3.7825  4.1607  0.2541  5.3452  4.4167  4.0795  3.9883  3.9806
 137  0.782770  3.7824  4.1537  0.2608  5.3297  4.4003  4.0627  3.9713  3.9634
 138  0.783476  3.7822  4.1464  0.2676  5.3143  4.3840  4.0457  3.9541  3.9459
 139  0.784176  3.7819  4.1390  0.2744  5.2991  4.3677  4.0287  3.9367  3.9282
 140  0.784870  3.7816  4.1313  0.2812  5.2841  4.3513  4.0116  3.9192  3.9104
 141  0.785557  3.7813  4.1235  0.2881  5.2692  4.3350  3.9942  3.9013  3.8921
 142  0.786238  3.7808  4.1153  0.2950  5.2548  4.3188  3.9768  3.8833  3.8737
 143  0.786910  3.7804  4.1069  0.3019  5.2405  4.3025  3.9593  3.8652  3.8550
 144  0.787576  3.7799  4.0981  0.3090  5.2265  4.2864  3.9416  3.8467  3.8360
 145  0.788235  3.7793  4.0891  0.3161  5.2129  4.2703  3.9239  3.8282  3.8168
 146  0.788886  3.7787  4.0800  0.3231  5.1997  4.2544  3.9059  3.8094  3.7973
 147  0.789527  3.7779  4.0703  0.3302  5.1875  4.2386  3.8878  3.7902  3.7774
 148  0.790162  3.7771  4.0602  0.3374  5.1762  4.2230  3.8696  3.7709  3.7572
 149  0.790788  3.7762  4.0498  0.3445  5.1656  4.2077  3.8512  3.7512  3.7366
 150  0.791406  3.7752  4.0387  0.3517  5.1563  4.1926  3.8328  3.7312  3.7156
 151  0.792015  3.7740  4.0272  0.3589  5.1481  4.1779  3.8142  3.7110  3.6941
 152  0.792617  3.7728  4.0156  0.3661  5.1401  4.1633  3.7956  3.6907  3.6726
 153  0.793210  3.7717  4.0041  0.3734  5.1321  4.1485  3.7768  3.6703  3.6510
 154  0.793797  3.7705  3.9923  0.3806  5.1245  4.1339  3.7581  3.6499  3.6293
 155  0.794375  3.7692  3.9802  0.3879  5.1178  4.1195  3.7393  3.6292  3.6074
 156  0.794946  3.7678  3.9677  0.3952  5.1122  4.1055  3.7205  3.6083  3.5851
 157  0.795510  3.7664  3.9548  0.4026  5.1075  4.0919  3.7016  3.5873  3.5625
 158  0.796066  3.7647  3.9414  0.4098  5.1045  4.0788  3.6827  3.5661  3.5397
 159  0.796616  3.7628  3.9268  0.4170  5.1045  4.0670  3.6643  3.5448  3.5162
 160  0.797155  3.7605  3.9109  0.4241  5.1083  4.0572  3.6463  3.5233  3.4922
 161  0.797683  3.7580  3.8942  0.4312  5.1140  4.0481  3.6285  3.5018  3.4680
 162  0.798178  3.7553  3.8770  0.4377  5.1249  4.0418  3.6123  3.4814  3.4445
 163  0.798669  3.7524  3.8584  0.4447  5.1375  4.0354  3.5953  3.4598  3.4196
 164  0.799155  3.7492  3.8386  0.4521  5.1521  4.0289  3.5773  3.4369  3.3930
 165  0.799632  3.7459  3.8172  0.4604  5.1688  4.0215  3.5576  3.4120  3.3643
 166  0.800096  3.7425  3.7947  0.4698  5.1843  4.0118  3.5355  3.3847  3.3330
 167  0.800540  3.7393  3.7713  0.4805  5.1962  3.9987  3.5102  3.3545  3.2989
 168  0.800960  3.7363  3.7477  0.4926  5.2023  3.9812  3.4818  3.3213  3.2624
 169  0.801353  3.7337  3.7242  0.5059  5.2016  3.9595  3.4503  3.2858  3.2236
 170  0.801722  3.7315  3.7012  0.5202  5.1948  3.9339  3.4163  3.2481  3.1833
 171  0.802068  3.7296  3.6788  0.5353  5.1820  3.9050  3.3802  3.2090  3.1419
 172  0.802397  3.7280  3.6570  0.5509  5.1644  3.8736  3.3427  3.1689  3.0997
 173  0.802710  3.7267  3.6356  0.5670  5.1427  3.8401  3.3041  3.1280  3.0572
 174  0.803012  3.7255  3.6149  0.5833  5.1174  3.8050  3.2646  3.0866  3.0144
 175  0.803303  3.7245  3.5944  0.5998  5.0896  3.7687  3.2245  3.0449  2.9712
 176  0.803586  3.7237  3.5746  0.6165  5.0590  3.7311  3.1837  3.0027  2.9280
 177  0.803863  3.7229  3.5548  0.6333  5.0272  3.6930  3.1428  2.9605  2.8847
 178  0.804135  3.7223  3.5353  0.6502  4.9938  3.6540  3.1015  2.9180  2.8413
 179  0.804402  3.7216  3.5160  0.6672  4.9591  3.6146  3.0599  2.8755  2.7979
 180  0.804665  3.7210  3.4969  0.6842  4.9235  3.5749  3.0182  2.8327  2.7545
 181  0.804925  3.7205  3.4777  0.7013  4.8877  3.5350  2.9763  2.7900  2.7110
 182  0.805146  3.7200  3.4612  0.7161  4.8565  3.5004  2.9402  2.7532  2.6735
 183  0.805367  3.7196  3.4448  0.7310  4.8246  3.4654  2.9038  2.7160  2.6358
 184  0.805588  3.7192  3.4284  0.7459  4.7918  3.4299  2.8670  2.6785  2.5978
 185  0.805808  3.7188  3.4119  0.7610  4.7586  3.3941  2.8300  2.6409  2.5595
 186  0.806030  3.7184  3.3952  0.7762  4.7251  3.3581  2.7927  2.6030  2.5211
 187  0.806249  3.7180  3.3785  0.7915  4.6911  3.3216  2.7550  2.5647  2.4823
 188  0.806469  3.7177  3.3616  0.8072  4.6562  3.2844  2.7167  2.5258  2.4428
 189  0.806687  3.7173  3.3445  0.8229  4.6209  3.2467  2.6780  2.4865  2.4030
 190  0.806905  3.7170  3.3272  0.8389  4.5848  3.2084  2.6387  2.4465  2.3626
 191  0.807122  3.7166  3.3096  0.8551  4.5485  3.1697  2.5986  2.4060  2.3215
 192  0.807337  3.7163  3.2918  0.8717  4.5110  3.1301  2.5580  2.3647  2.2796
 193  0.807548  3.7159  3.2728  0.8893  4.4706  3.0880  2.5149  2.3210  2.2354
 194  0.807752  3.7155  3.2527  0.9080  4.4275  3.0431  2.4688  2.2743  2.1882
 195  0.807953  3.7151  3.2316  0.9275  4.3832  2.9966  2.4211  2.2259  2.1390
 196  0.808147  3.7146  3.2092  0.9479  4.3374  2.9481  2.3712  2.1750  2.0874
 197  0.808337  3.7141  3.1863  0.9689  4.2901  2.8982  2.3196  2.1227  2.0343
 198  0.808522  3.7135  3.1627  0.9906  4.2412  2.8466  2.2665  2.0686  1.9795
 199  0.808703  3.7130  3.1384  1.0129  4.1913  2.7937  2.2119  2.0131  1.9232
 200  0.808879  3.7124  3.1133  1.0357  4.1404  2.7396  2.1559  1.9562  1.8654
 201  0.809051  3.7118  3.0876  1.0592  4.0888  2.6844  2.0987  1.8979  1.8062
 202  0.809217  3.7112  3.0611  1.0831  4.0364  2.6280  2.0401  1.8381  1.7454
 203  0.809380  3.7105  3.0341  1.1075  3.9831  2.5705  1.9804  1.7773  1.6835
 204  0.809535  3.7098  3.0063  1.1326  3.9290  2.5120  1.9192  1.7149  1.6201
 205  0.809687  3.7090  2.9778  1.1581  3.8751  2.4527  1.8571  1.6513  1.5553
 206  0.809834  3.7083  2.9486  1.1840  3.8210  2.3928  1.7940  1.5867  1.4895
 207  0.809974  3.7074  2.9187  1.2104  3.7667  2.3321  1.7299  1.5210  1.4224
 208  0.810111  3.7064  2.8884  1.2371  3.7121  2.2707  1.6650  1.4543  1.3543
 209  0.810242  3.7054  2.8573  1.2642  3.6575  2.2087  1.5991  1.3866  1.2852
 210  0.810367  3.7044  2.8258  1.2917  3.6029  2.1462  1.5325  1.3181  1.2151
 211  0.810488  3.7033  2.7937  1.3196  3.5482  2.0830  1.4651  1.2488  1.1442
 212  0.810604  3.7022  2.7610  1.3478  3.4946  2.0197  1.3972  1.1786  1.0724
 213  0.810715  3.7008  2.7271  1.3762  3.4441  1.9571  1.3291  1.1079  0.9997
 214  0.810819  3.6999  2.6950  1.4049  3.3853  1.8906  1.2591  1.0363  0.9266
 215  0.810920  3.6987  2.6612  1.4340  3.3334  1.8258  1.1891  0.9640  0.8527
 216  0.811017  3.6975  2.6271  1.4632  3.2835  1.7608  1.1187  0.8912  0.7781
 217  0.811032  3.6972  2.6215  1.4680  3.2755  1.7502  1.1072  0.8793  0.7660
 218  0.811047  3.6970  2.6159  1.4727  3.2673  1.7396  1.0957  0.8674  0.7538
 219  0.811062  3.6968  2.6103  1.4775  3.2594  1.7290  1.0842  0.8555  0.7416
 220  0.811077  3.6966  2.6047  1.4823  3.2513  1.7182  1.0726  0.8435  0.7293
 221  0.811092  3.6964  2.5990  1.4871  3.2433  1.7076  1.0610  0.8315  0.7170
 222  0.811107  3.6962  2.5933  1.4920  3.2352  1.6968  1.0492  0.8194  0.7046
 223  0.811122  3.6960  2.5876  1.4969  3.2271  1.6861  1.0374  0.8072  0.6922
 224  0.811136  3.6958  2.5818  1.5018  3.2191  1.6752  1.0256  0.7950  0.6797
 225  0.811151  3.6956  2.5760  1.5067  3.2110  1.6644  1.0138  0.7828  0.6671
 226  0.811165  3.6953  2.5703  1.5116  3.2029  1.6534  1.0019  0.7704  0.6545
 227  0.811302  3.6931  2.5130  1.5603  3.1250  1.5464  0.8850  0.6493  0.5303
 228  0.811420  3.6909  2.4577  1.6067  3.0559  1.4460  0.7742  0.5341  0.4120
 229  0.811532  3.6885  2.4003  1.6543  2.9886  1.3439  0.6607  0.4157  0.2902
 230  0.811634  3.6861  2.3451  1.7000  2.9268  1.2468  0.5521  0.3022  0.1733
 231  0.811724  3.6839  2.2944  1.7420  2.8719  1.1585  0.4528  0.1983  0.0662
 232  0.811809  3.6819  2.2497  1.7789  2.8242  1.0810  0.3654  0.1068 -0.0282
 233  0.811890  3.6810  2.2264  1.7986  2.7945  1.0385  0.3183  0.0579 -0.0784
 234  0.811971  3.6825  2.2521  1.7790  2.8099  1.0759  0.3633  0.1060 -0.0281
 235  0.812062  3.6807  2.2069  1.8168  2.7560  0.9954  0.2734  0.0122 -0.1247
 236  0.812144  3.6776  2.1402  1.8713  2.6866  0.8833  0.1461 -0.1218 -0.2634
 237  0.812218  3.6746  2.0757  1.9240  2.6211  0.7759  0.0237 -0.2508 -0.3971
 238  0.812282  3.6718  2.0129  1.9751  2.5597  0.6726 -0.0946 -0.3757 -0.5267
 239  0.812339  3.6688  1.9527  2.0238  2.5061  0.5762 -0.2063 -0.4940 -0.6498
 240  0.812392  3.6659  1.8924  2.0722  2.4565  0.4817 -0.3168 -0.6114 -0.7721
 241  0.812439  3.6629  1.8323  2.1203  2.4108  0.3890 -0.4258 -0.7275 -0.8933
 242  0.812481  3.6599  1.7735  2.1674  2.3701  0.2995 -0.5319 -0.8407 -1.0116
 243  0.812518  3.6570  1.7159  2.2132  2.3339  0.2136 -0.6346 -0.9506 -1.1266
 244  0.812552  3.6541  1.6596  2.2582  2.3010  0.1306 -0.7343 -1.0577 -1.2388
 245  0.812583  3.6512  1.6043  2.3020  2.2724  0.0509 -0.8310 -1.1617 -1.3481
 246  0.812611  3.6484  1.5503  2.3446  2.2473 -0.0256 -0.9244 -1.2625 -1.4541
 247  0.812636  3.6456  1.4969  2.3867  2.2258 -0.0996 -1.0158 -1.3617 -1.5586
 248  0.812658  3.6426  1.4442  2.4277  2.2104 -0.1695 -1.1041 -1.4577 -1.6601
 249  0.812679  3.6397  1.3927  2.4676  2.1991 -0.2362 -1.1893 -1.5509 -1.7587
 250  0.812698  3.6368  1.3414  2.5072  2.1910 -0.3008 -1.2731 -1.6429 -1.8562
 251  0.812716  3.6340  1.2918  2.5454  2.1862 -0.3617 -1.3531 -1.7311 -1.9500
 252  0.812732  3.6311  1.2424  2.5832  2.1845 -0.4205 -1.4316 -1.8181 -2.0427
 253  0.812747  3.6283  1.1943  2.6201  2.1856 -0.4764 -1.5070 -1.9023 -2.1327
 254  0.812760  3.6256  1.1476  2.6558  2.1894 -0.5291 -1.5794 -1.9834 -2.2196
 255  0.812772  3.6228  1.1012  2.6911  2.1961 -0.5798 -1.6503 -2.0632 -2.3052
 256  0.812784  3.6201  1.0561  2.7255  2.2054 -0.6275 -1.7187 -2.1403 -2.3881
 257  0.812794  3.6174  1.0117  2.7592  2.2168 -0.6732 -1.7850 -2.2156 -2.4695
 258  0.812804  3.6147  0.9679  2.7924  2.2318 -0.7157 -1.8487 -2.2886 -2.5486
 259  0.812813  3.6121  0.9250  2.8246  2.2484 -0.7560 -1.9099 -2.3595 -2.6259
 260  0.812822  3.6095  0.8831  2.8561  2.2663 -0.7940 -1.9688 -2.4282 -2.7011
 261  0.812830  3.6069  0.8418  2.8870  2.2855 -0.8300 -2.0257 -2.4952 -2.7747
 262  0.812837  3.6044  0.8015  2.9172  2.3047 -0.8643 -2.0805 -2.5602 -2.8464
 263  0.812844  3.6019  0.7623  2.9468  2.3248 -0.8967 -2.1335 -2.6233 -2.9162
 264  0.812851  3.5995  0.7237  2.9756  2.3463 -0.9273 -2.1853 -2.6848 -2.9844
 265  0.812857  3.5971  0.6858  3.0040  2.3682 -0.9561 -2.2350 -2.7448 -3.0514
 266  0.812862  3.5947  0.6485  3.0318  2.3906 -0.9831 -2.2827 -2.8032 -3.1169
 267  0.812867  3.5924  0.6124  3.0588  2.4128 -1.0083 -2.3279 -2.8595 -3.1805
 268  0.812873  3.5902  0.5766  3.0856  2.4356 -1.0316 -2.3712 -2.9145 -3.2432
 269  0.812877  3.5880  0.5419  3.1115  2.4565 -1.0541 -2.4124 -2.9679 -3.3043
 270  0.812882  3.5858  0.5079  3.1367  2.4789 -1.0738 -2.4505 -3.0189 -3.3636
 271  0.812886  3.5836  0.4743  3.1617  2.5045 -1.0902 -2.4861 -3.0687 -3.4222
 272  0.812890  3.5815  0.4416  3.1859  2.5288 -1.1051 -2.5192 -3.1167 -3.4792
 273  0.812893  3.5792  0.4089  3.2097  2.5585 -1.1151 -2.5483 -3.1617 -3.5345
 274  0.812897  3.5772  0.3772  3.2329  2.5831 -1.1267 -2.5776 -3.2066 -3.5893
 275  0.812900  3.5752  0.3464  3.2557  2.6044 -1.1385 -2.6056 -3.2502 -3.6429
 276  0.812904  3.5732  0.3165  3.2778  2.6247 -1.1486 -2.6310 -3.2921 -3.6950
 277  0.812907  3.5713  0.2874  3.2993  2.6431 -1.1580 -2.6543 -3.3326 -3.7458
 278  0.812910  3.5695  0.2594  3.3199  2.6599 -1.1661 -2.6750 -3.3710 -3.7945
