#NUMBER OF AGES= 1
#----------------------------------------------------       
#MIX-LEN  Y      Z          Zeff        [Fe/H] [a/Fe]
# 1.9380  0.2488 2.3381E-03 1.7027E-03  -1.00   0.20 
#----------------------------------------------------       
#**PHOTOMETRIC SYSTEM**: SDSS (AB)                          
#----------------------------------------------------       
#AGE=14.500 EEPS=267
#EEP   M/Mo    LogTeff  LogG   LogL/Lo sdss_u  sdss_g  sdss_r  sdss_i  sdss_z
  13  0.107131  3.5211  5.3277 -2.8222 17.9806 14.5235 12.8815 11.8869 11.3298
  14  0.121056  3.5242  5.2654 -2.6939 17.5073 14.1380 12.5136 11.5541 11.0111
  15  0.137472  3.5279  5.2038 -2.5627 17.0232 13.7402 12.1347 11.2122 10.6846
  16  0.155131  3.5325  5.1548 -2.4428 16.5603 13.3610 11.7762 10.8950 10.3867
  17  0.171591  3.5378  5.1224 -2.3451 16.1545 13.0319 11.4681 10.6306 10.1443
  18  0.185578  3.5425  5.0997 -2.2697 15.8365 12.7726 11.2269 10.4249  9.9575
  19  0.198081  3.5463  5.0807 -2.2074 15.5820 12.5619 11.0310 10.2559  9.8032
  20  0.210070  3.5494  5.0631 -2.1519 15.3647 12.3793 10.8608 10.1068  9.6660
  21  0.221958  3.5522  5.0470 -2.1008 15.1679 12.2124 10.7051  9.9698  9.5396
  22  0.234378  3.5549  5.0319 -2.0511 14.9799 12.0516 10.5552  9.8373  9.4170
  23  0.247651  3.5575  5.0170 -2.0019 14.7962 11.8932 10.4075  9.7060  9.2956
  24  0.264537  3.5605  5.0006 -1.9447 14.5870 11.7112 10.2377  9.5542  9.1548
  25  0.283529  3.5636  4.9840 -1.8858 14.3760 11.5255 10.0646  9.3986  9.0101
  26  0.298872  3.5659  4.9715 -1.8409 14.2156 11.3839  9.9328  9.2800  8.8998
  27  0.308565  3.5674  4.9641 -1.8139 14.1188 11.2982  9.8532  9.2084  8.8332
  28  0.315248  3.5683  4.9594 -1.7960 14.0550 11.2417  9.8007  9.1611  8.7893
  29  0.319924  3.5690  4.9560 -1.7833 14.0099 11.2017  9.7638  9.1277  8.7584
  30  0.323413  3.5696  4.9531 -1.7736 13.9748 11.1706  9.7351  9.1020  8.7345
  31  0.326420  3.5701  4.9506 -1.7650 13.9433 11.1430  9.7096  9.0792  8.7134
  32  0.329304  3.5706  4.9479 -1.7565 13.9128 11.1160  9.6848  9.0568  8.6928
  33  0.332464  3.5711  4.9450 -1.7473 13.8795 11.0866  9.6577  9.0325  8.6703
  34  0.336072  3.5717  4.9415 -1.7367 13.8419 11.0533  9.6269  9.0048  8.6446
  35  0.340402  3.5724  4.9372 -1.7242 13.7972 11.0136  9.5902  8.9717  8.6137
  36  0.345346  3.5732  4.9320 -1.7095 13.7453 10.9674  9.5475  8.9330  8.5777
  37  0.351573  3.5742  4.9250 -1.6906 13.6784 10.9081  9.4929  8.8835  8.5316
  38  0.376219  3.5792  4.8979 -1.6144 13.3978 10.6608  9.2674  8.6820  8.3461
  39  0.404396  3.5863  4.8637 -1.5204 13.0339 10.3451  8.9857  8.4329  8.1183
  40  0.418761  3.5902  4.8443 -1.4699 12.8363 10.1744  8.8352  8.2995  7.9960
  41  0.431053  3.5941  4.8271 -1.4250 12.6577 10.0204  8.7011  8.1808  7.8874
  42  0.442362  3.5979  4.8110 -1.3824 12.4859  9.8725  8.5738  8.0684  7.7846
  43  0.453688  3.6020  4.7951 -1.3390 12.3077  9.7196  8.4437  7.9539  7.6801
  44  0.464865  3.6065  4.7796 -1.2949 12.1244  9.5615  8.3115  7.8376  7.5739
  45  0.475391  3.6111  4.7652 -1.2523 11.9451  9.4068  8.1837  7.7257  7.4718
  46  0.484823  3.6156  4.7528 -1.2135 11.7785  9.2630  8.0669  7.6236  7.3789
  47  0.493479  3.6200  4.7419 -1.1775 11.6216  9.1277  7.9584  7.5292  7.2931
  48  0.501618  3.6243  4.7324 -1.1435 11.4714  8.9976  7.8553  7.4400  7.2125
  49  0.509340  3.6287  4.7240 -1.1108 11.3249  8.8693  7.7547  7.3541  7.1355
  50  0.516798  3.6334  4.7165 -1.0786 11.1759  8.7403  7.6548  7.2694  7.0599
  51  0.524316  3.6382  4.7097 -1.0458 11.0173  8.6054  7.5518  7.1826  6.9828
  52  0.528811  3.6414  4.7058 -1.0259 10.9188  8.5234  7.4898  7.1303  6.9363
  53  0.533319  3.6445  4.7021 -1.0060 10.8161  8.4401  7.4273  7.0778  6.8897
  54  0.537841  3.6477  4.6986 -0.9859 10.7068  8.3553  7.3643  7.0246  6.8426
  55  0.542402  3.6510  4.6951 -0.9657 10.5941  8.2698  7.3010  6.9711  6.7950
  56  0.547018  3.6543  4.6916 -0.9452 10.4774  8.1833  7.2372  6.9170  6.7468
  57  0.551693  3.6576  4.6880 -0.9245 10.3575  8.0963  7.1731  6.8623  6.6980
  58  0.556361  3.6610  4.6846 -0.9038 10.2342  8.0088  7.1089  6.8075  6.6491
  59  0.561002  3.6645  4.6814 -0.8831 10.1088  7.9218  7.0452  6.7526  6.5999
  60  0.565626  3.6680  4.6782 -0.8625  9.9825  7.8361  6.9820  6.6979  6.5507
  61  0.570208  3.6715  4.6751 -0.8419  9.8552  7.7515  6.9197  6.6436  6.5017
  62  0.574747  3.6749  4.6720 -0.8216  9.7278  7.6685  6.8585  6.5899  6.4531
  63  0.579238  3.6783  4.6688 -0.8015  9.6006  7.5873  6.7985  6.5370  6.4052
  64  0.583677  3.6817  4.6656 -0.7816  9.4740  7.5082  6.7398  6.4851  6.3580
  65  0.588065  3.6849  4.6623 -0.7619  9.3439  7.4311  6.6826  6.4344  6.3119
  66  0.592401  3.6881  4.6588 -0.7425  9.2165  7.3562  6.6268  6.3848  6.2665
  67  0.596674  3.6912  4.6552 -0.7235  9.0928  7.2836  6.5722  6.3360  6.2219
  68  0.600898  3.6942  4.6514 -0.7047  8.9739  7.2134  6.5189  6.2882  6.1780
  69  0.605063  3.6971  4.6475 -0.6861  8.8597  7.1451  6.4665  6.2411  6.1348
  70  0.609171  3.7000  4.6436 -0.6677  8.7532  7.0790  6.4149  6.1947  6.0921
  71  0.613216  3.7028  4.6396 -0.6496  8.6588  7.0154  6.3640  6.1487  6.0500
  72  0.617206  3.7056  4.6354 -0.6316  8.5692  6.9535  6.3141  6.1036  6.0087
  73  0.621130  3.7082  4.6313 -0.6140  8.4831  6.8933  6.2650  6.0592  5.9679
  74  0.624996  3.7109  4.6270 -0.5966  8.4002  6.8346  6.2170  6.0157  5.9279
  75  0.628803  3.7134  4.6226 -0.5794  8.3199  6.7775  6.1699  5.9728  5.8885
  76  0.632546  3.7159  4.6182 -0.5624  8.2411  6.7216  6.1238  5.9309  5.8497
  77  0.636234  3.7183  4.6137 -0.5457  8.1595  6.6669  6.0788  5.8897  5.8117
  78  0.639856  3.7207  4.6090 -0.5292  8.0785  6.6134  6.0348  5.8493  5.7742
  79  0.643421  3.7229  4.6043 -0.5129  7.9991  6.5609  5.9916  5.8097  5.7374
  80  0.646922  3.7251  4.5996 -0.4969  7.9215  6.5098  5.9493  5.7708  5.7012
  81  0.650361  3.7273  4.5948 -0.4811  7.8456  6.4597  5.9079  5.7327  5.6657
  82  0.654951  3.7302  4.5880 -0.4600  7.7456  6.3934  5.8528  5.6817  5.6181
  83  0.659490  3.7329  4.5810 -0.4389  7.6482  6.3280  5.7983  5.6314  5.5710
  84  0.663966  3.7356  4.5738 -0.4180  7.5548  6.2637  5.7446  5.5818  5.5245
  85  0.668375  3.7382  4.5664 -0.3972  7.4641  6.2004  5.6916  5.5329  5.4785
  86  0.672714  3.7408  4.5588 -0.3767  7.3763  6.1384  5.6395  5.4844  5.4331
  87  0.676980  3.7432  4.5509 -0.3564  7.2913  6.0775  5.5880  5.4366  5.3880
  88  0.681169  3.7455  4.5429 -0.3362  7.2086  6.0176  5.5371  5.3894  5.3434
  89  0.685286  3.7478  4.5345 -0.3162  7.1286  5.9587  5.4870  5.3426  5.2993
  90  0.689325  3.7499  4.5259 -0.2964  7.0514  5.9007  5.4373  5.2963  5.2553
  91  0.693292  3.7520  4.5170 -0.2767  6.9763  5.8437  5.3881  5.2502  5.2116
  92  0.697186  3.7540  4.5078 -0.2572  6.9034  5.7875  5.3395  5.2044  5.1680
  93  0.701009  3.7559  4.4983 -0.2377  6.8322  5.7321  5.2911  5.1590  5.1245
  94  0.704757  3.7577  4.4886 -0.2184  6.7628  5.6773  5.2432  5.1138  5.0814
  95  0.708427  3.7595  4.4787 -0.1992  6.6951  5.6232  5.1957  5.0689  5.0383
  96  0.712017  3.7611  4.4683 -0.1801  6.6290  5.5698  5.1485  5.0242  4.9955
  97  0.715526  3.7627  4.4578 -0.1612  6.5646  5.5172  5.1018  4.9798  4.9527
  98  0.718954  3.7642  4.4470 -0.1423  6.5013  5.4652  5.0555  4.9357  4.9101
  99  0.722295  3.7656  4.4359 -0.1235  6.4390  5.4138  5.0097  4.8920  4.8678
 100  0.725551  3.7669  4.4247 -0.1050  6.3779  5.3632  4.9642  4.8486  4.8258
 101  0.728720  3.7682  4.4135 -0.0866  6.3182  5.3132  4.9193  4.8054  4.7839
 102  0.731803  3.7694  4.4018 -0.0684  6.2602  5.2639  4.8746  4.7626  4.7422
 103  0.734799  3.7706  4.3901 -0.0503  6.2035  5.2152  4.8304  4.7200  4.7009
 104  0.737712  3.7716  4.3784 -0.0324  6.1480  5.1672  4.7866  4.6780  4.6597
 105  0.740543  3.7727  4.3664 -0.0147  6.0938  5.1199  4.7434  4.6361  4.6190
 106  0.743299  3.7737  4.3544  0.0028  6.0409  5.0732  4.7005  4.5948  4.5785
 107  0.745982  3.7746  4.3424  0.0201  5.9893  5.0273  4.6581  4.5538  4.5385
 108  0.748602  3.7755  4.3302  0.0371  5.9390  4.9820  4.6162  4.5132  4.4986
 109  0.751166  3.7763  4.3181  0.0540  5.8898  4.9374  4.5747  4.4731  4.4592
 110  0.753690  3.7770  4.3058  0.0707  5.8418  4.8935  4.5337  4.4331  4.4201
 111  0.756059  3.7778  4.2939  0.0871  5.7942  4.8500  4.4933  4.3941  4.3817
 112  0.756834  3.7781  4.2901  0.0926  5.7778  4.8352  4.4797  4.3808  4.3689
 113  0.757609  3.7784  4.2862  0.0982  5.7612  4.8202  4.4660  4.3676  4.3560
 114  0.758383  3.7788  4.2823  0.1039  5.7448  4.8052  4.4522  4.3543  4.3430
 115  0.759156  3.7790  4.2783  0.1096  5.7285  4.7902  4.4382  4.3408  4.3298
 116  0.759926  3.7793  4.2740  0.1153  5.7124  4.7751  4.4241  4.3272  4.3164
 117  0.760693  3.7795  4.2696  0.1210  5.6965  4.7599  4.4099  4.3134  4.3028
 118  0.761455  3.7797  4.2650  0.1268  5.6806  4.7447  4.3955  4.2993  4.2888
 119  0.762216  3.7799  4.2603  0.1327  5.6647  4.7295  4.3809  4.2850  4.2748
 120  0.762971  3.7801  4.2555  0.1386  5.6488  4.7141  4.3662  4.2706  4.2605
 121  0.763724  3.7802  4.2505  0.1446  5.6329  4.6986  4.3514  4.2560  4.2461
 122  0.764474  3.7803  4.2454  0.1506  5.6168  4.6830  4.3363  4.2412  4.2315
 123  0.765220  3.7805  4.2402  0.1567  5.6009  4.6674  4.3213  4.2264  4.2167
 124  0.765960  3.7806  4.2350  0.1629  5.5847  4.6516  4.3060  4.2113  4.2018
 125  0.766700  3.7807  4.2297  0.1690  5.5685  4.6357  4.2906  4.1962  4.1867
 126  0.767438  3.7808  4.2243  0.1753  5.5525  4.6198  4.2751  4.1808  4.1715
 127  0.768172  3.7809  4.2187  0.1816  5.5364  4.6039  4.2596  4.1655  4.1562
 128  0.768905  3.7809  4.2131  0.1879  5.5202  4.5878  4.2439  4.1500  4.1408
 129  0.769635  3.7810  4.2074  0.1942  5.5041  4.5717  4.2282  4.1344  4.1251
 130  0.770362  3.7810  4.2015  0.2006  5.4880  4.5556  4.2122  4.1185  4.1093
 131  0.771085  3.7810  4.1955  0.2070  5.4721  4.5395  4.1962  4.1025  4.0933
 132  0.771803  3.7810  4.1894  0.2135  5.4562  4.5233  4.1801  4.0864  4.0772
 133  0.772518  3.7809  4.1830  0.2200  5.4405  4.5070  4.1639  4.0701  4.0607
 134  0.773227  3.7809  4.1765  0.2265  5.4247  4.4908  4.1474  4.0536  4.0441
 135  0.773932  3.7807  4.1699  0.2331  5.4089  4.4745  4.1309  4.0369  4.0274
 136  0.774632  3.7806  4.1630  0.2399  5.3933  4.4581  4.1143  4.0202  4.0104
 137  0.775325  3.7804  4.1560  0.2466  5.3779  4.4418  4.0975  4.0031  3.9931
 138  0.776013  3.7802  4.1488  0.2533  5.3625  4.4255  4.0806  3.9859  3.9757
 139  0.776696  3.7800  4.1414  0.2601  5.3474  4.4091  4.0636  3.9686  3.9581
 140  0.777371  3.7797  4.1338  0.2669  5.3324  4.3927  4.0464  3.9510  3.9401
 141  0.778041  3.7793  4.1260  0.2738  5.3175  4.3764  4.0291  3.9332  3.9221
 142  0.778703  3.7789  4.1177  0.2807  5.3031  4.3601  4.0117  3.9153  3.9036
 143  0.779358  3.7785  4.1094  0.2877  5.2888  4.3439  3.9941  3.8971  3.8850
 144  0.780006  3.7780  4.1008  0.2948  5.2752  4.3277  3.9764  3.8787  3.8661
 145  0.780646  3.7775  4.0919  0.3018  5.2620  4.3115  3.9585  3.8600  3.8468
 146  0.781278  3.7769  4.0828  0.3089  5.2491  4.2954  3.9405  3.8412  3.8273
 147  0.781902  3.7762  4.0731  0.3160  5.2372  4.2795  3.9224  3.8221  3.8074
 148  0.782518  3.7754  4.0631  0.3231  5.2259  4.2639  3.9041  3.8027  3.7873
 149  0.783126  3.7745  4.0528  0.3303  5.2153  4.2484  3.8858  3.7831  3.7668
 150  0.783726  3.7735  4.0420  0.3375  5.2059  4.2333  3.8672  3.7632  3.7458
 151  0.784317  3.7724  4.0307  0.3447  5.1975  4.2185  3.8487  3.7431  3.7246
 152  0.784900  3.7713  4.0192  0.3519  5.1892  4.2036  3.8301  3.7228  3.7032
 153  0.785475  3.7701  4.0078  0.3592  5.1811  4.1888  3.8114  3.7026  3.6817
 154  0.786042  3.7690  3.9961  0.3665  5.1735  4.1741  3.7926  3.6821  3.6601
 155  0.786602  3.7677  3.9841  0.3738  5.1667  4.1596  3.7738  3.6615  3.6381
 156  0.787154  3.7664  3.9716  0.3812  5.1611  4.1456  3.7549  3.6406  3.6159
 157  0.787698  3.7649  3.9588  0.3885  5.1563  4.1318  3.7360  3.6197  3.5934
 158  0.788235  3.7633  3.9456  0.3958  5.1529  4.1186  3.7174  3.5986  3.5706
 159  0.788762  3.7614  3.9310  0.4030  5.1525  4.1069  3.6989  3.5774  3.5473
 160  0.789279  3.7592  3.9151  0.4101  5.1560  4.0968  3.6809  3.5559  3.5234
 161  0.789783  3.7568  3.8987  0.4173  5.1614  4.0875  3.6631  3.5344  3.4992
 162  0.790266  3.7540  3.8813  0.4240  5.1720  4.0807  3.6464  3.5136  3.4753
 163  0.790745  3.7512  3.8624  0.4313  5.1841  4.0735  3.6287  3.4912  3.4497
 164  0.791217  3.7480  3.8423  0.4392  5.1982  4.0660  3.6098  3.4676  3.4224
 165  0.791681  3.7447  3.8207  0.4479  5.2139  4.0576  3.5892  3.4418  3.3927
 166  0.792130  3.7414  3.7980  0.4578  5.2279  4.0465  3.5659  3.4135  3.3605
 167  0.792560  3.7382  3.7745  0.4689  5.2381  4.0319  3.5396  3.3822  3.3255
 168  0.792966  3.7354  3.7507  0.4815  5.2423  4.0131  3.5101  3.3481  3.2880
 169  0.793348  3.7329  3.7271  0.4953  5.2398  3.9901  3.4775  3.3116  3.2484
 170  0.793707  3.7307  3.7040  0.5099  5.2316  3.9634  3.4426  3.2731  3.2074
 171  0.794045  3.7289  3.6814  0.5253  5.2175  3.9334  3.4057  3.2333  3.1653
 172  0.794366  3.7273  3.6594  0.5413  5.1984  3.9010  3.3673  3.1924  3.1224
 173  0.794673  3.7260  3.6379  0.5577  5.1755  3.8665  3.3279  3.1507  3.0791
 174  0.794969  3.7249  3.6170  0.5743  5.1490  3.8304  3.2876  3.1086  3.0354
 175  0.795255  3.7239  3.5963  0.5912  5.1201  3.7932  3.2467  3.0660  2.9916
 176  0.795534  3.7231  3.5762  0.6082  5.0883  3.7547  3.2051  3.0231  2.9477
 177  0.795807  3.7224  3.5561  0.6254  5.0553  3.7157  3.1633  2.9801  2.9036
 178  0.796075  3.7217  3.5364  0.6426  5.0208  3.6759  3.1212  2.9368  2.8595
 179  0.796338  3.7211  3.5169  0.6599  4.9851  3.6356  3.0787  2.8934  2.8153
 180  0.796598  3.7205  3.4975  0.6772  4.9485  3.5950  3.0362  2.8499  2.7710
 181  0.796855  3.7200  3.4780  0.6947  4.9116  3.5541  2.9936  2.8065  2.7268
 182  0.797070  3.7195  3.4616  0.7094  4.8802  3.5196  2.9576  2.7697  2.6894
 183  0.797283  3.7191  3.4453  0.7242  4.8481  3.4845  2.9212  2.7326  2.6518
 184  0.797497  3.7187  3.4290  0.7392  4.8153  3.4491  2.8845  2.6953  2.6139
 185  0.797712  3.7184  3.4126  0.7542  4.7819  3.4133  2.8475  2.6577  2.5758
 186  0.797925  3.7180  3.3961  0.7693  4.7483  3.3774  2.8104  2.6200  2.5376
 187  0.798138  3.7176  3.3794  0.7846  4.7142  3.3409  2.7728  2.5818  2.4989
 188  0.798351  3.7173  3.3625  0.8002  4.6793  3.3037  2.7345  2.5430  2.4595
 189  0.798563  3.7169  3.3455  0.8159  4.6438  3.2662  2.6959  2.5038  2.4198
 190  0.798773  3.7166  3.3283  0.8319  4.6077  3.2279  2.6567  2.4639  2.3794
 191  0.798984  3.7162  3.3108  0.8481  4.5711  3.1891  2.6166  2.4234  2.3384
 192  0.799192  3.7159  3.2929  0.8648  4.5327  3.1491  2.5758  2.3819  2.2964
 193  0.799397  3.7155  3.2738  0.8825  4.4920  3.1067  2.5324  2.3379  2.2518
 194  0.799593  3.7152  3.2535  0.9014  4.4484  3.0615  2.4860  2.2909  2.2043
 195  0.799787  3.7147  3.2323  0.9210  4.4039  3.0147  2.4379  2.2421  2.1548
 196  0.799974  3.7142  3.2100  0.9415  4.3578  2.9660  2.3878  2.1910  2.1030
 197  0.800159  3.7137  3.1869  0.9626  4.3102  2.9158  2.3360  2.1385  2.0497
 198  0.800339  3.7132  3.1632  0.9843  4.2611  2.8641  2.2828  2.0843  1.9948
 199  0.800513  3.7127  3.1388  1.0067  4.2110  2.8110  2.2280  2.0287  1.9382
 200  0.800685  3.7121  3.1138  1.0296  4.1598  2.7566  2.1718  1.9715  1.8804
 201  0.800851  3.7115  3.0879  1.0530  4.1080  2.7013  2.1144  1.9131  1.8209
 202  0.801012  3.7109  3.0614  1.0771  4.0554  2.6447  2.0556  1.8531  1.7601
 203  0.801170  3.7102  3.0344  1.1016  4.0019  2.5870  1.9958  1.7921  1.6979
 204  0.801320  3.7096  3.0066  1.1268  3.9478  2.5282  1.9344  1.7295  1.6343
 205  0.801467  3.7088  2.9780  1.1523  3.8935  2.4688  1.8720  1.6658  1.5693
 206  0.801610  3.7080  2.9487  1.1783  3.8393  2.4087  1.8088  1.6009  1.5033
 207  0.801745  3.7071  2.9186  1.2047  3.7847  2.3478  1.7444  1.5349  1.4360
 208  0.801878  3.7061  2.8881  1.2316  3.7299  2.2861  1.6792  1.4680  1.3677
 209  0.802005  3.7051  2.8570  1.2589  3.6751  2.2238  1.6131  1.4001  1.2982
 210  0.802126  3.7041  2.8254  1.2865  3.6203  2.1610  1.5463  1.3313  1.2279
 211  0.802243  3.7030  2.7933  1.3145  3.5654  2.0976  1.4787  1.2617  1.1567
 212  0.802354  3.7019  2.7606  1.3428  3.5108  2.0337  1.4103  1.1913  1.0846
 213  0.802462  3.7005  2.7264  1.3713  3.4612  1.9714  1.3420  1.1203  1.0116
 214  0.802563  3.6996  2.6942  1.4001  3.4019  1.9044  1.2717  1.0483  0.9384
 215  0.802661  3.6984  2.6604  1.4293  3.3504  1.8393  1.2015  0.9758  0.8641
 216  0.802754  3.6972  2.6261  1.4586  3.3003  1.7740  1.1306  0.9026  0.7892
 217  0.802769  3.6970  2.6205  1.4634  3.2923  1.7635  1.1192  0.8907  0.7770
 218  0.802783  3.6968  2.6150  1.4682  3.2842  1.7528  1.1076  0.8788  0.7649
 219  0.802798  3.6965  2.6093  1.4730  3.2762  1.7421  1.0961  0.8669  0.7526
 220  0.802812  3.6963  2.6037  1.4778  3.2681  1.7315  1.0845  0.8549  0.7403
 221  0.802827  3.6961  2.5981  1.4826  3.2601  1.7208  1.0728  0.8429  0.7281
 222  0.802841  3.6959  2.5924  1.4874  3.2520  1.7101  1.0611  0.8308  0.7157
 223  0.802855  3.6957  2.5867  1.4923  3.2439  1.6993  1.0494  0.8187  0.7032
 224  0.802869  3.6955  2.5809  1.4972  3.2359  1.6883  1.0376  0.8064  0.6907
 225  0.802883  3.6953  2.5751  1.5021  3.2278  1.6775  1.0258  0.7941  0.6781
 226  0.802897  3.6951  2.5693  1.5071  3.2197  1.6666  1.0139  0.7818  0.6655
 227  0.803028  3.6929  2.5120  1.5557  3.1419  1.5596  0.8970  0.6608  0.5415
 228  0.803142  3.6906  2.4566  1.6021  3.0726  1.4590  0.7860  0.5454  0.4229
 229  0.803250  3.6882  2.3992  1.6499  3.0051  1.3567  0.6723  0.4268  0.3009
 230  0.803348  3.6858  2.3439  1.6957  2.9431  1.2595  0.5635  0.3132  0.1839
 231  0.803435  3.6836  2.2936  1.7373  2.8884  1.1717  0.4648  0.2100  0.0775
 232  0.803517  3.6817  2.2499  1.7735  2.8414  1.0957  0.3792  0.1204 -0.0149
 233  0.803595  3.6810  2.2288  1.7915  2.8129  1.0565  0.3362  0.0757 -0.0608
 234  0.803673  3.6825  2.2538  1.7727  2.8257  1.0918  0.3790  0.1218 -0.0124
 235  0.803762  3.6803  2.2016  1.8160  2.7674  1.0008  0.2769  0.0148 -0.1228
 236  0.803840  3.6772  2.1351  1.8704  2.6979  0.8890  0.1499 -0.1188 -0.2611
 237  0.803909  3.6743  2.0707  1.9228  2.6326  0.7820  0.0277 -0.2477 -0.3946
 238  0.803972  3.6714  2.0080  1.9739  2.5714  0.6788 -0.0905 -0.3724 -0.5240
 239  0.804026  3.6684  1.9479  2.0225  2.5181  0.5828 -0.2017 -0.4903 -0.6467
 240  0.804076  3.6655  1.8876  2.0710  2.4685  0.4881 -0.3123 -0.6078 -0.7691
 241  0.804121  3.6625  1.8276  2.1191  2.4233  0.3956 -0.4213 -0.7238 -0.8902
 242  0.804161  3.6595  1.7688  2.1661  2.3828  0.3062 -0.5272 -0.8369 -1.0084
 243  0.804196  3.6566  1.7112  2.2120  2.3467  0.2203 -0.6299 -0.9468 -1.1235
 244  0.804229  3.6537  1.6547  2.2569  2.3139  0.1373 -0.7296 -1.0539 -1.2357
 245  0.804258  3.6509  1.5995  2.3007  2.2854  0.0578 -0.8261 -1.1578 -1.3449
 246  0.804284  3.6480  1.5456  2.3434  2.2605 -0.0186 -0.9195 -1.2587 -1.4509
 247  0.804308  3.6452  1.4922  2.3855  2.2394 -0.0925 -1.0109 -1.3577 -1.5553
 248  0.804330  3.6423  1.4396  2.4264  2.2244 -0.1622 -1.0989 -1.4536 -1.6566
 249  0.804350  3.6393  1.3880  2.4663  2.2133 -0.2286 -1.1841 -1.5468 -1.7552
 250  0.804368  3.6365  1.3366  2.5060  2.2054 -0.2932 -1.2679 -1.6388 -1.8528
 251  0.804384  3.6336  1.2870  2.5441  2.2008 -0.3540 -1.3479 -1.7270 -1.9465
 252  0.804400  3.6308  1.2377  2.5821  2.1994 -0.4127 -1.4262 -1.8139 -2.0392
 253  0.804414  3.6279  1.1896  2.6189  2.2006 -0.4684 -1.5017 -1.8980 -2.1291
 254  0.804426  3.6252  1.1428  2.6546  2.2045 -0.5212 -1.5740 -1.9792 -2.2161
 255  0.804438  3.6224  1.0965  2.6899  2.2115 -0.5717 -1.6449 -2.0589 -2.3017
 256  0.804449  3.6197  1.0514  2.7242  2.2210 -0.6192 -1.7132 -2.1359 -2.3845
 257  0.804459  3.6171  1.0069  2.7580  2.2325 -0.6649 -1.7794 -2.2112 -2.4658
 258  0.804469  3.6144  0.9631  2.7911  2.2478 -0.7071 -1.8430 -2.2841 -2.5450
 259  0.804477  3.6117  0.9203  2.8234  2.2644 -0.7473 -1.9041 -2.3549 -2.6222
 260  0.804486  3.6091  0.8783  2.8549  2.2824 -0.7853 -1.9629 -2.4236 -2.6974
 261  0.804493  3.6065  0.8370  2.8858  2.3017 -0.8211 -2.0197 -2.4906 -2.7711
 262  0.804500  3.6040  0.7968  2.9160  2.3209 -0.8554 -2.0744 -2.5556 -2.8429
 263  0.804507  3.6015  0.7575  2.9456  2.3411 -0.8877 -2.1276 -2.6187 -2.9127
 264  0.804513  3.5991  0.7189  2.9744  2.3626 -0.9182 -2.1792 -2.6802 -2.9810
 265  0.804518  3.5967  0.6810  3.0028  2.3846 -0.9469 -2.2288 -2.7403 -3.0478
 266  0.804524  3.5944  0.6437  3.0307  2.4070 -0.9738 -2.2765 -2.7987 -3.1135
 267  0.804529  3.5921  0.6076  3.0576  2.4290 -0.9988 -2.3216 -2.8549 -3.1770
 268  0.804534  3.5898  0.5718  3.0844  2.4518 -1.0221 -2.3646 -2.9099 -3.2398
 269  0.804538  3.5876  0.5371  3.1104  2.4726 -1.0444 -2.4058 -2.9632 -3.3009
 270  0.804542  3.5854  0.5032  3.1357  2.4951 -1.0639 -2.4437 -3.0143 -3.3603
 271  0.804546  3.5833  0.4695  3.1606  2.5211 -1.0798 -2.4789 -3.0639 -3.4189
 272  0.804550  3.5811  0.4368  3.1849  2.5454 -1.0947 -2.5117 -3.1117 -3.4759
 273  0.804554  3.5789  0.4039  3.2086  2.5755 -1.1042 -2.5405 -3.1567 -3.5312
 274  0.804557  3.5769  0.3723  3.2319  2.5990 -1.1164 -2.5701 -3.2018 -3.5861
 275  0.804560  3.5748  0.3415  3.2546  2.6202 -1.1280 -2.5978 -3.2453 -3.6398
 276  0.804563  3.5729  0.3116  3.2767  2.6402 -1.1380 -2.6230 -3.2872 -3.6919
 277  0.804566  3.5710  0.2825  3.2983  2.6583 -1.1475 -2.6461 -3.3276 -3.7427
 278  0.804569  3.5692  0.2545  3.3191  2.6749 -1.1555 -2.6666 -3.3661 -3.7915
 279  0.804571  3.5675  0.2288  3.3381  2.6896 -1.1617 -2.6836 -3.4007 -3.8362
