#NUMBER OF AGES= 1
#----------------------------------------------------       
#MIX-LEN  Y      Z          Zeff        [Fe/H] [a/Fe]
# 1.9380  0.2488 2.3381E-03 1.7027E-03  -1.00   0.20 
#----------------------------------------------------       
#**PHOTOMETRIC SYSTEM**: SDSS (AB)                          
#----------------------------------------------------       
#AGE=15.000 EEPS=267
#EEP   M/Mo    LogTeff  LogG   LogL/Lo sdss_u  sdss_g  sdss_r  sdss_i  sdss_z
  13  0.105176  3.5206  5.3367 -2.8412 18.0520 14.5812 12.9365 11.9364 11.3772
  14  0.118817  3.5238  5.2747 -2.7133 17.5781 14.1960 12.5689 11.6043 11.0592
  15  0.134827  3.5273  5.2125 -2.5822 17.0956 13.7999 12.1915 11.2631 10.7330
  16  0.152195  3.5317  5.1614 -2.4610 16.6331 13.4205 11.8321 10.9437 10.4318
  17  0.168597  3.5369  5.1271 -2.3615 16.2236 13.0879 11.5203 10.6751 10.1848
  18  0.182623  3.5416  5.1036 -2.2843 15.8979 12.8228 11.2736 10.4646  9.9935
  19  0.195099  3.5455  5.0844 -2.2209 15.6363 12.6072 11.0732 10.2925  9.8365
  20  0.207021  3.5487  5.0666 -2.1647 15.4146 12.4214 10.9000 10.1412  9.6974
  21  0.218805  3.5515  5.0503 -2.1130 15.2149 12.2525 10.7424 10.0026  9.5698
  22  0.231063  3.5542  5.0350 -2.0632 15.0252 12.0905 10.5914  9.8693  9.4466
  23  0.244108  3.5568  5.0201 -2.0138 14.8407 11.9317 10.4433  9.7378  9.3249
  24  0.259850  3.5597  5.0042 -1.9592 14.6398 11.7573 10.2807  9.5927  9.1904
  25  0.279200  3.5629  4.9870 -1.8982 14.4203 11.5645 10.1009  9.4312  9.0404
  26  0.295997  3.5655  4.9733 -1.8487 14.2432 11.4082  9.9555  9.3003  8.9186
  27  0.306781  3.5671  4.9650 -1.8182 14.1344 11.3120  9.8661  9.2199  8.8440
  28  0.314045  3.5682  4.9599 -1.7988 14.0649 11.2504  9.8090  9.1684  8.7962
  29  0.319053  3.5689  4.9563 -1.7853 14.0169 11.2080  9.7696  9.1330  8.7632
  30  0.322693  3.5695  4.9534 -1.7752 13.9805 11.1758  9.7399  9.1063  8.7385
  31  0.325712  3.5700  4.9509 -1.7666 13.9490 11.1480  9.7143  9.0834  8.7174
  32  0.328516  3.5705  4.9483 -1.7583 13.9191 11.1217  9.6900  9.0616  8.6972
  33  0.331515  3.5710  4.9455 -1.7495 13.8872 11.0934  9.6640  9.0383  8.6757
  34  0.334890  3.5716  4.9422 -1.7396 13.8517 11.0620  9.6350  9.0122  8.6514
  35  0.338897  3.5722  4.9382 -1.7279 13.8101 11.0251  9.6008  8.9813  8.6228
  36  0.343418  3.5729  4.9335 -1.7144 13.7626 10.9828  9.5618  8.9460  8.5898
  37  0.348496  3.5738  4.9277 -1.6989 13.7079 10.9342  9.5169  8.9053  8.5519
  38  0.363600  3.5765  4.9114 -1.6535 13.5445 10.7896  9.3842  8.7857  8.4412
  39  0.393764  3.5836  4.8758 -1.5548 13.1682 10.4613  9.0887  8.5241  8.2017
  40  0.411940  3.5884  4.8525 -1.4927 12.9262 10.2518  8.9031  8.3596  8.0510
  41  0.424849  3.5922  4.8346 -1.4462 12.7428 10.0935  8.7646  8.2368  7.9385
  42  0.436194  3.5959  4.8183 -1.4039 12.5734  9.9477  8.6380  8.1250  7.8362
  43  0.447352  3.5998  4.8025 -1.3613 12.4007  9.7991  8.5109  8.0129  7.7338
  44  0.458437  3.6041  4.7870 -1.3182 12.2225  9.6460  8.3816  7.8992  7.6300
  45  0.469176  3.6086  4.7720 -1.2752 12.0430  9.4910  8.2527  7.7859  7.5266
  46  0.478885  3.6130  4.7588 -1.2354 11.8740  9.3452  8.1332  7.6813  7.4313
  47  0.487772  3.6173  4.7473 -1.1985 11.7146  9.2076  8.0220  7.5843  7.3431
  48  0.496082  3.6216  4.7370 -1.1637 11.5621  9.0760  7.9170  7.4932  7.2604
  49  0.504030  3.6260  4.7278 -1.1302 11.4140  8.9470  7.8150  7.4054  7.1811
  50  0.511519  3.6304  4.7198 -1.0981 11.2683  8.8197  7.7157  7.3208  7.1055
  51  0.518874  3.6350  4.7126 -1.0660 11.1172  8.6896  7.6156  7.2361  7.0300
  52  0.523364  3.6381  4.7085 -1.0461 11.0215  8.6084  7.5537  7.1839  6.9836
  53  0.527834  3.6412  4.7046 -1.0263 10.9232  8.5265  7.4917  7.1317  6.9373
  54  0.532294  3.6443  4.7010 -1.0064 10.8207  8.4433  7.4292  7.0791  6.8907
  55  0.536765  3.6475  4.6974 -0.9865 10.7125  8.3592  7.3667  7.0263  6.8438
  56  0.541266  3.6507  4.6939 -0.9664 10.6001  8.2738  7.3035  6.9730  6.7965
  57  0.545811  3.6540  4.6904 -0.9460 10.4846  8.1879  7.2402  6.9193  6.7486
  58  0.550405  3.6573  4.6868 -0.9255 10.3657  8.1016  7.1766  6.8650  6.7003
  59  0.554998  3.6607  4.6834 -0.9049 10.2438  8.0150  7.1129  6.8106  6.6517
  60  0.559578  3.6641  4.6801 -0.8844 10.1197  7.9287  7.0497  6.7562  6.6029
  61  0.564124  3.6676  4.6768 -0.8639  9.9948  7.8436  6.9870  6.7018  6.5540
  62  0.568628  3.6710  4.6736 -0.8436  9.8691  7.7598  6.9252  6.6481  6.5055
  63  0.573089  3.6744  4.6705 -0.8234  9.7431  7.6775  6.8645  6.5948  6.4573
  64  0.577501  3.6778  4.6673 -0.8034  9.6172  7.5969  6.8049  6.5423  6.4098
  65  0.581858  3.6811  4.6641 -0.7837  9.4922  7.5184  6.7466  6.4907  6.3628
  66  0.586166  3.6843  4.6607 -0.7642  9.3640  7.4418  6.6898  6.4404  6.3169
  67  0.590413  3.6875  4.6573 -0.7450  9.2375  7.3673  6.6343  6.3910  6.2720
  68  0.594608  3.6905  4.6536 -0.7260  9.1149  7.2952  6.5801  6.3427  6.2276
  69  0.598745  3.6935  4.6499 -0.7074  8.9963  7.2253  6.5272  6.2952  6.1841
  70  0.602826  3.6964  4.6460 -0.6890  8.8825  7.1575  6.4751  6.2485  6.1412
  71  0.606843  3.6993  4.6421 -0.6708  8.7739  7.0917  6.4242  6.2025  6.0991
  72  0.610806  3.7020  4.6380 -0.6528  8.6797  7.0284  6.3737  6.1571  6.0573
  73  0.614704  3.7048  4.6339 -0.6351  8.5900  6.9669  6.3242  6.1124  6.0163
  74  0.618542  3.7074  4.6297 -0.6176  8.5044  6.9071  6.2756  6.0684  5.9759
  75  0.622322  3.7100  4.6254 -0.6003  8.4220  6.8489  6.2280  6.0252  5.9362
  76  0.626040  3.7125  4.6211 -0.5833  8.3421  6.7921  6.1812  5.9827  5.8971
  77  0.629698  3.7150  4.6167 -0.5665  8.2643  6.7368  6.1355  5.9410  5.8587
  78  0.633294  3.7174  4.6122 -0.5499  8.1856  6.6826  6.0908  5.9002  5.8210
  79  0.636834  3.7196  4.6075 -0.5336  8.1055  6.6294  6.0470  5.8601  5.7838
  80  0.640308  3.7219  4.6029 -0.5175  8.0269  6.5775  6.0043  5.8208  5.7473
  81  0.643721  3.7242  4.5982 -0.5017  7.9498  6.5267  5.9623  5.7823  5.7114
  82  0.648300  3.7271  4.5915 -0.4803  7.8475  6.4590  5.9063  5.7305  5.6632
  83  0.652832  3.7299  4.5846 -0.4590  7.7475  6.3925  5.8508  5.6794  5.6155
  84  0.657310  3.7327  4.5775 -0.4379  7.6497  6.3269  5.7962  5.6288  5.5681
  85  0.661722  3.7353  4.5701 -0.4170  7.5560  6.2624  5.7422  5.5790  5.5213
  86  0.666066  3.7379  4.5626 -0.3961  7.4654  6.1990  5.6890  5.5298  5.4752
  87  0.670339  3.7404  4.5547 -0.3756  7.3776  6.1369  5.6367  5.4811  5.4294
  88  0.674533  3.7428  4.5468 -0.3551  7.2922  6.0756  5.5850  5.4332  5.3841
  89  0.678651  3.7452  4.5385 -0.3349  7.2096  6.0157  5.5340  5.3857  5.3394
  90  0.682690  3.7474  4.5299 -0.3149  7.1297  5.9567  5.4837  5.3387  5.2949
  91  0.686651  3.7495  4.5212 -0.2950  7.0522  5.8986  5.4339  5.2922  5.2507
  92  0.690531  3.7516  4.5122 -0.2753  6.9772  5.8416  5.3845  5.2460  5.2069
  93  0.694335  3.7536  4.5027 -0.2556  6.9044  5.7853  5.3358  5.2001  5.1631
  94  0.698064  3.7554  4.4932 -0.2362  6.8333  5.7298  5.2874  5.1546  5.1196
  95  0.701716  3.7572  4.4833 -0.2169  6.7640  5.6751  5.2394  5.1093  5.0764
  96  0.705286  3.7590  4.4731 -0.1976  6.6964  5.6210  5.1918  5.0643  5.0332
  97  0.708778  3.7606  4.4626 -0.1786  6.6306  5.5677  5.1446  5.0195  4.9901
  98  0.712186  3.7621  4.4519 -0.1595  6.5663  5.5151  5.0978  4.9750  4.9472
  99  0.715510  3.7636  4.4409 -0.1407  6.5034  5.4630  5.0513  4.9308  4.9045
 100  0.718750  3.7650  4.4298 -0.1220  6.4412  5.4118  5.0055  4.8869  4.8621
 101  0.721904  3.7663  4.4185 -0.1035  6.3804  5.3612  4.9600  4.8435  4.8200
 102  0.724974  3.7675  4.4069 -0.0850  6.3211  5.3112  4.9149  4.8002  4.7779
 103  0.727962  3.7687  4.3950 -0.0667  6.2633  5.2620  4.8703  4.7572  4.7360
 104  0.730866  3.7698  4.3831 -0.0487  6.2068  5.2134  4.8259  4.7146  4.6945
 105  0.733690  3.7708  4.3710 -0.0307  6.1515  5.1654  4.7821  4.6722  4.6533
 106  0.736441  3.7718  4.3589 -0.0130  6.0976  5.1181  4.7386  4.6303  4.6122
 107  0.739121  3.7728  4.3466  0.0045  6.0449  5.0715  4.6956  4.5886  4.5715
 108  0.741738  3.7737  4.3342  0.0219  5.9935  5.0255  4.6530  4.5474  4.5310
 109  0.744302  3.7745  4.3218  0.0391  5.9433  4.9802  4.6108  4.5064  4.4908
 110  0.746830  3.7752  4.3093  0.0560  5.8942  4.9354  4.5691  4.4658  4.4509
 111  0.749209  3.7760  4.2970  0.0727  5.8456  4.8913  4.5280  4.4259  4.4118
 112  0.749980  3.7763  4.2931  0.0783  5.8289  4.8763  4.5143  4.4127  4.3989
 113  0.750749  3.7766  4.2892  0.0840  5.8121  4.8613  4.5005  4.3994  4.3859
 114  0.751517  3.7769  4.2853  0.0896  5.7953  4.8462  4.4866  4.3860  4.3727
 115  0.752282  3.7772  4.2812  0.0953  5.7785  4.8310  4.4725  4.3725  4.3595
 116  0.753046  3.7775  4.2770  0.1010  5.7620  4.8159  4.4584  4.3588  4.3461
 117  0.753805  3.7777  4.2726  0.1068  5.7457  4.8007  4.4442  4.3448  4.3324
 118  0.754560  3.7779  4.2679  0.1127  5.7295  4.7854  4.4298  4.3307  4.3185
 119  0.755312  3.7781  4.2632  0.1186  5.7133  4.7701  4.4152  4.3164  4.3044
 120  0.756059  3.7783  4.2583  0.1246  5.6971  4.7546  4.4004  4.3020  4.2901
 121  0.756802  3.7784  4.2533  0.1306  5.6809  4.7391  4.3855  4.2874  4.2756
 122  0.757542  3.7785  4.2482  0.1367  5.6648  4.7236  4.3705  4.2726  4.2608
 123  0.758279  3.7786  4.2430  0.1427  5.6487  4.7079  4.3554  4.2576  4.2460
 124  0.759007  3.7788  4.2377  0.1489  5.6324  4.6919  4.3400  4.2425  4.2310
 125  0.759736  3.7789  4.2324  0.1551  5.6161  4.6760  4.3246  4.2273  4.2160
 126  0.760463  3.7790  4.2269  0.1613  5.5999  4.6601  4.3091  4.2120  4.2007
 127  0.761187  3.7790  4.2213  0.1676  5.5838  4.6442  4.2936  4.1965  4.1853
 128  0.761907  3.7791  4.2157  0.1739  5.5675  4.6280  4.2778  4.1810  4.1699
 129  0.762624  3.7792  4.2100  0.1803  5.5513  4.6119  4.2620  4.1654  4.1543
 130  0.763338  3.7792  4.2041  0.1867  5.5352  4.5958  4.2461  4.1495  4.1383
 131  0.764048  3.7792  4.1981  0.1931  5.5193  4.5796  4.2301  4.1335  4.1223
 132  0.764753  3.7792  4.1919  0.1996  5.5033  4.5634  4.2139  4.1173  4.1062
 133  0.765454  3.7791  4.1855  0.2061  5.4875  4.5472  4.1977  4.1010  4.0898
 134  0.766150  3.7790  4.1791  0.2127  5.4717  4.5309  4.1813  4.0845  4.0731
 135  0.766841  3.7789  4.1723  0.2193  5.4561  4.5146  4.1647  4.0678  4.0563
 136  0.767527  3.7788  4.1655  0.2260  5.4404  4.4983  4.1481  4.0510  4.0394
 137  0.768207  3.7786  4.1585  0.2328  5.4250  4.4818  4.1313  4.0340  4.0221
 138  0.768879  3.7784  4.1513  0.2395  5.4098  4.4655  4.1143  4.0168  4.0047
 139  0.769547  3.7781  4.1439  0.2463  5.3948  4.4491  4.0972  3.9994  3.9869
 140  0.770209  3.7779  4.1363  0.2531  5.3800  4.4326  4.0799  3.9817  3.9690
 141  0.770862  3.7775  4.1284  0.2600  5.3653  4.4162  4.0626  3.9640  3.9510
 142  0.771510  3.7772  4.1203  0.2669  5.3511  4.3998  4.0451  3.9460  3.9325
 143  0.772149  3.7767  4.1121  0.2739  5.3370  4.3835  4.0274  3.9277  3.9139
 144  0.772783  3.7763  4.1035  0.2810  5.3235  4.3673  4.0097  3.9094  3.8949
 145  0.773407  3.7758  4.0947  0.2880  5.3102  4.3510  3.9918  3.8907  3.8758
 146  0.774024  3.7752  4.0856  0.2951  5.2973  4.3349  3.9738  3.8719  3.8564
 147  0.774633  3.7745  4.0761  0.3022  5.2852  4.3189  3.9557  3.8528  3.8366
 148  0.775233  3.7738  4.0663  0.3094  5.2737  4.3031  3.9374  3.8336  3.8165
 149  0.775826  3.7729  4.0561  0.3165  5.2631  4.2875  3.9191  3.8140  3.7961
 150  0.776409  3.7720  4.0454  0.3238  5.2533  4.2722  3.9006  3.7942  3.7754
 151  0.776984  3.7709  4.0343  0.3310  5.2446  4.2573  3.8821  3.7741  3.7542
 152  0.777552  3.7699  4.0232  0.3383  5.2359  4.2422  3.8634  3.7541  3.7330
 153  0.778110  3.7688  4.0119  0.3455  5.2276  4.2273  3.8448  3.7338  3.7116
 154  0.778662  3.7676  4.0002  0.3528  5.2199  4.2124  3.8260  3.7135  3.6900
 155  0.779203  3.7664  3.9882  0.3602  5.2131  4.1980  3.8071  3.6929  3.6681
 156  0.779738  3.7650  3.9759  0.3676  5.2075  4.1839  3.7883  3.6720  3.6459
 157  0.780263  3.7636  3.9631  0.3749  5.2028  4.1701  3.7695  3.6511  3.6234
 158  0.780782  3.7620  3.9498  0.3822  5.1989  4.1570  3.7508  3.6301  3.6008
 159  0.781290  3.7601  3.9352  0.3894  5.1985  4.1452  3.7326  3.6089  3.5775
 160  0.781787  3.7580  3.9196  0.3967  5.2015  4.1349  3.7145  3.5875  3.5537
 161  0.782269  3.7556  3.9033  0.4039  5.2066  4.1254  3.6966  3.5661  3.5297
 162  0.782743  3.7529  3.8858  0.4109  5.2166  4.1178  3.6794  3.5448  3.5052
 163  0.783212  3.7500  3.8667  0.4185  5.2280  4.1098  3.6609  3.5218  3.4790
 164  0.783674  3.7469  3.8464  0.4267  5.2416  4.1015  3.6412  3.4973  3.4509
 165  0.784127  3.7437  3.8246  0.4358  5.2562  4.0919  3.6196  3.4706  3.4204
 166  0.784566  3.7404  3.8016  0.4462  5.2688  4.0796  3.5952  3.4413  3.3873
 167  0.784985  3.7374  3.7779  0.4578  5.2773  4.0637  3.5678  3.4091  3.3513
 168  0.785381  3.7346  3.7540  0.4708  5.2800  4.0436  3.5372  3.3740  3.3130
 169  0.785754  3.7321  3.7302  0.4849  5.2762  4.0194  3.5038  3.3367  3.2726
 170  0.786104  3.7300  3.7069  0.5000  5.2665  3.9916  3.4679  3.2973  3.2308
 171  0.786436  3.7282  3.6842  0.5158  5.2509  3.9605  3.4301  3.2567  3.1879
 172  0.786752  3.7267  3.6620  0.5320  5.2307  3.9270  3.3909  3.2150  3.1443
 173  0.787054  3.7254  3.6402  0.5488  5.2065  3.8917  3.3506  3.1725  3.1002
 174  0.787345  3.7243  3.6190  0.5658  5.1788  3.8547  3.3095  3.1296  3.0557
 175  0.787628  3.7234  3.5981  0.5829  5.1487  3.8165  3.2676  3.0862  3.0111
 176  0.787903  3.7226  3.5777  0.6003  5.1159  3.7771  3.2253  3.0425  2.9664
 177  0.788174  3.7219  3.5574  0.6178  5.0817  3.7371  3.1827  2.9986  2.9215
 178  0.788438  3.7212  3.5374  0.6354  5.0461  3.6964  3.1397  2.9545  2.8765
 179  0.788698  3.7206  3.5176  0.6530  5.0093  3.6552  3.0964  2.9102  2.8315
 180  0.788955  3.7201  3.4979  0.6707  4.9716  3.6135  3.0530  2.8659  2.7864
 181  0.789209  3.7195  3.4782  0.6885  4.9337  3.5718  3.0095  2.8216  2.7413
 182  0.789418  3.7191  3.4619  0.7032  4.9021  3.5373  2.9735  2.7849  2.7041
 183  0.789625  3.7187  3.4456  0.7180  4.8698  3.5023  2.9373  2.7479  2.6666
 184  0.789833  3.7183  3.4294  0.7329  4.8368  3.4669  2.9006  2.7108  2.6288
 185  0.790039  3.7180  3.4131  0.7479  4.8033  3.4311  2.8638  2.6733  2.5909
 186  0.790247  3.7176  3.3967  0.7630  4.7697  3.3952  2.8268  2.6357  2.5528
 187  0.790453  3.7172  3.3801  0.7783  4.7357  3.3588  2.7892  2.5976  2.5142
 188  0.790659  3.7169  3.3633  0.7938  4.7007  3.3217  2.7510  2.5588  2.4749
 189  0.790864  3.7166  3.3464  0.8095  4.6651  3.2841  2.7125  2.5197  2.4353
 190  0.791069  3.7163  3.3293  0.8255  4.6288  3.2460  2.6733  2.4800  2.3950
 191  0.791272  3.7159  3.3117  0.8417  4.5914  3.2070  2.6333  2.4395  2.3540
 192  0.791475  3.7156  3.2936  0.8585  4.5527  3.1667  2.5922  2.3978  2.3118
 193  0.791671  3.7152  3.2746  0.8763  4.5115  3.1240  2.5485  2.3535  2.2670
 194  0.791861  3.7148  3.2541  0.8953  4.4677  3.0784  2.5017  2.3061  2.2190
 195  0.792048  3.7144  3.2328  0.9150  4.4229  3.0315  2.4534  2.2571  2.1693
 196  0.792229  3.7139  3.2104  0.9356  4.3766  2.9825  2.4031  2.2059  2.1174
 197  0.792408  3.7134  3.1873  0.9567  4.3288  2.9322  2.3512  2.1531  2.0639
 198  0.792582  3.7129  3.1636  0.9785  4.2795  2.8802  2.2978  2.0989  2.0089
 199  0.792751  3.7124  3.1391  1.0010  4.2293  2.8270  2.2428  2.0430  1.9522
 200  0.792916  3.7118  3.1141  1.0239  4.1778  2.7726  2.1866  1.9859  1.8942
 201  0.793077  3.7112  3.0882  1.0474  4.1259  2.7170  2.1290  1.9272  1.8346
 202  0.793234  3.7106  3.0616  1.0716  4.0732  2.6603  2.0701  1.8672  1.7736
 203  0.793386  3.7099  3.0345  1.0961  4.0195  2.6024  2.0100  1.8059  1.7114
 204  0.793532  3.7093  3.0066  1.1212  3.9651  2.5435  1.9485  1.7432  1.6475
 205  0.793674  3.7085  2.9780  1.1469  3.9108  2.4839  1.8861  1.6792  1.5825
 206  0.793812  3.7077  2.9486  1.1730  3.8563  2.4236  1.8226  1.6143  1.5161
 207  0.793944  3.7068  2.9186  1.1995  3.8016  2.3624  1.7581  1.5480  1.4487
 208  0.794071  3.7058  2.8879  1.2265  3.7468  2.3007  1.6926  1.4809  1.3801
 209  0.794193  3.7048  2.8568  1.2538  3.6917  2.2381  1.6264  1.4128  1.3106
 210  0.794311  3.7038  2.8251  1.2815  3.6365  2.1750  1.5592  1.3437  1.2400
 211  0.794424  3.7028  2.7928  1.3095  3.5815  2.1114  1.4914  1.2739  1.1685
 212  0.794532  3.7017  2.7602  1.3380  3.5263  2.0471  1.4227  1.2032  1.0962
 213  0.794635  3.7002  2.7258  1.3666  3.4769  1.9846  1.3543  1.1320  1.0229
 214  0.794734  3.6994  2.6935  1.3956  3.4175  1.9175  1.2836  1.0598  0.9495
 215  0.794828  3.6981  2.6595  1.4248  3.3665  1.8522  1.2131  0.9870  0.8749
 216  0.794918  3.6969  2.6251  1.4543  3.3163  1.7866  1.1420  0.9136  0.7998
 217  0.794932  3.6967  2.6195  1.4591  3.3083  1.7760  1.1306  0.9016  0.7876
 218  0.794946  3.6965  2.6140  1.4638  3.3001  1.7654  1.1190  0.8897  0.7754
 219  0.794960  3.6963  2.6083  1.4686  3.2922  1.7547  1.1075  0.8778  0.7631
 220  0.794973  3.6961  2.6027  1.4735  3.2840  1.7440  1.0959  0.8657  0.7508
 221  0.794987  3.6959  2.5970  1.4783  3.2759  1.7333  1.0841  0.8537  0.7385
 222  0.795001  3.6957  2.5913  1.4832  3.2679  1.7225  1.0724  0.8416  0.7261
 223  0.795015  3.6954  2.5856  1.4880  3.2597  1.7116  1.0606  0.8294  0.7136
 224  0.795028  3.6952  2.5798  1.4930  3.2517  1.7008  1.0488  0.8171  0.7011
 225  0.795042  3.6950  2.5740  1.4979  3.2436  1.6899  1.0370  0.8048  0.6884
 226  0.795055  3.6948  2.5682  1.5028  3.2354  1.6789  1.0249  0.7925  0.6758
 227  0.795181  3.6926  2.5109  1.5515  3.1576  1.5718  0.9081  0.6714  0.5518
 228  0.795295  3.6903  2.4532  1.5998  3.0855  1.4671  0.7925  0.5512  0.4282
 229  0.795399  3.6879  2.3961  1.6474  3.0183  1.3651  0.6791  0.4330  0.3066
 230  0.795492  3.6855  2.3410  1.6931  2.9566  1.2682  0.5707  0.3198  0.1900
 231  0.795577  3.6833  2.2899  1.7354  2.9009  1.1790  0.4704  0.2150  0.0820
 232  0.795656  3.6815  2.2485  1.7698  2.8555  1.1067  0.3892  0.1298 -0.0058
 233  0.795732  3.6810  2.2325  1.7838  2.8314  1.0755  0.3555  0.0950 -0.0414
 234  0.795809  3.6825  2.2535  1.7685  2.8376  1.1027  0.3896  0.1323 -0.0020
 235  0.795894  3.6796  2.1909  1.8197  2.7722  0.9966  0.2694  0.0059 -0.1326
 236  0.795968  3.6766  2.1251  1.8735  2.7034  0.8861  0.1438 -0.1263 -0.2696
 237  0.796035  3.6737  2.0601  1.9266  2.6376  0.7779  0.0205 -0.2563 -0.4043
 238  0.796093  3.6707  1.9980  1.9772  2.5774  0.6759 -0.0965 -0.3799 -0.5325
 239  0.796146  3.6678  1.9362  2.0270  2.5237  0.5778 -0.2105 -0.5007 -0.6582
 240  0.796192  3.6648  1.8763  2.0752  2.4750  0.4839 -0.3203 -0.6174 -0.7798
 241  0.796234  3.6618  1.8168  2.1229  2.4305  0.3922 -0.4283 -0.7325 -0.9000
 242  0.796272  3.6588  1.7576  2.1702  2.3907  0.3028 -0.5346 -0.8460 -1.0187
 243  0.796306  3.6559  1.6996  2.2164  2.3546  0.2163 -0.6379 -0.9567 -1.1345
 244  0.796336  3.6530  1.6436  2.2610  2.3227  0.1341 -0.7368 -1.0629 -1.2459
 245  0.796364  3.6501  1.5874  2.3055  2.2943  0.0535 -0.8347 -1.1684 -1.3568
 246  0.796389  3.6473  1.5333  2.3483  2.2699 -0.0228 -0.9283 -1.2694 -1.4631
 247  0.796412  3.6444  1.4796  2.3905  2.2499 -0.0964 -1.0196 -1.3685 -1.5676
 248  0.796432  3.6414  1.4269  2.4315  2.2357 -0.1660 -1.1079 -1.4646 -1.6692
 249  0.796451  3.6386  1.3747  2.4720  2.2253 -0.2328 -1.1938 -1.5588 -1.7688
 250  0.796469  3.6357  1.3238  2.5113  2.2181 -0.2964 -1.2766 -1.6498 -1.8655
 251  0.796485  3.6328  1.2736  2.5498  2.2142 -0.3574 -1.3571 -1.7388 -1.9601
 252  0.796499  3.6299  1.2242  2.5877  2.2136 -0.4157 -1.4352 -1.8256 -2.0526
 253  0.796512  3.6271  1.1762  2.6244  2.2154 -0.4710 -1.5103 -1.9094 -2.1424
 254  0.796524  3.6242  1.1286  2.6607  2.2202 -0.5241 -1.5836 -1.9918 -2.2306
 255  0.796535  3.6215  1.0824  2.6960  2.2279 -0.5741 -1.6542 -2.0711 -2.3158
 256  0.796546  3.6188  1.0368  2.7308  2.2382 -0.6219 -1.7230 -2.1489 -2.3997
 257  0.796555  3.6161  0.9924  2.7645  2.2508 -0.6666 -1.7886 -2.2237 -2.4806
 258  0.796564  3.6134  0.9488  2.7974  2.2666 -0.7083 -1.8516 -2.2962 -2.5595
 259  0.796572  3.6107  0.9058  2.8297  2.2840 -0.7481 -1.9126 -2.3671 -2.6367
 260  0.796580  3.6081  0.8637  2.8613  2.3021 -0.7859 -1.9713 -2.4358 -2.7120
 261  0.796587  3.6055  0.8225  2.8923  2.3216 -0.8214 -2.0278 -2.5027 -2.7858
 262  0.796594  3.6030  0.7820  2.9226  2.3414 -0.8552 -2.0822 -2.5676 -2.8576
 263  0.796600  3.6005  0.7427  2.9521  2.3622 -0.8872 -2.1356 -2.6307 -2.9274
 264  0.796605  3.5981  0.7039  2.9811  2.3839 -0.9175 -2.1872 -2.6924 -2.9960
 265  0.796611  3.5957  0.6660  3.0095  2.4061 -0.9457 -2.2363 -2.7521 -3.0629
 266  0.796616  3.5934  0.6288  3.0373  2.4281 -0.9724 -2.2835 -2.8105 -3.1285
 267  0.796621  3.5911  0.5924  3.0646  2.4507 -0.9971 -2.3284 -2.8669 -3.1925
 268  0.796625  3.5888  0.5567  3.0912  2.4733 -1.0198 -2.3708 -2.9216 -3.2551
 269  0.796629  3.5866  0.5221  3.1171  2.4946 -1.0413 -2.4111 -2.9745 -3.3160
 270  0.796633  3.5844  0.4880  3.1424  2.5187 -1.0594 -2.4480 -3.0253 -3.3754
 271  0.796637  3.5822  0.4545  3.1673  2.5447 -1.0747 -2.4822 -3.0744 -3.4338
 272  0.796641  3.5802  0.4217  3.1916  2.5689 -1.0889 -2.5145 -3.1221 -3.4908
 273  0.796644  3.5779  0.3886  3.2155  2.5990 -1.0983 -2.5433 -3.1672 -3.5468
 274  0.796647  3.5758  0.3572  3.2387  2.6208 -1.1107 -2.5726 -3.2120 -3.6015
 275  0.796650  3.5738  0.3265  3.2613  2.6413 -1.1219 -2.5994 -3.2554 -3.6549
 276  0.796653  3.5719  0.2966  3.2835  2.6605 -1.1318 -2.6239 -3.2971 -3.7071
 277  0.796656  3.5700  0.2675  3.3049  2.6794 -1.1396 -2.6451 -3.3366 -3.7574
 278  0.796658  3.5682  0.2397  3.3255  2.6954 -1.1469 -2.6644 -3.3743 -3.8058
 279  0.796696  3.5667  0.2170  3.3425  2.7061 -1.1540 -2.6805 -3.4060 -3.8461
